[[0, 0, 0, 0, 0, 0, 0, 0, 0, 0, 0], [0, 0, 0, 0, 0, 0, 0, 0, 0, 0, 0], [0, 0, 0, 0, 0, 0, 0, 0, 0, 0, 0], [0, 0, 0, 0, 0, 0, 0, 0, 0, 0, 0]]
Arch_Param: [64, 4096, 32768, 4, 256, 16]
Samsung_cost: [19655077912.77778, [400883.02777777775, 51312164, 820922876, 6444068, 102001340, 797857]] [15344464398.0, [309231.0, 39567471, 633078168, 4912239, 85328280, 668271]] [1279922620.0, [26090.0, 3338270, 53412240, 417310, 6676880, 52170]] [20878161084.0, [425444.0, 54454342, 871269392, 6806854, 108909584, 850868]] [1572592988.0, [32050.0, 4101638, 65626136, 512710, 8203288, 64094]] [1176600428946.0, [23974926.0, 3068770335, 49100323449, 383602047, 6138057081, 47954907]] [36925730428.0, [752720.0, 96346230, 1541539680, 12113014, 192137056, 1505424]]
Model_cost: [14995043570.951668, [971.1054166666667, 41814564, 668963196, 2718628, 49399997, 195874]] [3918802578.0, [3786.0, 5333103, 85328280, 86895, 77870232, 304299]] [302432774.6666667, [12.666666666666666, 390430, 6246800, 13150, 6246800, 26250]] [5057333439.333334, [1270.8333333333333, 6635334, 106001424, 38734, 103508112, 416027]] [925290842.4, [182.8, 2171654, 34746392, 150150, 7768280, 30576]] [296922961793.4001, [629.5500000000001, 383626383, 6138011769, 5340891, 6137123253, 23973306]] [1383695462.3134615, [75.22548076923076, 2054902, 32837664, 78110, 25504800, 102416]]
Arch_Param: [64, 4096, 32768, 4, 512, 16]
Samsung_cost: [19552454602.77778, [400883.02777777775, 25656353, 820922876, 6444065, 102001340, 797857]] [15265329678.0, [309231.0, 19783791, 633078168, 4912239, 85328280, 668271]] [1273245880.0, [26090.0, 1669140, 53412240, 417300, 6676880, 52170]] [20769251760.0, [425444.0, 27227176, 871269392, 6806824, 108909584, 850868]] [1564389724.0, [32050.0, 2050822, 65626136, 512710, 8203288, 64094]] [1170462888594.0, [23974926.0, 1534385247, 49100323449, 383602047, 6138057081, 47954907]] [36733036670.0, [752720.0, 48173115, 1541539680, 12112955, 192137056, 1505424]]
Model_cost: [14911415460.951668, [971.1054166666667, 20907553, 668963196, 2718625, 49399997, 195874]] [3908136594.0, [3786.0, 2666607, 85328280, 86895, 77870232, 304299]] [301651714.6666667, [12.666666666666666, 195220, 6246800, 13140, 6246800, 26250]] [5044103091.333334, [1270.8333333333333, 3327912, 106001424, 38704, 103508112, 416027]] [920988506.4, [182.8, 1096070, 34746392, 150150, 7768280, 30576]] [296155710881.4001, [629.5500000000001, 191813655, 6138011769, 5340891, 6137123253, 23973306]] [1379584360.3134615, [75.22548076923076, 1027451, 32837664, 78051, 25504800, 102416]]
Arch_Param: [64, 4096, 32768, 4, 1024, 16]
Samsung_cost: [19501168586.77778, [400883.02777777775, 12834849, 820922876, 6444065, 102001340, 797857]] [15225762318.0, [309231.0, 9891951, 633078168, 4912239, 85328280, 668271]] [1269907380.0, [26090.0, 834570, 53412240, 417290, 6676880, 52170]] [20714796968.0, [425444.0, 13613588, 871269392, 6806804, 108909584, 850868]] [1560288092.0, [32050.0, 1025414, 65626136, 512710, 8203288, 64094]] [1167394118418.0, [23974926.0, 767192703, 49100323449, 383602047, 6138057081, 47954907]] [36636689830.0, [752720.0, 24086559, 1541539680, 12112927, 192137056, 1505424]]
Model_cost: [14869626276.951668, [971.1054166666667, 10460257, 668963196, 2718625, 49399997, 195874]] [3902803602.0, [3786.0, 1333359, 85328280, 86895, 77870232, 304299]] [301286654.6666667, [12.666666666666666, 104010, 6246800, 13130, 6246800, 26250]] [5037513387.333334, [1270.8333333333333, 1680596, 106001424, 38684, 103508112, 416027]] [918298720.0, [183.0, 547334, 34713624, 158342, 7767768, 30384]] [295772085425.4001, [629.5500000000001, 95907291, 6138011769, 5340891, 6137123253, 23973306]] [1377535120.3134615, [75.22548076923076, 515295, 32837664, 78023, 25504800, 102416]]
Arch_Param: [64, 4096, 32768, 8, 256, 16]
Samsung_cost: [9876323523.444445, [201309.69444444444, 25765412, 412205564, 3236900, 51464892, 403041]] [15344464398.0, [309231.0, 39567471, 633078168, 4912239, 85328280, 668271]] [1279922620.0, [26090.0, 3338270, 53412240, 417310, 6676880, 52170]] [20878161084.0, [425444.0, 54454342, 871269392, 6806854, 108909584, 850868]] [1514977764.0, [30876.0, 3951366, 63221784, 493926, 7902744, 61746]] [1176600428946.0, [23974926.0, 3068770335, 49100323449, 383602047, 6138057081, 47954907]] [36469554300.0, [743120.0, 95117430, 1521878880, 11924598, 190236512, 1490576]]
Model_cost: [8693056776.338333, [533.0120833333333, 22447780, 359125692, 1456932, 49399997, 195874]] [3918802578.0, [3786.0, 5333103, 85328280, 86895, 77870232, 304299]] [302432774.6666667, [12.666666666666666, 390430, 6246800, 13150, 6246800, 26250]] [5057333439.333334, [1270.8333333333333, 6635334, 106001424, 38734, 103508112, 416027]] [571829828.9777778, [95.17777777777778, 1085830, 17373208, 75078, 7768280, 30576]] [296922961793.4001, [629.5500000000001, 383626383, 6138011769, 5340891, 6137123253, 23973306]] [1295582318.771154, [57.24182692307692, 1783542, 28515872, 51230, 25504800, 102416]]
Arch_Param: [64, 4096, 32768, 8, 512, 16]
Samsung_cost: [9824793717.444445, [201309.69444444444, 12882977, 412205564, 3236897, 51464892, 403041]] [15265329678.0, [309231.0, 19783791, 633078168, 4912239, 85328280, 668271]] [1273245880.0, [26090.0, 1669140, 53412240, 417300, 6676880, 52170]] [20769251760.0, [425444.0, 27227176, 871269392, 6806824, 108909584, 850868]] [1507075044.0, [30876.0, 1975686, 63221784, 493926, 7902744, 61746]] [1170462888594.0, [23974926.0, 1534385247, 49100323449, 383602047, 6138057081, 47954907]] [36279318142.0, [743120.0, 47558715, 1521878880, 11924539, 190236512, 1490576]]
Model_cost: [8648162234.338333, [533.0120833333333, 11224161, 359125692, 1456929, 49399997, 195874]] [3908136594.0, [3786.0, 2666607, 85328280, 86895, 77870232, 304299]] [301651714.6666667, [12.666666666666666, 195220, 6246800, 13140, 6246800, 26250]] [5044103091.333334, [1270.8333333333333, 3327912, 106001424, 38704, 103508112, 416027]] [569675349.7777778, [95.77777777777777, 543942, 17356824, 91462, 7767768, 30384]] [296155710881.4001, [629.5500000000001, 191813655, 6138011769, 5340891, 6137123253, 23973306]] [1292013936.771154, [57.24182692307692, 891771, 28515872, 51171, 25504800, 102416]]
Arch_Param: [64, 4096, 32768, 8, 1024, 16]
Samsung_cost: [9799042165.444445, [201309.69444444444, 6445089, 412205564, 3236897, 51464892, 403041]] [15225762318.0, [309231.0, 9891951, 633078168, 4912239, 85328280, 668271]] [1269907380.0, [26090.0, 834570, 53412240, 417290, 6676880, 52170]] [20714796968.0, [425444.0, 13613588, 871269392, 6806804, 108909584, 850868]] [1503123684.0, [30876.0, 987846, 63221784, 493926, 7902744, 61746]] [1167394118418.0, [23974926.0, 767192703, 49100323449, 383602047, 6138057081, 47954907]] [36184200102.0, [743120.0, 23779359, 1521878880, 11924511, 190236512, 1490576]]
Model_cost: [8625727418.338333, [533.0120833333333, 5615457, 359125692, 1456929, 49399997, 195874]] [3902803602.0, [3786.0, 1333359, 85328280, 86895, 77870232, 304299]] [301286654.6666667, [12.666666666666666, 104010, 6246800, 13130, 6246800, 26250]] [5037513387.333334, [1270.8333333333333, 1680596, 106001424, 38684, 103508112, 416027]] [568323925.7777778, [95.77777777777777, 273670, 17356824, 79174, 7767768, 30384]] [295772085425.4001, [629.5500000000001, 95907291, 6138011769, 5340891, 6137123253, 23973306]] [1290232984.771154, [57.24182692307692, 446687, 28515872, 51143, 25504800, 102416]]
Arch_Param: [64, 4096, 32768, 16, 256, 16]
Samsung_cost: [9631393560.777779, [196211.02777777778, 25112100, 401767932, 3146788, 50350780, 394337]] [15344464398.0, [309231.0, 39567471, 633078168, 4912239, 85328280, 668271]] [1279922620.0, [26090.0, 3338270, 53412240, 417310, 6676880, 52170]] [20878161084.0, [425444.0, 54454342, 871269392, 6806854, 108909584, 850868]] [1498733608.0, [30545.0, 3908998, 62543896, 488630, 7818008, 61084]] [1176600428946.0, [23974926.0, 3068770335, 49100323449, 383602047, 6138057081, 47954907]] [36419300476.0, [742096.0, 94986358, 1519781728, 11908214, 189974368, 1488528]]
Model_cost: [5543207674.018333, [313.07208333333335, 12767908, 204263100, 826404, 49399997, 195874]] [3918802578.0, [3786.0, 5333103, 85328280, 86895, 77870232, 304299]] [302432774.6666667, [12.666666666666666, 390430, 6246800, 13150, 6246800, 26250]] [5057333439.333334, [1270.8333333333333, 6635334, 106001424, 38734, 103508112, 416027]] [394519204.4888889, [50.58888888888889, 542918, 8686616, 11174, 7768280, 30576]] [296922961793.4001, [629.5500000000001, 383626383, 6138011769, 5340891, 6137123253, 23973306]] [1251441055.8, [49.85, 1647862, 26354976, 34590, 25504800, 101904]]
Arch_Param: [64, 4096, 32768, 16, 512, 16]
Samsung_cost: [9581170378.777779, [196211.02777777778, 12556321, 401767932, 3146785, 50350780, 394337]] [15265329678.0, [309231.0, 19783791, 633078168, 4912239, 85328280, 668271]] [1273245880.0, [26090.0, 1669140, 53412240, 417300, 6676880, 52170]] [20769251760.0, [425444.0, 27227176, 871269392, 6806824, 108909584, 850868]] [1490915624.0, [30545.0, 1954502, 62543896, 488630, 7818008, 61084]] [1170462888594.0, [23974926.0, 1534385247, 49100323449, 383602047, 6138057081, 47954907]] [36229326462.0, [742096.0, 47493179, 1519781728, 11908155, 189974368, 1488528]]
Model_cost: [5517672876.018333, [313.07208333333335, 6384225, 204263100, 826401, 49399997, 195874]] [3908136594.0, [3786.0, 2666607, 85328280, 86895, 77870232, 304299]] [301651714.6666667, [12.666666666666666, 195220, 6246800, 13140, 6246800, 26250]] [5044103091.333334, [1270.8333333333333, 3327912, 106001424, 38704, 103508112, 416027]] [393432122.8888889, [51.388888888888886, 271974, 8678424, 19366, 7767768, 30384]] [296155710881.4001, [629.5500000000001, 191813655, 6138011769, 5340891, 6137123253, 23973306]] [1248144033.8, [49.85, 823931, 26354976, 34531, 25504800, 101904]]
Arch_Param: [64, 4096, 32768, 16, 1024, 16]
Samsung_cost: [9556065994.777779, [196211.02777777778, 6280225, 401767932, 3146785, 50350780, 394337]] [15225762318.0, [309231.0, 9891951, 633078168, 4912239, 85328280, 668271]] [1269907380.0, [26090.0, 834570, 53412240, 417290, 6676880, 52170]] [20714796968.0, [425444.0, 13613588, 871269392, 6806804, 108909584, 850868]] [1487006632.0, [30545.0, 977254, 62543896, 488630, 7818008, 61084]] [1167394118418.0, [23974926.0, 767192703, 49100323449, 383602047, 6138057081, 47954907]] [36134339494.0, [742096.0, 23746591, 1519781728, 11908127, 189974368, 1488528]]
Model_cost: [5504911788.018333, [313.07208333333335, 3193953, 204263100, 826401, 49399997, 195874]] [3902803602.0, [3786.0, 1333359, 85328280, 86895, 77870232, 304299]] [301286654.6666667, [12.666666666666666, 104010, 6246800, 13130, 6246800, 26250]] [5037513387.333334, [1270.8333333333333, 1680596, 106001424, 38684, 103508112, 416027]] [392756410.8888889, [51.388888888888886, 136838, 8678424, 13222, 7767768, 30384]] [295772085425.4001, [629.5500000000001, 95907291, 6138011769, 5340891, 6137123253, 23973306]] [1246497225.8, [49.85, 412383, 26354976, 34503, 25504800, 101904]]
Arch_Param: [64, 4096, 32768, 32, 256, 16]
Samsung_cost: [9508928579.444445, [193661.69444444444, 24785444, 396549116, 3101732, 49793724, 389985]] [15344464398.0, [309231.0, 39567471, 633078168, 4912239, 85328280, 668271]] [1279922620.0, [26090.0, 3338270, 53412240, 417310, 6676880, 52170]] [20878161084.0, [425444.0, 54454342, 871269392, 6806854, 108909584, 850868]] [1490611530.0, [30379.5, 3887814, 62204952, 485982, 7775640, 60753]] [1176600428946.0, [23974926.0, 3068770335, 49100323449, 383602047, 6138057081, 47954907]] [36394173564.0, [741584.0, 94920822, 1518733152, 11900022, 189843296, 1487504]]
Model_cost: [3472484813.508333, [174.33958333333334, 6404260, 102452412, 415012, 49399997, 195874]] [3918802578.0, [3786.0, 5333103, 85328280, 86895, 77870232, 304299]] [302432774.6666667, [12.666666666666666, 390430, 6246800, 13150, 6246800, 26250]] [5057333439.333334, [1270.8333333333333, 6635334, 106001424, 38734, 103508112, 416027]] [383452831.24444443, [35.544444444444444, 509030, 8144408, 7254, 7768280, 30576]] [296922961793.4001, [629.5500000000001, 383626383, 6138011769, 5340891, 6137123253, 23973306]] [1240250434.726923, [46.52596153846154, 1613302, 25807008, 30366, 25504800, 101904]]
Arch_Param: [64, 4096, 32768, 32, 512, 16]
Samsung_cost: [9459358709.444445, [193661.69444444444, 12392993, 396549116, 3101729, 49793724, 389985]] [15265329678.0, [309231.0, 19783791, 633078168, 4912239, 85328280, 668271]] [1273245880.0, [26090.0, 1669140, 53412240, 417300, 6676880, 52170]] [20769251760.0, [425444.0, 27227176, 871269392, 6806824, 108909584, 850868]] [1482835914.0, [30379.5, 1943910, 62204952, 485982, 7775640, 60753]] [1170462888594.0, [23974926.0, 1534385247, 49100323449, 383602047, 6138057081, 47954907]] [36204330622.0, [741584.0, 47460411, 1518733152, 11899963, 189843296, 1487504]]
Model_cost: [3459677311.508333, [174.33958333333334, 3202401, 102452412, 415009, 49399997, 195874]] [3908136594.0, [3786.0, 2666607, 85328280, 86895, 77870232, 304299]] [301651714.6666667, [12.666666666666666, 195220, 6246800, 13140, 6246800, 26250]] [5044103091.333334, [1270.8333333333333, 3327912, 106001424, 38704, 103508112, 416027]] [382424298.4444444, [35.94444444444444, 254774, 8140312, 11350, 7767768, 30384]] [296155710881.4001, [629.5500000000001, 191813655, 6138011769, 5340891, 6137123253, 23973306]] [1237022532.726923, [46.52596153846154, 806651, 25807008, 30307, 25504800, 101904]]
Arch_Param: [64, 4096, 32768, 32, 1024, 16]
Samsung_cost: [9434577909.444445, [193661.69444444444, 6197793, 396549116, 3101729, 49793724, 389985]] [15225762318.0, [309231.0, 9891951, 633078168, 4912239, 85328280, 668271]] [1269907380.0, [26090.0, 834570, 53412240, 417290, 6676880, 52170]] [20714796968.0, [425444.0, 13613588, 871269392, 6806804, 108909584, 850868]] [1478948106.0, [30379.5, 971958, 62204952, 485982, 7775640, 60753]] [1167394118418.0, [23974926.0, 767192703, 49100323449, 383602047, 6138057081, 47954907]] [36109409190.0, [741584.0, 23730207, 1518733152, 11899935, 189843296, 1487504]]
Model_cost: [3453276799.508333, [174.33958333333334, 1602273, 102452412, 415009, 49399997, 195874]] [3902803602.0, [3786.0, 1333359, 85328280, 86895, 77870232, 304299]] [301286654.6666667, [12.666666666666666, 104010, 6246800, 13130, 6246800, 26250]] [5037513387.333334, [1270.8333333333333, 1680596, 106001424, 38684, 103508112, 416027]] [381848874.4444444, [35.94444444444444, 127814, 8140312, 8278, 7767768, 30384]] [295772085425.4001, [629.5500000000001, 95907291, 6138011769, 5340891, 6137123253, 23973306]] [1235409516.726923, [46.52596153846154, 403551, 25807008, 30279, 25504800, 101904]]
Arch_Param: [64, 4096, 16384, 4, 256, 16]
Samsung_cost: [19666302958.0, [801777.5, 51312164, 820922876, 6444068, 102001340, 797857]] [15353119758.0, [618351.0, 39567471, 633078168, 4912239, 85328280, 668271]] [1280652860.0, [52170.0, 3338270, 53412240, 417310, 6676880, 52170]] [20890072956.0, [850868.0, 54454342, 871269392, 6806854, 108909584, 850868]] [1573490220.0, [64094.0, 4101638, 65626136, 512710, 8203288, 64094]] [1177271722422.0, [47949693.0, 3068770335, 49100323449, 383602047, 6138057081, 47954907]] [36946806140.0, [1505424.0, 96346230, 1541539680, 12113014, 192137056, 1505424]]
Model_cost: [14995069671.860811, [1903.2807432432433, 41814564, 668963196, 2718628, 49399997, 195874]] [3918905478.0, [7461.0, 5333103, 85328280, 86895, 77870232, 304299]] [302432849.3333333, [15.333333333333332, 390430, 6246800, 13150, 6246800, 26250]] [5057368182.666666, [2511.6666666666665, 6635334, 106001424, 38734, 103508112, 416027]] [925295776.0, [359.0, 2171654, 34746392, 150150, 7768280, 30576]] [296922974968.7999, [1100.1000000000001, 383626383, 6138011769, 5340891, 6137123253, 23973306]] [1383697133.55, [134.9125, 2054902, 32837664, 78110, 25504800, 102416]]
Arch_Param: [64, 4096, 16384, 4, 512, 16]
Samsung_cost: [19563679648.0, [801777.5, 25656353, 820922876, 6444065, 102001340, 797857]] [15273985038.0, [618351.0, 19783791, 633078168, 4912239, 85328280, 668271]] [1273976120.0, [52170.0, 1669140, 53412240, 417300, 6676880, 52170]] [20781163632.0, [850868.0, 27227176, 871269392, 6806824, 108909584, 850868]] [1565286956.0, [64094.0, 2050822, 65626136, 512710, 8203288, 64094]] [1171134182070.0, [47949693.0, 1534385247, 49100323449, 383602047, 6138057081, 47954907]] [36754112382.0, [1505424.0, 48173115, 1541539680, 12112955, 192137056, 1505424]]
Model_cost: [14911441561.860811, [1903.2807432432433, 20907553, 668963196, 2718625, 49399997, 195874]] [3908239494.0, [7461.0, 2666607, 85328280, 86895, 77870232, 304299]] [301651789.3333333, [15.333333333333332, 195220, 6246800, 13140, 6246800, 26250]] [5044137834.666666, [2511.6666666666665, 3327912, 106001424, 38704, 103508112, 416027]] [920993440.0, [359.0, 1096070, 34746392, 150150, 7768280, 30576]] [296155724056.7999, [1100.1000000000001, 191813655, 6138011769, 5340891, 6137123253, 23973306]] [1379586031.55, [134.9125, 1027451, 32837664, 78051, 25504800, 102416]]
Arch_Param: [64, 4096, 16384, 4, 1024, 16]
Samsung_cost: [19512393632.0, [801777.5, 12834849, 820922876, 6444065, 102001340, 797857]] [15234417678.0, [618351.0, 9891951, 633078168, 4912239, 85328280, 668271]] [1270637620.0, [52170.0, 834570, 53412240, 417290, 6676880, 52170]] [20726708840.0, [850868.0, 13613588, 871269392, 6806804, 108909584, 850868]] [1561185324.0, [64094.0, 1025414, 65626136, 512710, 8203288, 64094]] [1168065411894.0, [47949693.0, 767192703, 49100323449, 383602047, 6138057081, 47954907]] [36657765542.0, [1505424.0, 24086559, 1541539680, 12112927, 192137056, 1505424]]
Model_cost: [14869652377.860811, [1903.2807432432433, 10460257, 668963196, 2718625, 49399997, 195874]] [3902906502.0, [7461.0, 1333359, 85328280, 86895, 77870232, 304299]] [301286729.3333333, [15.333333333333332, 104010, 6246800, 13130, 6246800, 26250]] [5037548130.666666, [2511.6666666666665, 1680596, 106001424, 38684, 103508112, 416027]] [918303648.0, [359.0, 547334, 34713624, 158342, 7767768, 30384]] [295772098600.7999, [1100.1000000000001, 95907291, 6138011769, 5340891, 6137123253, 23973306]] [1377536791.55, [134.9125, 515295, 32837664, 78023, 25504800, 102416]]
Arch_Param: [64, 4096, 16384, 8, 256, 16]
Samsung_cost: [9881959918.0, [402609.5, 25765412, 412205564, 3236900, 51464892, 403041]] [15353119758.0, [618351.0, 39567471, 633078168, 4912239, 85328280, 668271]] [1280652860.0, [52170.0, 3338270, 53412240, 417310, 6676880, 52170]] [20890072956.0, [850868.0, 54454342, 871269392, 6806854, 108909584, 850868]] [1515842124.0, [61746.0, 3951366, 63221784, 493926, 7902744, 61746]] [1177271722422.0, [47949693.0, 3068770335, 49100323449, 383602047, 6138057081, 47954907]] [36490361212.0, [1486224.0, 95117430, 1521878880, 11924598, 190236512, 1490576]]
Model_cost: [8693070710.455406, [1030.6591216216216, 22447780, 359125692, 1456932, 49399997, 195874]] [3918905478.0, [7461.0, 5333103, 85328280, 86895, 77870232, 304299]] [302432849.3333333, [15.333333333333332, 390430, 6246800, 13150, 6246800, 26250]] [5057368182.666666, [2511.6666666666665, 6635334, 106001424, 38734, 103508112, 416027]] [571832297.3333334, [183.33333333333334, 1085830, 17373208, 75078, 7768280, 30576]] [296922974968.7999, [1100.1000000000001, 383626383, 6138011769, 5340891, 6137123253, 23973306]] [1295583477.85, [98.63749999999999, 1783542, 28515872, 51230, 25504800, 102416]]
Arch_Param: [64, 4096, 16384, 8, 512, 16]
Samsung_cost: [9830430112.0, [402609.5, 12882977, 412205564, 3236897, 51464892, 403041]] [15273985038.0, [618351.0, 19783791, 633078168, 4912239, 85328280, 668271]] [1273976120.0, [52170.0, 1669140, 53412240, 417300, 6676880, 52170]] [20781163632.0, [850868.0, 27227176, 871269392, 6806824, 108909584, 850868]] [1507939404.0, [61746.0, 1975686, 63221784, 493926, 7902744, 61746]] [1171134182070.0, [47949693.0, 1534385247, 49100323449, 383602047, 6138057081, 47954907]] [36300125054.0, [1486224.0, 47558715, 1521878880, 11924539, 190236512, 1490576]]
Model_cost: [8648176168.455406, [1030.6591216216216, 11224161, 359125692, 1456929, 49399997, 195874]] [3908239494.0, [7461.0, 2666607, 85328280, 86895, 77870232, 304299]] [301651789.3333333, [15.333333333333332, 195220, 6246800, 13140, 6246800, 26250]] [5044137834.666666, [2511.6666666666665, 3327912, 106001424, 38704, 103508112, 416027]] [569677792.0, [183.0, 543942, 17356824, 91462, 7767768, 30384]] [296155724056.7999, [1100.1000000000001, 191813655, 6138011769, 5340891, 6137123253, 23973306]] [1292015095.85, [98.63749999999999, 891771, 28515872, 51171, 25504800, 102416]]
Arch_Param: [64, 4096, 16384, 8, 1024, 16]
Samsung_cost: [9804678560.0, [402609.5, 6445089, 412205564, 3236897, 51464892, 403041]] [15234417678.0, [618351.0, 9891951, 633078168, 4912239, 85328280, 668271]] [1270637620.0, [52170.0, 834570, 53412240, 417290, 6676880, 52170]] [20726708840.0, [850868.0, 13613588, 871269392, 6806804, 108909584, 850868]] [1503988044.0, [61746.0, 987846, 63221784, 493926, 7902744, 61746]] [1168065411894.0, [47949693.0, 767192703, 49100323449, 383602047, 6138057081, 47954907]] [36205007014.0, [1486224.0, 23779359, 1521878880, 11924511, 190236512, 1490576]]
Model_cost: [8625741352.455406, [1030.6591216216216, 5615457, 359125692, 1456929, 49399997, 195874]] [3902906502.0, [7461.0, 1333359, 85328280, 86895, 77870232, 304299]] [301286729.3333333, [15.333333333333332, 104010, 6246800, 13130, 6246800, 26250]] [5037548130.666666, [2511.6666666666665, 1680596, 106001424, 38684, 103508112, 416027]] [568326368.0, [183.0, 273670, 17356824, 79174, 7767768, 30384]] [295772098600.7999, [1100.1000000000001, 95907291, 6138011769, 5340891, 6137123253, 23973306]] [1290234143.85, [98.63749999999999, 446687, 28515872, 51143, 25504800, 102416]]
Arch_Param: [64, 4096, 16384, 16, 256, 16]
Samsung_cost: [9636886894.0, [392401.5, 25112100, 401767932, 3146788, 50350780, 394337]] [15353119758.0, [618351.0, 39567471, 633078168, 4912239, 85328280, 668271]] [1280652860.0, [52170.0, 3338270, 53412240, 417310, 6676880, 52170]] [20890072956.0, [850868.0, 54454342, 871269392, 6806854, 108909584, 850868]] [1499588700.0, [61084.0, 3908998, 62543896, 488630, 7818008, 61084]] [1177271722422.0, [47949693.0, 3068770335, 49100323449, 383602047, 6138057081, 47954907]] [36440078716.0, [1484176.0, 94986358, 1519781728, 11908214, 189974368, 1488528]]
Model_cost: [5543215516.531081, [593.1618243243242, 12767908, 204263100, 826404, 49399997, 195874]] [3918905478.0, [7461.0, 5333103, 85328280, 86895, 77870232, 304299]] [302432849.3333333, [15.333333333333332, 390430, 6246800, 13150, 6246800, 26250]] [5057368182.666666, [2511.6666666666665, 6635334, 106001424, 38734, 103508112, 416027]] [394520634.6666667, [101.66666666666667, 542918, 8686616, 11174, 7768280, 30576]] [296922974968.7999, [1100.1000000000001, 383626383, 6138011769, 5340891, 6137123253, 23973306]] [1251442003.6, [83.7, 1647862, 26354976, 34590, 25504800, 101904]]
Arch_Param: [64, 4096, 16384, 16, 512, 16]
Samsung_cost: [9586663712.0, [392401.5, 12556321, 401767932, 3146785, 50350780, 394337]] [15273985038.0, [618351.0, 19783791, 633078168, 4912239, 85328280, 668271]] [1273976120.0, [52170.0, 1669140, 53412240, 417300, 6676880, 52170]] [20781163632.0, [850868.0, 27227176, 871269392, 6806824, 108909584, 850868]] [1491770716.0, [61084.0, 1954502, 62543896, 488630, 7818008, 61084]] [1171134182070.0, [47949693.0, 1534385247, 49100323449, 383602047, 6138057081, 47954907]] [36250104702.0, [1484176.0, 47493179, 1519781728, 11908155, 189974368, 1488528]]
Model_cost: [5517680718.531081, [593.1618243243242, 6384225, 204263100, 826401, 49399997, 195874]] [3908239494.0, [7461.0, 2666607, 85328280, 86895, 77870232, 304299]] [301651789.3333333, [15.333333333333332, 195220, 6246800, 13140, 6246800, 26250]] [5044137834.666666, [2511.6666666666665, 3327912, 106001424, 38704, 103508112, 416027]] [393433540.0, [102.0, 271974, 8678424, 19366, 7767768, 30384]] [296155724056.7999, [1100.1000000000001, 191813655, 6138011769, 5340891, 6137123253, 23973306]] [1248144981.6, [83.7, 823931, 26354976, 34531, 25504800, 101904]]
Arch_Param: [64, 4096, 16384, 16, 1024, 16]
Samsung_cost: [9561559328.0, [392401.5, 6280225, 401767932, 3146785, 50350780, 394337]] [15234417678.0, [618351.0, 9891951, 633078168, 4912239, 85328280, 668271]] [1270637620.0, [52170.0, 834570, 53412240, 417290, 6676880, 52170]] [20726708840.0, [850868.0, 13613588, 871269392, 6806804, 108909584, 850868]] [1487861724.0, [61084.0, 977254, 62543896, 488630, 7818008, 61084]] [1168065411894.0, [47949693.0, 767192703, 49100323449, 383602047, 6138057081, 47954907]] [36155117734.0, [1484176.0, 23746591, 1519781728, 11908127, 189974368, 1488528]]
Model_cost: [5504919630.531081, [593.1618243243242, 3193953, 204263100, 826401, 49399997, 195874]] [3902906502.0, [7461.0, 1333359, 85328280, 86895, 77870232, 304299]] [301286729.3333333, [15.333333333333332, 104010, 6246800, 13130, 6246800, 26250]] [5037548130.666666, [2511.6666666666665, 1680596, 106001424, 38684, 103508112, 416027]] [392757828.0, [102.0, 136838, 8678424, 13222, 7767768, 30384]] [295772098600.7999, [1100.1000000000001, 95907291, 6138011769, 5340891, 6137123253, 23973306]] [1246498173.6, [83.7, 412383, 26354976, 34503, 25504800, 101904]]
Arch_Param: [64, 4096, 16384, 32, 256, 16]
Samsung_cost: [9514350382.0, [387297.5, 24785444, 396549116, 3101732, 49793724, 389985]] [15353119758.0, [618351.0, 39567471, 633078168, 4912239, 85328280, 668271]] [1280652860.0, [52170.0, 3338270, 53412240, 417310, 6676880, 52170]] [20890072956.0, [850868.0, 54454342, 871269392, 6806854, 108909584, 850868]] [1491461988.0, [60753.0, 3887814, 62204952, 485982, 7775640, 60753]] [1177271722422.0, [47949693.0, 3068770335, 49100323449, 383602047, 6138057081, 47954907]] [36414937468.0, [1483152.0, 94920822, 1518733152, 11900022, 189843296, 1487504]]
Model_cost: [3472488771.268919, [315.68817567567567, 6404260, 102452412, 415012, 49399997, 195874]] [3918905478.0, [7461.0, 5333103, 85328280, 86895, 77870232, 304299]] [302432849.3333333, [15.333333333333332, 390430, 6246800, 13150, 6246800, 26250]] [5057368182.666666, [2511.6666666666665, 6635334, 106001424, 38734, 103508112, 416027]] [383453749.3333334, [68.33333333333334, 509030, 8144408, 7254, 7768280, 30576]] [296922974968.7999, [1100.1000000000001, 383626383, 6138011769, 5340891, 6137123253, 23973306]] [1240251291.9666667, [77.14166666666667, 1613302, 25807008, 30366, 25504800, 101904]]
Arch_Param: [64, 4096, 16384, 32, 512, 16]
Samsung_cost: [9464780512.0, [387297.5, 12392993, 396549116, 3101729, 49793724, 389985]] [15273985038.0, [618351.0, 19783791, 633078168, 4912239, 85328280, 668271]] [1273976120.0, [52170.0, 1669140, 53412240, 417300, 6676880, 52170]] [20781163632.0, [850868.0, 27227176, 871269392, 6806824, 108909584, 850868]] [1483686372.0, [60753.0, 1943910, 62204952, 485982, 7775640, 60753]] [1171134182070.0, [47949693.0, 1534385247, 49100323449, 383602047, 6138057081, 47954907]] [36225094526.0, [1483152.0, 47460411, 1518733152, 11899963, 189843296, 1487504]]
Model_cost: [3459681269.268919, [315.68817567567567, 3202401, 102452412, 415009, 49399997, 195874]] [3908239494.0, [7461.0, 2666607, 85328280, 86895, 77870232, 304299]] [301651789.3333333, [15.333333333333332, 195220, 6246800, 13140, 6246800, 26250]] [5044137834.666666, [2511.6666666666665, 3327912, 106001424, 38704, 103508112, 416027]] [382425224.0, [69.0, 254774, 8140312, 11350, 7767768, 30384]] [296155724056.7999, [1100.1000000000001, 191813655, 6138011769, 5340891, 6137123253, 23973306]] [1237023389.9666667, [77.14166666666667, 806651, 25807008, 30307, 25504800, 101904]]
Arch_Param: [64, 4096, 16384, 32, 1024, 16]
Samsung_cost: [9439999712.0, [387297.5, 6197793, 396549116, 3101729, 49793724, 389985]] [15234417678.0, [618351.0, 9891951, 633078168, 4912239, 85328280, 668271]] [1270637620.0, [52170.0, 834570, 53412240, 417290, 6676880, 52170]] [20726708840.0, [850868.0, 13613588, 871269392, 6806804, 108909584, 850868]] [1479798564.0, [60753.0, 971958, 62204952, 485982, 7775640, 60753]] [1168065411894.0, [47949693.0, 767192703, 49100323449, 383602047, 6138057081, 47954907]] [36130173094.0, [1483152.0, 23730207, 1518733152, 11899935, 189843296, 1487504]]
Model_cost: [3453280757.268919, [315.68817567567567, 1602273, 102452412, 415009, 49399997, 195874]] [3902906502.0, [7461.0, 1333359, 85328280, 86895, 77870232, 304299]] [301286729.3333333, [15.333333333333332, 104010, 6246800, 13130, 6246800, 26250]] [5037548130.666666, [2511.6666666666665, 1680596, 106001424, 38684, 103508112, 416027]] [381849800.0, [69.0, 127814, 8140312, 8278, 7767768, 30384]] [295772098600.7999, [1100.1000000000001, 95907291, 6138011769, 5340891, 6137123253, 23973306]] [1235410373.9666667, [77.14166666666667, 403551, 25807008, 30279, 25504800, 101904]]
Arch_Param: [64, 4096, 8192, 4, 256, 16]
Samsung_cost: [19688751804.0, [1603522.0, 51312164, 820922876, 6444068, 102001340, 797857]] [15370430478.0, [1236591.0, 39567471, 633078168, 4912239, 85328280, 668271]] [1282113340, [104330, 3338270, 53412240, 417310, 6676880, 52170]] [20913896700, [1701716, 54454342, 871269392, 6806854, 108909584, 850868]] [1575284684, [128182, 4101638, 65626136, 512710, 8203288, 64094]] [1178614309374.0, [95899227.0, 3068770335, 49100323449, 383602047, 6138057081, 47954907]] [36988957564.0, [3010832.0, 96346230, 1541539680, 12113014, 192137056, 1505424]]
Model_cost: [14995121594.277779, [3757.652777777778, 41814564, 668963196, 2718628, 49399997, 195874]] [3919111278.0, [14811.0, 5333103, 85328280, 86895, 77870232, 304299]] [302432998.6666667, [20.666666666666664, 390430, 6246800, 13150, 6246800, 26250]] [5057437949.333334, [5003.333333333333, 6635334, 106001424, 38734, 103508112, 416027]] [925305660.0, [712.0, 2171654, 34746392, 150150, 7768280, 30576]] [296923003470.0, [2118.0, 383626383, 6138011769, 5340891, 6137123253, 23973306]] [1383700653.5, [260.625, 2054902, 32837664, 78110, 25504800, 102416]]
Arch_Param: [64, 4096, 8192, 4, 512, 16]
Samsung_cost: [19586128494.0, [1603522.0, 25656353, 820922876, 6444065, 102001340, 797857]] [15291295758.0, [1236591.0, 19783791, 633078168, 4912239, 85328280, 668271]] [1275436600, [104330, 1669140, 53412240, 417300, 6676880, 52170]] [20804987376, [1701716, 27227176, 871269392, 6806824, 108909584, 850868]] [1567081420, [128182, 2050822, 65626136, 512710, 8203288, 64094]] [1172476769022.0, [95899227.0, 1534385247, 49100323449, 383602047, 6138057081, 47954907]] [36796263806.0, [3010832.0, 48173115, 1541539680, 12112955, 192137056, 1505424]]
Model_cost: [14911493484.277779, [3757.652777777778, 20907553, 668963196, 2718625, 49399997, 195874]] [3908445294.0, [14811.0, 2666607, 85328280, 86895, 77870232, 304299]] [301651938.6666667, [20.666666666666664, 195220, 6246800, 13140, 6246800, 26250]] [5044207601.333334, [5003.333333333333, 3327912, 106001424, 38704, 103508112, 416027]] [921003324.0, [712.0, 1096070, 34746392, 150150, 7768280, 30576]] [296155752558.0, [2118.0, 191813655, 6138011769, 5340891, 6137123253, 23973306]] [1379589551.5, [260.625, 1027451, 32837664, 78051, 25504800, 102416]]
Arch_Param: [64, 4096, 8192, 4, 1024, 16]
Samsung_cost: [19534842478.0, [1603522.0, 12834849, 820922876, 6444065, 102001340, 797857]] [15251728398.0, [1236591.0, 9891951, 633078168, 4912239, 85328280, 668271]] [1272098100, [104330, 834570, 53412240, 417290, 6676880, 52170]] [20750532584, [1701716, 13613588, 871269392, 6806804, 108909584, 850868]] [1562979788, [128182, 1025414, 65626136, 512710, 8203288, 64094]] [1169407998846.0, [95899227.0, 767192703, 49100323449, 383602047, 6138057081, 47954907]] [36699916966.0, [3010832.0, 24086559, 1541539680, 12112927, 192137056, 1505424]]
Model_cost: [14869704300.277779, [3757.652777777778, 10460257, 668963196, 2718625, 49399997, 195874]] [3903112302.0, [14811.0, 1333359, 85328280, 86895, 77870232, 304299]] [301286888.0, [21.0, 104010, 6246800, 13130, 6246800, 26250]] [5037617916.0, [5004.0, 1680596, 106001424, 38684, 103508112, 416027]] [918313504.0, [711.0, 547334, 34713624, 158342, 7767768, 30384]] [295772127102.0, [2118.0, 95907291, 6138011769, 5340891, 6137123253, 23973306]] [1377540311.5, [260.625, 515295, 32837664, 78023, 25504800, 102416]]
Arch_Param: [64, 4096, 8192, 8, 256, 16]
Samsung_cost: [9893232060.0, [805186.0, 25765412, 412205564, 3236900, 51464892, 403041]] [15370430478.0, [1236591.0, 39567471, 633078168, 4912239, 85328280, 668271]] [1282113340, [104330, 3338270, 53412240, 417310, 6676880, 52170]] [20913896700, [1701716, 54454342, 871269392, 6806854, 108909584, 850868]] [1517570844, [123486, 3951366, 63221784, 493926, 7902744, 61746]] [1178614309374.0, [95899227.0, 3068770335, 49100323449, 383602047, 6138057081, 47954907]] [36531975036.0, [2972432.0, 95117430, 1521878880, 11924598, 190236512, 1490576]]
Model_cost: [8693098615.38889, [2027.263888888889, 22447780, 359125692, 1456932, 49399997, 195874]] [3919111278.0, [14811.0, 5333103, 85328280, 86895, 77870232, 304299]] [302432998.6666667, [20.666666666666664, 390430, 6246800, 13150, 6246800, 26250]] [5057437949.333334, [5003.333333333333, 6635334, 106001424, 38734, 103508112, 416027]] [571837216.0, [359.0, 1085830, 17373208, 75078, 7768280, 30576]] [296923003470.0, [2118.0, 383626383, 6138011769, 5340891, 6137123253, 23973306]] [1295585976.5, [187.875, 1783542, 28515872, 51230, 25504800, 102416]]
Arch_Param: [64, 4096, 8192, 8, 512, 16]
Samsung_cost: [9841702254.0, [805186.0, 12882977, 412205564, 3236897, 51464892, 403041]] [15291295758.0, [1236591.0, 19783791, 633078168, 4912239, 85328280, 668271]] [1275436600, [104330, 1669140, 53412240, 417300, 6676880, 52170]] [20804987376, [1701716, 27227176, 871269392, 6806824, 108909584, 850868]] [1509668124, [123486, 1975686, 63221784, 493926, 7902744, 61746]] [1172476769022.0, [95899227.0, 1534385247, 49100323449, 383602047, 6138057081, 47954907]] [36341738878.0, [2972432.0, 47558715, 1521878880, 11924539, 190236512, 1490576]]
Model_cost: [8648204073.38889, [2027.263888888889, 11224161, 359125692, 1456929, 49399997, 195874]] [3908445294.0, [14811.0, 2666607, 85328280, 86895, 77870232, 304299]] [301651938.6666667, [20.666666666666664, 195220, 6246800, 13140, 6246800, 26250]] [5044207601.333334, [5003.333333333333, 3327912, 106001424, 38704, 103508112, 416027]] [569682720.0, [359.0, 543942, 17356824, 91462, 7767768, 30384]] [296155752558.0, [2118.0, 191813655, 6138011769, 5340891, 6137123253, 23973306]] [1292017594.5, [187.875, 891771, 28515872, 51171, 25504800, 102416]]
Arch_Param: [64, 4096, 8192, 8, 1024, 16]
Samsung_cost: [9815950702.0, [805186.0, 6445089, 412205564, 3236897, 51464892, 403041]] [15251728398.0, [1236591.0, 9891951, 633078168, 4912239, 85328280, 668271]] [1272098100, [104330, 834570, 53412240, 417290, 6676880, 52170]] [20750532584, [1701716, 13613588, 871269392, 6806804, 108909584, 850868]] [1505716764, [123486, 987846, 63221784, 493926, 7902744, 61746]] [1169407998846.0, [95899227.0, 767192703, 49100323449, 383602047, 6138057081, 47954907]] [36246620838.0, [2972432.0, 23779359, 1521878880, 11924511, 190236512, 1490576]]
Model_cost: [8625769257.38889, [2027.263888888889, 5615457, 359125692, 1456929, 49399997, 195874]] [3903112302.0, [14811.0, 1333359, 85328280, 86895, 77870232, 304299]] [301286888.0, [21.0, 104010, 6246800, 13130, 6246800, 26250]] [5037617916.0, [5004.0, 1680596, 106001424, 38684, 103508112, 416027]] [568331296.0, [359.0, 273670, 17356824, 79174, 7767768, 30384]] [295772127102.0, [2118.0, 95907291, 6138011769, 5340891, 6137123253, 23973306]] [1290236642.5, [187.875, 446687, 28515872, 51143, 25504800, 102416]]
Arch_Param: [64, 4096, 8192, 16, 256, 16]
Samsung_cost: [9647873212.0, [784770.0, 25112100, 401767932, 3146788, 50350780, 394337]] [15370430478.0, [1236591.0, 39567471, 633078168, 4912239, 85328280, 668271]] [1282113340, [104330, 3338270, 53412240, 417310, 6676880, 52170]] [20913896700, [1701716, 54454342, 871269392, 6806854, 108909584, 850868]] [1501298884, [122162, 3908998, 62543896, 488630, 7818008, 61084]] [1178614309374.0, [95899227.0, 3068770335, 49100323449, 383602047, 6138057081, 47954907]] [36481635196.0, [2968336.0, 94986358, 1519781728, 11908214, 189974368, 1488528]]
Model_cost: [5543231320.722222, [1157.5972222222222, 12767908, 204263100, 826404, 49399997, 195874]] [3919111278.0, [14811.0, 5333103, 85328280, 86895, 77870232, 304299]] [302432998.6666667, [20.666666666666664, 390430, 6246800, 13150, 6246800, 26250]] [5057437949.333334, [5003.333333333333, 6635334, 106001424, 38734, 103508112, 416027]] [394522921.3333333, [183.33333333333334, 542918, 8686616, 11174, 7768280, 30576]] [296923003470.0, [2118.0, 383626383, 6138011769, 5340891, 6137123253, 23973306]] [1251443888.0, [151.0, 1647862, 26354976, 34590, 25504800, 101904]]
Arch_Param: [64, 4096, 8192, 16, 512, 16]
Samsung_cost: [9597650030.0, [784770.0, 12556321, 401767932, 3146785, 50350780, 394337]] [15291295758.0, [1236591.0, 19783791, 633078168, 4912239, 85328280, 668271]] [1275436600, [104330, 1669140, 53412240, 417300, 6676880, 52170]] [20804987376, [1701716, 27227176, 871269392, 6806824, 108909584, 850868]] [1493480900, [122162, 1954502, 62543896, 488630, 7818008, 61084]] [1172476769022.0, [95899227.0, 1534385247, 49100323449, 383602047, 6138057081, 47954907]] [36291661182.0, [2968336.0, 47493179, 1519781728, 11908155, 189974368, 1488528]]
Model_cost: [5517696522.722222, [1157.5972222222222, 6384225, 204263100, 826401, 49399997, 195874]] [3908445294.0, [14811.0, 2666607, 85328280, 86895, 77870232, 304299]] [301651938.6666667, [20.666666666666664, 195220, 6246800, 13140, 6246800, 26250]] [5044207601.333334, [5003.333333333333, 3327912, 106001424, 38704, 103508112, 416027]] [393435808.0, [183.0, 271974, 8678424, 19366, 7767768, 30384]] [296155752558.0, [2118.0, 191813655, 6138011769, 5340891, 6137123253, 23973306]] [1248146866.0, [151.0, 823931, 26354976, 34531, 25504800, 101904]]
Arch_Param: [64, 4096, 8192, 16, 1024, 16]
Samsung_cost: [9572545646.0, [784770.0, 6280225, 401767932, 3146785, 50350780, 394337]] [15251728398.0, [1236591.0, 9891951, 633078168, 4912239, 85328280, 668271]] [1272098100, [104330, 834570, 53412240, 417290, 6676880, 52170]] [20750532584, [1701716, 13613588, 871269392, 6806804, 108909584, 850868]] [1489571908, [122162, 977254, 62543896, 488630, 7818008, 61084]] [1169407998846.0, [95899227.0, 767192703, 49100323449, 383602047, 6138057081, 47954907]] [36196674214.0, [2968336.0, 23746591, 1519781728, 11908127, 189974368, 1488528]]
Model_cost: [5504935434.722222, [1157.5972222222222, 3193953, 204263100, 826401, 49399997, 195874]] [3903112302.0, [14811.0, 1333359, 85328280, 86895, 77870232, 304299]] [301286888.0, [21.0, 104010, 6246800, 13130, 6246800, 26250]] [5037617916.0, [5004.0, 1680596, 106001424, 38684, 103508112, 416027]] [392760096.0, [183.0, 136838, 8678424, 13222, 7767768, 30384]] [295772127102.0, [2118.0, 95907291, 6138011769, 5340891, 6137123253, 23973306]] [1246500058.0, [151.0, 412383, 26354976, 34503, 25504800, 101904]]
Arch_Param: [64, 4096, 8192, 32, 256, 16]
Samsung_cost: [9525193788.0, [774562.0, 24785444, 396549116, 3101732, 49793724, 389985]] [15370430478.0, [1236591.0, 39567471, 633078168, 4912239, 85328280, 668271]] [1282113340, [104330, 3338270, 53412240, 417310, 6676880, 52170]] [20913896700, [1701716, 54454342, 871269392, 6806854, 108909584, 850868]] [1493162904, [121500, 3887814, 62204952, 485982, 7775640, 60753]] [1178614309374.0, [95899227.0, 3068770335, 49100323449, 383602047, 6138057081, 47954907]] [36456465276.0, [2966288.0, 94920822, 1518733152, 11900022, 189843296, 1487504]]
Model_cost: [3472496872.388889, [605.0138888888889, 6404260, 102452412, 415012, 49399997, 195874]] [3919111278.0, [14811.0, 5333103, 85328280, 86895, 77870232, 304299]] [302432998.6666667, [20.666666666666664, 390430, 6246800, 13150, 6246800, 26250]] [5057437949.333334, [5003.333333333333, 6635334, 106001424, 38734, 103508112, 416027]] [383455494.6666666, [130.66666666666669, 509030, 8144408, 7254, 7768280, 30576]] [296923003470.0, [2118.0, 383626383, 6138011769, 5340891, 6137123253, 23973306]] [1240252942.3333333, [136.08333333333334, 1613302, 25807008, 30366, 25504800, 101904]]
Arch_Param: [64, 4096, 8192, 32, 512, 16]
Samsung_cost: [9475623918.0, [774562.0, 12392993, 396549116, 3101729, 49793724, 389985]] [15291295758.0, [1236591.0, 19783791, 633078168, 4912239, 85328280, 668271]] [1275436600, [104330, 1669140, 53412240, 417300, 6676880, 52170]] [20804987376, [1701716, 27227176, 871269392, 6806824, 108909584, 850868]] [1485387288, [121500, 1943910, 62204952, 485982, 7775640, 60753]] [1172476769022.0, [95899227.0, 1534385247, 49100323449, 383602047, 6138057081, 47954907]] [36266622334.0, [2966288.0, 47460411, 1518733152, 11899963, 189843296, 1487504]]
Model_cost: [3459689370.388889, [605.0138888888889, 3202401, 102452412, 415009, 49399997, 195874]] [3908445294.0, [14811.0, 2666607, 85328280, 86895, 77870232, 304299]] [301651938.6666667, [20.666666666666664, 195220, 6246800, 13140, 6246800, 26250]] [5044207601.333334, [5003.333333333333, 3327912, 106001424, 38704, 103508112, 416027]] [382426960.0, [131.0, 254774, 8140312, 11350, 7767768, 30384]] [296155752558.0, [2118.0, 191813655, 6138011769, 5340891, 6137123253, 23973306]] [1237025040.3333333, [136.08333333333334, 806651, 25807008, 30307, 25504800, 101904]]
Arch_Param: [64, 4096, 8192, 32, 1024, 16]
Samsung_cost: [9450843118.0, [774562.0, 6197793, 396549116, 3101729, 49793724, 389985]] [15251728398.0, [1236591.0, 9891951, 633078168, 4912239, 85328280, 668271]] [1272098100, [104330, 834570, 53412240, 417290, 6676880, 52170]] [20750532584, [1701716, 13613588, 871269392, 6806804, 108909584, 850868]] [1481499480, [121500, 971958, 62204952, 485982, 7775640, 60753]] [1169407998846.0, [95899227.0, 767192703, 49100323449, 383602047, 6138057081, 47954907]] [36171700902.0, [2966288.0, 23730207, 1518733152, 11899935, 189843296, 1487504]]
Model_cost: [3453288858.388889, [605.0138888888889, 1602273, 102452412, 415009, 49399997, 195874]] [3903112302.0, [14811.0, 1333359, 85328280, 86895, 77870232, 304299]] [301286888.0, [21.0, 104010, 6246800, 13130, 6246800, 26250]] [5037617916.0, [5004.0, 1680596, 106001424, 38684, 103508112, 416027]] [381851536.0, [131.0, 127814, 8140312, 8278, 7767768, 30384]] [295772127102.0, [2118.0, 95907291, 6138011769, 5340891, 6137123253, 23973306]] [1235412024.3333333, [136.08333333333334, 403551, 25807008, 30279, 25504800, 101904]]
Arch_Param: [64, 4096, 4096, 4, 256, 16]
Samsung_cost: [19733649496.0, [3207011.0, 51312164, 820922876, 6444068, 102001340, 797857]] [15405051918.0, [2473071.0, 39567471, 633078168, 4912239, 85328280, 668271]] [1285034300, [208650, 3338270, 53412240, 417310, 6676880, 52170]] [20961544188, [3403412, 54454342, 871269392, 6806854, 108909584, 850868]] [1578873612, [256358, 4101638, 65626136, 512710, 8203288, 64094]] [1181299483278.0, [191798295.0, 3068770335, 49100323449, 383602047, 6138057081, 47954907]] [37073260412, [6021648, 96346230, 1541539680, 12113014, 192137056, 1505424]]
Model_cost: [14995225617.0, [7472.75, 41814564, 668963196, 2718628, 49399997, 195874]] [3919522878.0, [29511.0, 5333103, 85328280, 86895, 77870232, 304299]] [302433316.0, [32.0, 390430, 6246800, 13150, 6246800, 26250]] [5057577240.0, [9978.0, 6635334, 106001424, 38734, 103508112, 416027]] [925325428.0, [1418.0, 2171654, 34746392, 150150, 7768280, 30576]] [296923058322.0, [4077.0, 383626383, 6138011769, 5340891, 6137123253, 23973306]] [1383706803.0, [480.25, 2054902, 32837664, 78110, 25504800, 102416]]
Arch_Param: [64, 4096, 4096, 4, 512, 16]
Samsung_cost: [19631026186.0, [3207011.0, 25656353, 820922876, 6444065, 102001340, 797857]] [15325917198.0, [2473071.0, 19783791, 633078168, 4912239, 85328280, 668271]] [1278357560, [208650, 1669140, 53412240, 417300, 6676880, 52170]] [20852634864, [3403412, 27227176, 871269392, 6806824, 108909584, 850868]] [1570670348, [256358, 2050822, 65626136, 512710, 8203288, 64094]] [1175161942926.0, [191798295.0, 1534385247, 49100323449, 383602047, 6138057081, 47954907]] [36880566654, [6021648, 48173115, 1541539680, 12112955, 192137056, 1505424]]
Model_cost: [14911597507.0, [7472.75, 20907553, 668963196, 2718625, 49399997, 195874]] [3908856894.0, [29511.0, 2666607, 85328280, 86895, 77870232, 304299]] [301652256.0, [32.0, 195220, 6246800, 13140, 6246800, 26250]] [5044346892.0, [9978.0, 3327912, 106001424, 38704, 103508112, 416027]] [921023092.0, [1418.0, 1096070, 34746392, 150150, 7768280, 30576]] [296155807410.0, [4077.0, 191813655, 6138011769, 5340891, 6137123253, 23973306]] [1379595701.0, [480.25, 1027451, 32837664, 78051, 25504800, 102416]]
Arch_Param: [64, 4096, 4096, 4, 1024, 16]
Samsung_cost: [19579740170.0, [3207011.0, 12834849, 820922876, 6444065, 102001340, 797857]] [15286349838.0, [2473071.0, 9891951, 633078168, 4912239, 85328280, 668271]] [1275019060, [208650, 834570, 53412240, 417290, 6676880, 52170]] [20798180072, [3403412, 13613588, 871269392, 6806804, 108909584, 850868]] [1566568716, [256358, 1025414, 65626136, 512710, 8203288, 64094]] [1172093172750.0, [191798295.0, 767192703, 49100323449, 383602047, 6138057081, 47954907]] [36784219814, [6021648, 24086559, 1541539680, 12112927, 192137056, 1505424]]
Model_cost: [14869808323.0, [7472.75, 10460257, 668963196, 2718625, 49399997, 195874]] [3903523902.0, [29511.0, 1333359, 85328280, 86895, 77870232, 304299]] [301287196.0, [32.0, 104010, 6246800, 13130, 6246800, 26250]] [5037757188.0, [9978.0, 1680596, 106001424, 38684, 103508112, 416027]] [918333244.0, [1416.0, 547334, 34713624, 158342, 7767768, 30384]] [295772181954.0, [4077.0, 95907291, 6138011769, 5340891, 6137123253, 23973306]] [1377546461.0, [480.25, 515295, 32837664, 78023, 25504800, 102416]]
Arch_Param: [64, 4096, 4096, 8, 256, 16]
Samsung_cost: [9915776344.0, [1610339.0, 25765412, 412205564, 3236900, 51464892, 403041]] [15405051918.0, [2473071.0, 39567471, 633078168, 4912239, 85328280, 668271]] [1285034300, [208650, 3338270, 53412240, 417310, 6676880, 52170]] [20961544188, [3403412, 54454342, 871269392, 6806854, 108909584, 850868]] [1521028284, [246966, 3951366, 63221784, 493926, 7902744, 61746]] [1181299483278.0, [191798295.0, 3068770335, 49100323449, 383602047, 6138057081, 47954907]] [36615202684, [5944848, 95117430, 1521878880, 11924598, 190236512, 1490576]]
Model_cost: [8693154034.777779, [4006.527777777778, 22447780, 359125692, 1456932, 49399997, 195874]] [3919522878.0, [29511.0, 5333103, 85328280, 86895, 77870232, 304299]] [302433316.0, [32.0, 390430, 6246800, 13150, 6246800, 26250]] [5057577240.0, [9978.0, 6635334, 106001424, 38734, 103508112, 416027]] [571847100.0, [712.0, 1085830, 17373208, 75078, 7768280, 30576]] [296923058322.0, [4077.0, 383626383, 6138011769, 5340891, 6137123253, 23973306]] [1295590761.0, [358.75, 1783542, 28515872, 51230, 25504800, 102416]]
Arch_Param: [64, 4096, 4096, 8, 512, 16]
Samsung_cost: [9864246538.0, [1610339.0, 12882977, 412205564, 3236897, 51464892, 403041]] [15325917198.0, [2473071.0, 19783791, 633078168, 4912239, 85328280, 668271]] [1278357560, [208650, 1669140, 53412240, 417300, 6676880, 52170]] [20852634864, [3403412, 27227176, 871269392, 6806824, 108909584, 850868]] [1513125564, [246966, 1975686, 63221784, 493926, 7902744, 61746]] [1175161942926.0, [191798295.0, 1534385247, 49100323449, 383602047, 6138057081, 47954907]] [36424966526, [5944848, 47558715, 1521878880, 11924539, 190236512, 1490576]]
Model_cost: [8648259492.777779, [4006.527777777778, 11224161, 359125692, 1456929, 49399997, 195874]] [3908856894.0, [29511.0, 2666607, 85328280, 86895, 77870232, 304299]] [301652256.0, [32.0, 195220, 6246800, 13140, 6246800, 26250]] [5044346892.0, [9978.0, 3327912, 106001424, 38704, 103508112, 416027]] [569692576.0, [711.0, 543942, 17356824, 91462, 7767768, 30384]] [296155807410.0, [4077.0, 191813655, 6138011769, 5340891, 6137123253, 23973306]] [1292022379.0, [358.75, 891771, 28515872, 51171, 25504800, 102416]]
Arch_Param: [64, 4096, 4096, 8, 1024, 16]
Samsung_cost: [9838494986.0, [1610339.0, 6445089, 412205564, 3236897, 51464892, 403041]] [15286349838.0, [2473071.0, 9891951, 633078168, 4912239, 85328280, 668271]] [1275019060, [208650, 834570, 53412240, 417290, 6676880, 52170]] [20798180072, [3403412, 13613588, 871269392, 6806804, 108909584, 850868]] [1509174204, [246966, 987846, 63221784, 493926, 7902744, 61746]] [1172093172750.0, [191798295.0, 767192703, 49100323449, 383602047, 6138057081, 47954907]] [36329848486, [5944848, 23779359, 1521878880, 11924511, 190236512, 1490576]]
Model_cost: [8625824676.777779, [4006.527777777778, 5615457, 359125692, 1456929, 49399997, 195874]] [3903523902.0, [29511.0, 1333359, 85328280, 86895, 77870232, 304299]] [301287196.0, [32.0, 104010, 6246800, 13130, 6246800, 26250]] [5037757188.0, [9978.0, 1680596, 106001424, 38684, 103508112, 416027]] [568341152.0, [711.0, 273670, 17356824, 79174, 7767768, 30384]] [295772181954.0, [4077.0, 95907291, 6138011769, 5340891, 6137123253, 23973306]] [1290241427.0, [358.75, 446687, 28515872, 51143, 25504800, 102416]]
Arch_Param: [64, 4096, 4096, 16, 256, 16]
Samsung_cost: [9669845848.0, [1569507.0, 25112100, 401767932, 3146788, 50350780, 394337]] [15405051918.0, [2473071.0, 39567471, 633078168, 4912239, 85328280, 668271]] [1285034300, [208650, 3338270, 53412240, 417310, 6676880, 52170]] [20961544188, [3403412, 54454342, 871269392, 6806854, 108909584, 850868]] [1504719252, [244318, 3908998, 62543896, 488630, 7818008, 61084]] [1181299483278.0, [191798295.0, 3068770335, 49100323449, 383602047, 6138057081, 47954907]] [36564748156, [5936656, 94986358, 1519781728, 11908214, 189974368, 1488528]]
Model_cost: [5543261969.444445, [2252.1944444444443, 12767908, 204263100, 826404, 49399997, 195874]] [3919522878.0, [29511.0, 5333103, 85328280, 86895, 77870232, 304299]] [302433316.0, [32.0, 390430, 6246800, 13150, 6246800, 26250]] [5057577240.0, [9978.0, 6635334, 106001424, 38734, 103508112, 416027]] [394527840.0, [359.0, 542918, 8686616, 11174, 7768280, 30576]] [296923058322.0, [4077.0, 383626383, 6138011769, 5340891, 6137123253, 23973306]] [1251447304.0, [273.0, 1647862, 26354976, 34590, 25504800, 101904]]
Arch_Param: [64, 4096, 4096, 16, 512, 16]
Samsung_cost: [9619622666.0, [1569507.0, 12556321, 401767932, 3146785, 50350780, 394337]] [15325917198.0, [2473071.0, 19783791, 633078168, 4912239, 85328280, 668271]] [1278357560, [208650, 1669140, 53412240, 417300, 6676880, 52170]] [20852634864, [3403412, 27227176, 871269392, 6806824, 108909584, 850868]] [1496901268, [244318, 1954502, 62543896, 488630, 7818008, 61084]] [1175161942926.0, [191798295.0, 1534385247, 49100323449, 383602047, 6138057081, 47954907]] [36374774142, [5936656, 47493179, 1519781728, 11908155, 189974368, 1488528]]
Model_cost: [5517727171.444445, [2252.1944444444443, 6384225, 204263100, 826401, 49399997, 195874]] [3908856894.0, [29511.0, 2666607, 85328280, 86895, 77870232, 304299]] [301652256.0, [32.0, 195220, 6246800, 13140, 6246800, 26250]] [5044346892.0, [9978.0, 3327912, 106001424, 38704, 103508112, 416027]] [393440736.0, [359.0, 271974, 8678424, 19366, 7767768, 30384]] [296155807410.0, [4077.0, 191813655, 6138011769, 5340891, 6137123253, 23973306]] [1248150282.0, [273.0, 823931, 26354976, 34531, 25504800, 101904]]
Arch_Param: [64, 4096, 4096, 16, 1024, 16]
Samsung_cost: [9594518282.0, [1569507.0, 6280225, 401767932, 3146785, 50350780, 394337]] [15286349838.0, [2473071.0, 9891951, 633078168, 4912239, 85328280, 668271]] [1275019060, [208650, 834570, 53412240, 417290, 6676880, 52170]] [20798180072, [3403412, 13613588, 871269392, 6806804, 108909584, 850868]] [1492992276, [244318, 977254, 62543896, 488630, 7818008, 61084]] [1172093172750.0, [191798295.0, 767192703, 49100323449, 383602047, 6138057081, 47954907]] [36279787174, [5936656, 23746591, 1519781728, 11908127, 189974368, 1488528]]
Model_cost: [5504966083.444445, [2252.1944444444443, 3193953, 204263100, 826401, 49399997, 195874]] [3903523902.0, [29511.0, 1333359, 85328280, 86895, 77870232, 304299]] [301287196.0, [32.0, 104010, 6246800, 13130, 6246800, 26250]] [5037757188.0, [9978.0, 1680596, 106001424, 38684, 103508112, 416027]] [392765024.0, [359.0, 136838, 8678424, 13222, 7767768, 30384]] [295772181954.0, [4077.0, 95907291, 6138011769, 5340891, 6137123253, 23973306]] [1246503474.0, [273.0, 412383, 26354976, 34503, 25504800, 101904]]
Arch_Param: [64, 4096, 4096, 32, 256, 16]
Samsung_cost: [9546880600.0, [1549091.0, 24785444, 396549116, 3101732, 49793724, 389985]] [15405051918.0, [2473071.0, 39567471, 633078168, 4912239, 85328280, 668271]] [1285034300, [208650, 3338270, 53412240, 417310, 6676880, 52170]] [20961544188, [3403412, 54454342, 871269392, 6806854, 108909584, 850868]] [1496564736, [242994, 3887814, 62204952, 485982, 7775640, 60753]] [1181299483278.0, [191798295.0, 3068770335, 49100323449, 383602047, 6138057081, 47954907]] [36539520892, [5932560, 94920822, 1518733152, 11900022, 189843296, 1487504]]
Model_cost: [3472512720.7777777, [1171.0277777777778, 6404260, 102452412, 415012, 49399997, 195874]] [3919522878.0, [29511.0, 5333103, 85328280, 86895, 77870232, 304299]] [302433316.0, [32.0, 390430, 6246800, 13150, 6246800, 26250]] [5057577240.0, [9978.0, 6635334, 106001424, 38734, 103508112, 416027]] [383458593.3333334, [241.33333333333334, 509030, 8144408, 7254, 7768280, 30576]] [296923058322.0, [4077.0, 383626383, 6138011769, 5340891, 6137123253, 23973306]] [1240256202.0, [252.5, 1613302, 25807008, 30366, 25504800, 101904]]
Arch_Param: [64, 4096, 4096, 32, 512, 16]
Samsung_cost: [9497310730.0, [1549091.0, 12392993, 396549116, 3101729, 49793724, 389985]] [15325917198.0, [2473071.0, 19783791, 633078168, 4912239, 85328280, 668271]] [1278357560, [208650, 1669140, 53412240, 417300, 6676880, 52170]] [20852634864, [3403412, 27227176, 871269392, 6806824, 108909584, 850868]] [1488789120, [242994, 1943910, 62204952, 485982, 7775640, 60753]] [1175161942926.0, [191798295.0, 1534385247, 49100323449, 383602047, 6138057081, 47954907]] [36349677950, [5932560, 47460411, 1518733152, 11899963, 189843296, 1487504]]
Model_cost: [3459705218.7777777, [1171.0277777777778, 3202401, 102452412, 415009, 49399997, 195874]] [3908856894.0, [29511.0, 2666607, 85328280, 86895, 77870232, 304299]] [301652256.0, [32.0, 195220, 6246800, 13140, 6246800, 26250]] [5044346892.0, [9978.0, 3327912, 106001424, 38704, 103508112, 416027]] [382430040.0, [241.0, 254774, 8140312, 11350, 7767768, 30384]] [296155807410.0, [4077.0, 191813655, 6138011769, 5340891, 6137123253, 23973306]] [1237028300.0, [252.5, 806651, 25807008, 30307, 25504800, 101904]]
Arch_Param: [64, 4096, 4096, 32, 1024, 16]
Samsung_cost: [9472529930.0, [1549091.0, 6197793, 396549116, 3101729, 49793724, 389985]] [15286349838.0, [2473071.0, 9891951, 633078168, 4912239, 85328280, 668271]] [1275019060, [208650, 834570, 53412240, 417290, 6676880, 52170]] [20798180072, [3403412, 13613588, 871269392, 6806804, 108909584, 850868]] [1484901312, [242994, 971958, 62204952, 485982, 7775640, 60753]] [1172093172750.0, [191798295.0, 767192703, 49100323449, 383602047, 6138057081, 47954907]] [36254756518, [5932560, 23730207, 1518733152, 11899935, 189843296, 1487504]]
Model_cost: [3453304706.7777777, [1171.0277777777778, 1602273, 102452412, 415009, 49399997, 195874]] [3903523902.0, [29511.0, 1333359, 85328280, 86895, 77870232, 304299]] [301287196.0, [32.0, 104010, 6246800, 13130, 6246800, 26250]] [5037757188.0, [9978.0, 1680596, 106001424, 38684, 103508112, 416027]] [381854616.0, [241.0, 127814, 8140312, 8278, 7767768, 30384]] [295772181954.0, [4077.0, 95907291, 6138011769, 5340891, 6137123253, 23973306]] [1235415284.0, [252.5, 403551, 25807008, 30279, 25504800, 101904]]
Arch_Param: [64, 4096, 2048, 4, 256, 16]
Samsung_cost: [19823444880.0, [6413989.0, 51312164, 820922876, 6444068, 102001340, 797857]] [15474294798.0, [4946031.0, 39567471, 633078168, 4912239, 85328280, 668271]] [1290876220, [417290, 3338270, 53412240, 417310, 6676880, 52170]] [21056839164, [6806804, 54454342, 871269392, 6806854, 108909584, 850868]] [1586051468, [512710, 4101638, 65626136, 512710, 8203288, 64094]] [1186669831086.0, [383596431.0, 3068770335, 49100323449, 383602047, 6138057081, 47954907]] [37241866192, [12043283, 96346230, 1541539680, 12113014, 192137056, 1505424]]
Model_cost: [14995433734.0, [14905.5, 41814564, 668963196, 2718628, 49399997, 195874]] [3920346078.0, [58911.0, 5333103, 85328280, 86895, 77870232, 304299]] [302433904, [53, 390430, 6246800, 13150, 6246800, 26250]] [5057855952, [19934, 6635334, 106001424, 38734, 103508112, 416025]] [925364964, [2830, 2171654, 34746392, 150150, 7768280, 30576]] [296923168026.0, [7995.0, 383626383, 6138011769, 5340891, 6137123253, 23973306]] [1383719858.0, [946.5, 2054902, 32837664, 78110, 25504800, 102416]]
Arch_Param: [64, 4096, 2048, 4, 512, 16]
Samsung_cost: [19720821570.0, [6413989.0, 25656353, 820922876, 6444065, 102001340, 797857]] [15395160078.0, [4946031.0, 19783791, 633078168, 4912239, 85328280, 668271]] [1284199480, [417290, 1669140, 53412240, 417300, 6676880, 52170]] [20947929840, [6806804, 27227176, 871269392, 6806824, 108909584, 850868]] [1577848204, [512710, 2050822, 65626136, 512710, 8203288, 64094]] [1180532290734.0, [383596431.0, 1534385247, 49100323449, 383602047, 6138057081, 47954907]] [37049172434, [12043283, 48173115, 1541539680, 12112955, 192137056, 1505424]]
Model_cost: [14911805624.0, [14905.5, 20907553, 668963196, 2718625, 49399997, 195874]] [3909680094.0, [58911.0, 2666607, 85328280, 86895, 77870232, 304299]] [301652844, [53, 195220, 6246800, 13140, 6246800, 26250]] [5044625604, [19934, 3327912, 106001424, 38704, 103508112, 416025]] [921062628, [2830, 1096070, 34746392, 150150, 7768280, 30576]] [296155917114.0, [7995.0, 191813655, 6138011769, 5340891, 6137123253, 23973306]] [1379608756.0, [946.5, 1027451, 32837664, 78051, 25504800, 102416]]
Arch_Param: [64, 4096, 2048, 4, 1024, 16]
Samsung_cost: [19669535554.0, [6413989.0, 12834849, 820922876, 6444065, 102001340, 797857]] [15355592718.0, [4946031.0, 9891951, 633078168, 4912239, 85328280, 668271]] [1280860980, [417290, 834570, 53412240, 417290, 6676880, 52170]] [20893475048, [6806804, 13613588, 871269392, 6806804, 108909584, 850868]] [1573746572, [512710, 1025414, 65626136, 512710, 8203288, 64094]] [1177463520558.0, [383596431.0, 767192703, 49100323449, 383602047, 6138057081, 47954907]] [36952825594, [12043283, 24086559, 1541539680, 12112927, 192137056, 1505424]]
Model_cost: [14870016440.0, [14905.5, 10460257, 668963196, 2718625, 49399997, 195874]] [3904347102.0, [58911.0, 1333359, 85328280, 86895, 77870232, 304299]] [301287784, [53, 104010, 6246800, 13130, 6246800, 26250]] [5038035900, [19934, 1680596, 106001424, 38684, 103508112, 416025]] [918372724, [2826, 547334, 34713624, 158342, 7767768, 30384]] [295772291658.0, [7995.0, 95907291, 6138011769, 5340891, 6137123253, 23973306]] [1377559516.0, [946.5, 515295, 32837664, 78023, 25504800, 102416]]
Arch_Param: [64, 4096, 2048, 8, 256, 16]
Samsung_cost: [9960864912.0, [3220645.0, 25765412, 412205564, 3236900, 51464892, 403041]] [15474294798.0, [4946031.0, 39567471, 633078168, 4912239, 85328280, 668271]] [1290876220, [417290, 3338270, 53412240, 417310, 6676880, 52170]] [21056839164, [6806804, 54454342, 871269392, 6806854, 108909584, 850868]] [1527943164, [493926, 3951366, 63221784, 493926, 7902744, 61746]] [1186669831086.0, [383596431.0, 3068770335, 49100323449, 383602047, 6138057081, 47954907]] [36781658064, [11889683, 95117430, 1521878880, 11924598, 190236512, 1490576]]
Model_cost: [8693264606.0, [7955.5, 22447780, 359125692, 1456932, 49399997, 195874]] [3920346078.0, [58911.0, 5333103, 85328280, 86895, 77870232, 304299]] [302433904, [53, 390430, 6246800, 13150, 6246800, 26250]] [5057855952, [19934, 6635334, 106001424, 38734, 103508112, 416025]] [571866868, [1418, 1085830, 17373208, 75078, 7768280, 30576]] [296923168026.0, [7995.0, 383626383, 6138011769, 5340891, 6137123253, 23973306]] [1295599490.0, [670.5, 1783542, 28515872, 51230, 25504800, 102416]]
Arch_Param: [64, 4096, 2048, 8, 512, 16]
Samsung_cost: [9909335106.0, [3220645.0, 12882977, 412205564, 3236897, 51464892, 403041]] [15395160078.0, [4946031.0, 19783791, 633078168, 4912239, 85328280, 668271]] [1284199480, [417290, 1669140, 53412240, 417300, 6676880, 52170]] [20947929840, [6806804, 27227176, 871269392, 6806824, 108909584, 850868]] [1520040444, [493926, 1975686, 63221784, 493926, 7902744, 61746]] [1180532290734.0, [383596431.0, 1534385247, 49100323449, 383602047, 6138057081, 47954907]] [36591421906, [11889683, 47558715, 1521878880, 11924539, 190236512, 1490576]]
Model_cost: [8648370064.0, [7955.5, 11224161, 359125692, 1456929, 49399997, 195874]] [3909680094.0, [58911.0, 2666607, 85328280, 86895, 77870232, 304299]] [301652844, [53, 195220, 6246800, 13140, 6246800, 26250]] [5044625604, [19934, 3327912, 106001424, 38704, 103508112, 416025]] [569712316, [1416, 543942, 17356824, 91462, 7767768, 30384]] [296155917114.0, [7995.0, 191813655, 6138011769, 5340891, 6137123253, 23973306]] [1292031108.0, [670.5, 891771, 28515872, 51171, 25504800, 102416]]
Arch_Param: [64, 4096, 2048, 8, 1024, 16]
Samsung_cost: [9883583554.0, [3220645.0, 6445089, 412205564, 3236897, 51464892, 403041]] [15355592718.0, [4946031.0, 9891951, 633078168, 4912239, 85328280, 668271]] [1280860980, [417290, 834570, 53412240, 417290, 6676880, 52170]] [20893475048, [6806804, 13613588, 871269392, 6806804, 108909584, 850868]] [1516089084, [493926, 987846, 63221784, 493926, 7902744, 61746]] [1177463520558.0, [383596431.0, 767192703, 49100323449, 383602047, 6138057081, 47954907]] [36496303866, [11889683, 23779359, 1521878880, 11924511, 190236512, 1490576]]
Model_cost: [8625935248.0, [7955.5, 5615457, 359125692, 1456929, 49399997, 195874]] [3904347102.0, [58911.0, 1333359, 85328280, 86895, 77870232, 304299]] [301287784, [53, 104010, 6246800, 13130, 6246800, 26250]] [5038035900, [19934, 1680596, 106001424, 38684, 103508112, 416025]] [568360892, [1416, 273670, 17356824, 79174, 7767768, 30384]] [295772291658.0, [7995.0, 95907291, 6138011769, 5340891, 6137123253, 23973306]] [1290250156.0, [670.5, 446687, 28515872, 51143, 25504800, 102416]]
Arch_Param: [64, 4096, 2048, 16, 256, 16]
Samsung_cost: [9713791120.0, [3138981.0, 25112100, 401767932, 3146788, 50350780, 394337]] [15474294798.0, [4946031.0, 39567471, 633078168, 4912239, 85328280, 668271]] [1290876220, [417290, 3338270, 53412240, 417310, 6676880, 52170]] [21056839164, [6806804, 54454342, 871269392, 6806854, 108909584, 850868]] [1511559988, [488630, 3908998, 62543896, 488630, 7818008, 61084]] [1186669831086.0, [383596431.0, 3068770335, 49100323449, 383602047, 6138057081, 47954907]] [36730974160, [11873299, 94986358, 1519781728, 11908214, 189974368, 1488528]]
Model_cost: [5543324110.0, [4471.5, 12767908, 204263100, 826404, 49399997, 195874]] [3920346078.0, [58911.0, 5333103, 85328280, 86895, 77870232, 304299]] [302433904, [53, 390430, 6246800, 13150, 6246800, 26250]] [5057855952, [19934, 6635334, 106001424, 38734, 103508112, 416025]] [394537724, [712, 542918, 8686616, 11174, 7768280, 30576]] [296923168026.0, [7995.0, 383626383, 6138011769, 5340891, 6137123253, 23973306]] [1251454444.0, [528.0, 1647862, 26354976, 34590, 25504800, 101904]]
Arch_Param: [64, 4096, 2048, 16, 512, 16]
Samsung_cost: [9663567938.0, [3138981.0, 12556321, 401767932, 3146785, 50350780, 394337]] [15395160078.0, [4946031.0, 19783791, 633078168, 4912239, 85328280, 668271]] [1284199480, [417290, 1669140, 53412240, 417300, 6676880, 52170]] [20947929840, [6806804, 27227176, 871269392, 6806824, 108909584, 850868]] [1503742004, [488630, 1954502, 62543896, 488630, 7818008, 61084]] [1180532290734.0, [383596431.0, 1534385247, 49100323449, 383602047, 6138057081, 47954907]] [36541000146, [11873299, 47493179, 1519781728, 11908155, 189974368, 1488528]]
Model_cost: [5517789312.0, [4471.5, 6384225, 204263100, 826401, 49399997, 195874]] [3909680094.0, [58911.0, 2666607, 85328280, 86895, 77870232, 304299]] [301652844, [53, 195220, 6246800, 13140, 6246800, 26250]] [5044625604, [19934, 3327912, 106001424, 38704, 103508112, 416025]] [393450592, [711, 271974, 8678424, 19366, 7767768, 30384]] [296155917114.0, [7995.0, 191813655, 6138011769, 5340891, 6137123253, 23973306]] [1248157422.0, [528.0, 823931, 26354976, 34531, 25504800, 101904]]
Arch_Param: [64, 4096, 2048, 16, 1024, 16]
Samsung_cost: [9638463554.0, [3138981.0, 6280225, 401767932, 3146785, 50350780, 394337]] [15355592718.0, [4946031.0, 9891951, 633078168, 4912239, 85328280, 668271]] [1280860980, [417290, 834570, 53412240, 417290, 6676880, 52170]] [20893475048, [6806804, 13613588, 871269392, 6806804, 108909584, 850868]] [1499833012, [488630, 977254, 62543896, 488630, 7818008, 61084]] [1177463520558.0, [383596431.0, 767192703, 49100323449, 383602047, 6138057081, 47954907]] [36446013178, [11873299, 23746591, 1519781728, 11908127, 189974368, 1488528]]
Model_cost: [5505028224.0, [4471.5, 3193953, 204263100, 826401, 49399997, 195874]] [3904347102.0, [58911.0, 1333359, 85328280, 86895, 77870232, 304299]] [301287784, [53, 104010, 6246800, 13130, 6246800, 26250]] [5038035900, [19934, 1680596, 106001424, 38684, 103508112, 416025]] [392774880, [711, 136838, 8678424, 13222, 7767768, 30384]] [295772291658.0, [7995.0, 95907291, 6138011769, 5340891, 6137123253, 23973306]] [1246510614.0, [528.0, 412383, 26354976, 34503, 25504800, 101904]]
Arch_Param: [64, 4096, 2048, 32, 256, 16]
Samsung_cost: [9590254224.0, [3098149.0, 24785444, 396549116, 3101732, 49793724, 389985]] [15474294798.0, [4946031.0, 39567471, 633078168, 4912239, 85328280, 668271]] [1290876220, [417290, 3338270, 53412240, 417310, 6676880, 52170]] [21056839164, [6806804, 54454342, 871269392, 6806854, 108909584, 850868]] [1503368400, [485982, 3887814, 62204952, 485982, 7775640, 60753]] [1186669831086.0, [383596431.0, 3068770335, 49100323449, 383602047, 6138057081, 47954907]] [36705632208, [11865107, 94920822, 1518733152, 11900022, 189843296, 1487504]]
Model_cost: [3472543674.0, [2276.5, 6404260, 102452412, 415012, 49399997, 195874]] [3920346078.0, [58911.0, 5333103, 85328280, 86895, 77870232, 304299]] [302433904, [53, 390430, 6246800, 13150, 6246800, 26250]] [5057855952, [19934, 6635334, 106001424, 38734, 103508112, 416025]] [383465136, [475, 509030, 8144408, 7254, 7768280, 30576]] [296923168026.0, [7995.0, 383626383, 6138011769, 5340891, 6137123253, 23973306]] [1240262516.0, [478.0, 1613302, 25807008, 30366, 25504800, 101904]]
Arch_Param: [64, 4096, 2048, 32, 512, 16]
Samsung_cost: [9540684354.0, [3098149.0, 12392993, 396549116, 3101729, 49793724, 389985]] [15395160078.0, [4946031.0, 19783791, 633078168, 4912239, 85328280, 668271]] [1284199480, [417290, 1669140, 53412240, 417300, 6676880, 52170]] [20947929840, [6806804, 27227176, 871269392, 6806824, 108909584, 850868]] [1495592784, [485982, 1943910, 62204952, 485982, 7775640, 60753]] [1180532290734.0, [383596431.0, 1534385247, 49100323449, 383602047, 6138057081, 47954907]] [36515789266, [11865107, 47460411, 1518733152, 11899963, 189843296, 1487504]]
Model_cost: [3459736172.0, [2276.5, 3202401, 102452412, 415009, 49399997, 195874]] [3909680094.0, [58911.0, 2666607, 85328280, 86895, 77870232, 304299]] [301652844, [53, 195220, 6246800, 13140, 6246800, 26250]] [5044625604, [19934, 3327912, 106001424, 38704, 103508112, 416025]] [382436592, [475, 254774, 8140312, 11350, 7767768, 30384]] [296155917114.0, [7995.0, 191813655, 6138011769, 5340891, 6137123253, 23973306]] [1237034614.0, [478.0, 806651, 25807008, 30307, 25504800, 101904]]
Arch_Param: [64, 4096, 2048, 32, 1024, 16]
Samsung_cost: [9515903554.0, [3098149.0, 6197793, 396549116, 3101729, 49793724, 389985]] [15355592718.0, [4946031.0, 9891951, 633078168, 4912239, 85328280, 668271]] [1280860980, [417290, 834570, 53412240, 417290, 6676880, 52170]] [20893475048, [6806804, 13613588, 871269392, 6806804, 108909584, 850868]] [1491704976, [485982, 971958, 62204952, 485982, 7775640, 60753]] [1177463520558.0, [383596431.0, 767192703, 49100323449, 383602047, 6138057081, 47954907]] [36420867834, [11865107, 23730207, 1518733152, 11899935, 189843296, 1487504]]
Model_cost: [3453335660.0, [2276.5, 1602273, 102452412, 415009, 49399997, 195874]] [3904347102.0, [58911.0, 1333359, 85328280, 86895, 77870232, 304299]] [301287784, [53, 104010, 6246800, 13130, 6246800, 26250]] [5038035900, [19934, 1680596, 106001424, 38684, 103508112, 416025]] [381861168, [475, 127814, 8140312, 8278, 7767768, 30384]] [295772291658.0, [7995.0, 95907291, 6138011769, 5340891, 6137123253, 23973306]] [1235421598.0, [478.0, 403551, 25807008, 30279, 25504800, 101904]]
Arch_Param: [64, 4096, 1024, 4, 256, 16]
Samsung_cost: [20003035648.0, [12827945.0, 51312164, 820922876, 6444068, 102001340, 797857]] [15612780558, [9891951, 39567471, 633078168, 4912239, 85328280, 668271]] [1302560060, [834570, 3338270, 53412240, 417310, 6676880, 52170]] [21247429116, [13613588, 54454342, 871269392, 6806854, 108909584, 850868]] [1600407180, [1025414, 4101638, 65626136, 512710, 8203288, 64094]] [1197410526702, [767192703, 3068770335, 49100323449, 383602047, 6138057081, 47954907]] [37579077920, [24086559, 96346230, 1541539680, 12113014, 192137056, 1505424]]
Model_cost: [14995849240.0, [29745.0, 41814564, 668963196, 2718628, 49399997, 195874]] [3921992478.0, [117711.0, 5333103, 85328280, 86895, 77870232, 304299]] [302435080, [95, 390430, 6246800, 13150, 6246800, 26250]] [5058413208, [39836, 6635334, 106001424, 38734, 103508112, 416025]] [925444036, [5654, 2171654, 34746392, 150150, 7768280, 30576]] [296923387434.0, [15831.0, 383626383, 6138011769, 5340891, 6137123253, 23973306]] [1383745884.0, [1876.0, 2054902, 32837664, 78110, 25504800, 102416]]
Arch_Param: [64, 4096, 1024, 4, 512, 16]
Samsung_cost: [19900412338.0, [12827945.0, 25656353, 820922876, 6444065, 102001340, 797857]] [15533645838, [9891951, 19783791, 633078168, 4912239, 85328280, 668271]] [1295883320, [834570, 1669140, 53412240, 417300, 6676880, 52170]] [21138519792, [13613588, 27227176, 871269392, 6806824, 108909584, 850868]] [1592203916, [1025414, 2050822, 65626136, 512710, 8203288, 64094]] [1191272986350, [767192703, 1534385247, 49100323449, 383602047, 6138057081, 47954907]] [37386384162, [24086559, 48173115, 1541539680, 12112955, 192137056, 1505424]]
Model_cost: [14912221130.0, [29745.0, 20907553, 668963196, 2718625, 49399997, 195874]] [3911326494.0, [117711.0, 2666607, 85328280, 86895, 77870232, 304299]] [301654020, [95, 195220, 6246800, 13140, 6246800, 26250]] [5045182860, [39836, 3327912, 106001424, 38704, 103508112, 416025]] [921141700, [5654, 1096070, 34746392, 150150, 7768280, 30576]] [296156136522.0, [15831.0, 191813655, 6138011769, 5340891, 6137123253, 23973306]] [1379634782.0, [1876.0, 1027451, 32837664, 78051, 25504800, 102416]]
Arch_Param: [64, 4096, 1024, 4, 1024, 16]
Samsung_cost: [19849126322.0, [12827945.0, 12834849, 820922876, 6444065, 102001340, 797857]] [15494078478, [9891951, 9891951, 633078168, 4912239, 85328280, 668271]] [1292544820, [834570, 834570, 53412240, 417290, 6676880, 52170]] [21084065000, [13613588, 13613588, 871269392, 6806804, 108909584, 850868]] [1588102284, [1025414, 1025414, 65626136, 512710, 8203288, 64094]] [1188204216174, [767192703, 767192703, 49100323449, 383602047, 6138057081, 47954907]] [37290037322, [24086559, 24086559, 1541539680, 12112927, 192137056, 1505424]]
Model_cost: [14870431946.0, [29745.0, 10460257, 668963196, 2718625, 49399997, 195874]] [3905993502.0, [117711.0, 1333359, 85328280, 86895, 77870232, 304299]] [301288960, [95, 104010, 6246800, 13130, 6246800, 26250]] [5038593156, [39836, 1680596, 106001424, 38684, 103508112, 416025]] [918451684, [5646, 547334, 34713624, 158342, 7767768, 30384]] [295772511066.0, [15831.0, 95907291, 6138011769, 5340891, 6137123253, 23973306]] [1377585542.0, [1876.0, 515295, 32837664, 78023, 25504800, 102416]]
Arch_Param: [64, 4096, 1024, 8, 256, 16]
Samsung_cost: [10051042048.0, [6441257.0, 25765412, 412205564, 3236900, 51464892, 403041]] [15612780558, [9891951, 39567471, 633078168, 4912239, 85328280, 668271]] [1302560060, [834570, 3338270, 53412240, 417310, 6676880, 52170]] [21247429116, [13613588, 54454342, 871269392, 6806854, 108909584, 850868]] [1541772924, [987846, 3951366, 63221784, 493926, 7902744, 61746]] [1197410526702, [767192703, 3068770335, 49100323449, 383602047, 6138057081, 47954907]] [37114568992, [23779359, 95117430, 1521878880, 11924598, 190236512, 1490576]]
Model_cost: [8693485316.0, [15838.0, 22447780, 359125692, 1456932, 49399997, 195874]] [3921992478.0, [117711.0, 5333103, 85328280, 86895, 77870232, 304299]] [302435080, [95, 390430, 6246800, 13150, 6246800, 26250]] [5058413208, [39836, 6635334, 106001424, 38734, 103508112, 416025]] [571906404, [2830, 1085830, 17373208, 75078, 7768280, 30576]] [296923387434.0, [15831.0, 383626383, 6138011769, 5340891, 6137123253, 23973306]] [1295617816.0, [1325.0, 1783542, 28515872, 51230, 25504800, 102416]]
Arch_Param: [64, 4096, 1024, 8, 512, 16]
Samsung_cost: [9999512242.0, [6441257.0, 12882977, 412205564, 3236897, 51464892, 403041]] [15533645838, [9891951, 19783791, 633078168, 4912239, 85328280, 668271]] [1295883320, [834570, 1669140, 53412240, 417300, 6676880, 52170]] [21138519792, [13613588, 27227176, 871269392, 6806824, 108909584, 850868]] [1533870204, [987846, 1975686, 63221784, 493926, 7902744, 61746]] [1191272986350, [767192703, 1534385247, 49100323449, 383602047, 6138057081, 47954907]] [36924332834, [23779359, 47558715, 1521878880, 11924539, 190236512, 1490576]]
Model_cost: [8648590774.0, [15838.0, 11224161, 359125692, 1456929, 49399997, 195874]] [3911326494.0, [117711.0, 2666607, 85328280, 86895, 77870232, 304299]] [301654020, [95, 195220, 6246800, 13140, 6246800, 26250]] [5045182860, [39836, 3327912, 106001424, 38704, 103508112, 416025]] [569751796, [2826, 543942, 17356824, 91462, 7767768, 30384]] [296156136522.0, [15831.0, 191813655, 6138011769, 5340891, 6137123253, 23973306]] [1292049434.0, [1325.0, 891771, 28515872, 51171, 25504800, 102416]]
Arch_Param: [64, 4096, 1024, 8, 1024, 16]
Samsung_cost: [9973760690.0, [6441257.0, 6445089, 412205564, 3236897, 51464892, 403041]] [15494078478, [9891951, 9891951, 633078168, 4912239, 85328280, 668271]] [1292544820, [834570, 834570, 53412240, 417290, 6676880, 52170]] [21084065000, [13613588, 13613588, 871269392, 6806804, 108909584, 850868]] [1529918844, [987846, 987846, 63221784, 493926, 7902744, 61746]] [1188204216174, [767192703, 767192703, 49100323449, 383602047, 6138057081, 47954907]] [36829214794, [23779359, 23779359, 1521878880, 11924511, 190236512, 1490576]]
Model_cost: [8626155958.0, [15838.0, 5615457, 359125692, 1456929, 49399997, 195874]] [3905993502.0, [117711.0, 1333359, 85328280, 86895, 77870232, 304299]] [301288960, [95, 104010, 6246800, 13130, 6246800, 26250]] [5038593156, [39836, 1680596, 106001424, 38684, 103508112, 416025]] [568400372, [2826, 273670, 17356824, 79174, 7767768, 30384]] [295772511066.0, [15831.0, 95907291, 6138011769, 5340891, 6137123253, 23973306]] [1290268482.0, [1325.0, 446687, 28515872, 51143, 25504800, 102416]]
Arch_Param: [64, 4096, 1024, 16, 256, 16]
Samsung_cost: [9801681664.0, [6277929.0, 25112100, 401767932, 3146788, 50350780, 394337]] [15612780558, [9891951, 39567471, 633078168, 4912239, 85328280, 668271]] [1302560060, [834570, 3338270, 53412240, 417310, 6676880, 52170]] [21247429116, [13613588, 54454342, 871269392, 6806854, 108909584, 850868]] [1525241460, [977254, 3908998, 62543896, 488630, 7818008, 61084]] [1197410526702, [767192703, 3068770335, 49100323449, 383602047, 6138057081, 47954907]] [37063426336, [23746591, 94986358, 1519781728, 11908214, 189974368, 1488528]]
Model_cost: [5543447940.0, [8894.0, 12767908, 204263100, 826404, 49399997, 195874]] [3921992478.0, [117711.0, 5333103, 85328280, 86895, 77870232, 304299]] [302435080, [95, 390430, 6246800, 13150, 6246800, 26250]] [5058413208, [39836, 6635334, 106001424, 38734, 103508112, 416025]] [394557492, [1418, 542918, 8686616, 11174, 7768280, 30576]] [296923387434.0, [15831.0, 383626383, 6138011769, 5340891, 6137123253, 23973306]] [1251469032.0, [1049.0, 1647862, 26354976, 34590, 25504800, 101904]]
Arch_Param: [64, 4096, 1024, 16, 512, 16]
Samsung_cost: [9751458482.0, [6277929.0, 12556321, 401767932, 3146785, 50350780, 394337]] [15533645838, [9891951, 19783791, 633078168, 4912239, 85328280, 668271]] [1295883320, [834570, 1669140, 53412240, 417300, 6676880, 52170]] [21138519792, [13613588, 27227176, 871269392, 6806824, 108909584, 850868]] [1517423476, [977254, 1954502, 62543896, 488630, 7818008, 61084]] [1191272986350, [767192703, 1534385247, 49100323449, 383602047, 6138057081, 47954907]] [36873452322, [23746591, 47493179, 1519781728, 11908155, 189974368, 1488528]]
Model_cost: [5517913142.0, [8894.0, 6384225, 204263100, 826401, 49399997, 195874]] [3911326494.0, [117711.0, 2666607, 85328280, 86895, 77870232, 304299]] [301654020, [95, 195220, 6246800, 13140, 6246800, 26250]] [5045182860, [39836, 3327912, 106001424, 38704, 103508112, 416025]] [393470332, [1416, 271974, 8678424, 19366, 7767768, 30384]] [296156136522.0, [15831.0, 191813655, 6138011769, 5340891, 6137123253, 23973306]] [1248172010.0, [1049.0, 823931, 26354976, 34531, 25504800, 101904]]
Arch_Param: [64, 4096, 1024, 16, 1024, 16]
Samsung_cost: [9726354098.0, [6277929.0, 6280225, 401767932, 3146785, 50350780, 394337]] [15494078478, [9891951, 9891951, 633078168, 4912239, 85328280, 668271]] [1292544820, [834570, 834570, 53412240, 417290, 6676880, 52170]] [21084065000, [13613588, 13613588, 871269392, 6806804, 108909584, 850868]] [1513514484, [977254, 977254, 62543896, 488630, 7818008, 61084]] [1188204216174, [767192703, 767192703, 49100323449, 383602047, 6138057081, 47954907]] [36778465354, [23746591, 23746591, 1519781728, 11908127, 189974368, 1488528]]
Model_cost: [5505152054.0, [8894.0, 3193953, 204263100, 826401, 49399997, 195874]] [3905993502.0, [117711.0, 1333359, 85328280, 86895, 77870232, 304299]] [301288960, [95, 104010, 6246800, 13130, 6246800, 26250]] [5038593156, [39836, 1680596, 106001424, 38684, 103508112, 416025]] [392794620, [1416, 136838, 8678424, 13222, 7767768, 30384]] [295772511066.0, [15831.0, 95907291, 6138011769, 5340891, 6137123253, 23973306]] [1246525202.0, [1049.0, 412383, 26354976, 34503, 25504800, 101904]]
Arch_Param: [64, 4096, 1024, 32, 256, 16]
Samsung_cost: [9677001472.0, [6196265.0, 24785444, 396549116, 3101732, 49793724, 389985]] [15612780558, [9891951, 39567471, 633078168, 4912239, 85328280, 668271]] [1302560060, [834570, 3338270, 53412240, 417310, 6676880, 52170]] [21247429116, [13613588, 54454342, 871269392, 6806854, 108909584, 850868]] [1516975728, [971958, 3887814, 62204952, 485982, 7775640, 60753]] [1197410526702, [767192703, 3068770335, 49100323449, 383602047, 6138057081, 47954907]] [37037855008, [23730207, 94920822, 1518733152, 11900022, 189843296, 1487504]]
Model_cost: [3472606044.0, [4504.0, 6404260, 102452412, 415012, 49399997, 195874]] [3921992478.0, [117711.0, 5333103, 85328280, 86895, 77870232, 304299]] [302435080, [95, 390430, 6246800, 13150, 6246800, 26250]] [5058413208, [39836, 6635334, 106001424, 38734, 103508112, 416025]] [383478268, [944, 509030, 8144408, 7254, 7768280, 30576]] [296923387434.0, [15831.0, 383626383, 6138011769, 5340891, 6137123253, 23973306]] [1240275676.0, [948.0, 1613302, 25807008, 30366, 25504800, 101904]]
Arch_Param: [64, 4096, 1024, 32, 512, 16]
Samsung_cost: [9627431602.0, [6196265.0, 12392993, 396549116, 3101729, 49793724, 389985]] [15533645838, [9891951, 19783791, 633078168, 4912239, 85328280, 668271]] [1295883320, [834570, 1669140, 53412240, 417300, 6676880, 52170]] [21138519792, [13613588, 27227176, 871269392, 6806824, 108909584, 850868]] [1509200112, [971958, 1943910, 62204952, 485982, 7775640, 60753]] [1191272986350, [767192703, 1534385247, 49100323449, 383602047, 6138057081, 47954907]] [36848012066, [23730207, 47460411, 1518733152, 11899963, 189843296, 1487504]]
Model_cost: [3459798542.0, [4504.0, 3202401, 102452412, 415009, 49399997, 195874]] [3911326494.0, [117711.0, 2666607, 85328280, 86895, 77870232, 304299]] [301654020, [95, 195220, 6246800, 13140, 6246800, 26250]] [5045182860, [39836, 3327912, 106001424, 38704, 103508112, 416025]] [382449696, [943, 254774, 8140312, 11350, 7767768, 30384]] [296156136522.0, [15831.0, 191813655, 6138011769, 5340891, 6137123253, 23973306]] [1237047774.0, [948.0, 806651, 25807008, 30307, 25504800, 101904]]
Arch_Param: [64, 4096, 1024, 32, 1024, 16]
Samsung_cost: [9602650802.0, [6196265.0, 6197793, 396549116, 3101729, 49793724, 389985]] [15494078478, [9891951, 9891951, 633078168, 4912239, 85328280, 668271]] [1292544820, [834570, 834570, 53412240, 417290, 6676880, 52170]] [21084065000, [13613588, 13613588, 871269392, 6806804, 108909584, 850868]] [1505312304, [971958, 971958, 62204952, 485982, 7775640, 60753]] [1188204216174, [767192703, 767192703, 49100323449, 383602047, 6138057081, 47954907]] [36753090634, [23730207, 23730207, 1518733152, 11899935, 189843296, 1487504]]
Model_cost: [3453398030.0, [4504.0, 1602273, 102452412, 415009, 49399997, 195874]] [3905993502.0, [117711.0, 1333359, 85328280, 86895, 77870232, 304299]] [301288960, [95, 104010, 6246800, 13130, 6246800, 26250]] [5038593156, [39836, 1680596, 106001424, 38684, 103508112, 416025]] [381874272, [943, 127814, 8140312, 8278, 7767768, 30384]] [295772511066.0, [15831.0, 95907291, 6138011769, 5340891, 6137123253, 23973306]] [1235434758.0, [948.0, 403551, 25807008, 30279, 25504800, 101904]]
