[[0, 0, 0, 0, 0, 0, 0, 0, 0, 0, 0], [0, 0, 0, 0, 0, 0, 0, 0, 0, 0, 0], [0, 0, 0, 0, 0, 0, 0, 0, 0, 0, 0], [0, 0, 0, 0, 0, 0, 0, 0, 0, 0, 0]]
Arch_Param: [32, 8192, 32768, 4, 256, 16]
Samsung_cost: [39212611829.44444, [800029.6944444445, 102405697, 1638358008, 12858433, 203074744, 1587489]] [15344483406.0, [309231.0, 39567471, 633078564, 4912239, 85328676, 668271]] [1279942340.0, [26090.0, 3338290, 53412640, 417330, 6677280, 52170]] [20878212564.0, [425444.0, 54454402, 871270432, 6806914, 108910624, 850868]] [1687824588.0, [34398.0, 4402182, 70434864, 550278, 8804400, 68790]] [1176600451698.0, [23974926.0, 3068770335, 49100323923, 383602047, 6138057555, 47954907]] [37838176376.0, [771920.0, 98803948, 1580863168, 12489964, 195940032, 1535120]]
Model_cost: [27559488201.103333, [1882.1108333333334, 80564801, 1288904952, 3294657, 49400505, 120738]] [5506607847.599999, [4006.2000000000016, 10223727, 163578660, 385647, 77870628, 184491]] [302085134.6666667, [12.666666666666666, 390450, 6247200, 13170, 6247200, 13130]] [5051847611.333334, [1270.8333333333333, 6635394, 106002464, 38794, 103509152, 218266]] [1627825053.5999997, [366.19999999999993, 4343302, 69427248, 174726, 7767792, 19803]] [421440492404.6002, [813.9500000000003, 767215743, 12275433555, 28432407, 6137123727, 14212794]] [1683785618.0519233, [118.07328296703301, 2983404, 47652928, 134548, 25506688, 58672]]
Arch_Param: [32, 8192, 32768, 4, 512, 16]
Samsung_cost: [39007800835.44444, [800029.6944444445, 51203108, 1638358008, 12858404, 203074744, 1587489]] [15265348686.0, [309231.0, 19783791, 633078564, 4912239, 85328676, 668271]] [1273265340.0, [26090.0, 1669150, 53412640, 417310, 6677280, 52170]] [20769302460.0, [425444.0, 27227206, 871270432, 6806854, 108910624, 850868]] [1679020236.0, [34398.0, 2201094, 70434864, 550278, 8804400, 68790]] [1170462911346.0, [23974926.0, 1534385247, 49100323923, 383602047, 6138057555, 47954907]] [37640565884.0, [771920.0, 49401974, 1580863168, 12489846, 195940032, 1535120]]
Model_cost: [27398358999.103333, [1882.1108333333334, 40282660, 1288904952, 3294628, 49400505, 120738]] [5486160615.599999, [4006.2000000000016, 5111919, 163578660, 385647, 77870628, 184491]] [301303814.6666667, [12.666666666666666, 195230, 6247200, 13150, 6247200, 13130]] [5038616483.333334, [1270.8333333333333, 3327942, 106002464, 38734, 103509152, 218266]] [1619154845.5999997, [366.19999999999993, 2175750, 69427248, 174726, 7767792, 19803]] [419906064308.6002, [813.9500000000003, 383608719, 12275433555, 28432407, 6137123727, 14212794]] [1677816214.0519233, [118.07328296703301, 1491702, 47652928, 134430, 25506688, 58672]]
Arch_Param: [32, 8192, 32768, 4, 1024, 16]
Samsung_cost: [38905445813.44444, [800029.6944444445, 25614369, 1638358008, 12858401, 203074744, 1587489]] [15225781326.0, [309231.0, 9891951, 633078564, 4912239, 85328676, 668271]] [1269926840.0, [26090.0, 834580, 53412640, 417300, 6677280, 52170]] [20714847408.0, [425444.0, 13613608, 871270432, 6806824, 108910624, 850868]] [1674618060.0, [34398.0, 1100550, 70434864, 550278, 8804400, 68790]] [1167394141170.0, [23974926.0, 767192703, 49100323923, 383602047, 6138057555, 47954907]] [37541760638.0, [771920.0, 24700987, 1580863168, 12489787, 195940032, 1535120]]
Model_cost: [27318217609.103333, [1882.1108333333334, 20247329, 1288904952, 3294625, 49400505, 120738]] [5475936999.599999, [4006.2000000000016, 2556015, 163578660, 385647, 77870628, 184491]] [300938754.6666667, [12.666666666666666, 104020, 6247200, 13140, 6247200, 13130]] [5032026519.333334, [1270.8333333333333, 1680616, 106002464, 38704, 103509152, 218266]] [1614819741.5999997, [366.19999999999993, 1091974, 69427248, 174726, 7767792, 19803]] [419138850260.6002, [813.9500000000003, 191805207, 12275433555, 28432407, 6137123727, 14212794]] [1674863256.0519233, [118.07328296703301, 753787, 47652928, 134371, 25506688, 58672]]
Arch_Param: [32, 8192, 32768, 8, 256, 16]
Samsung_cost: [19655103050.77778, [400883.02777777775, 51312193, 820923384, 6444097, 102001848, 797857]] [15344483406.0, [309231.0, 39567471, 633078564, 4912239, 85328676, 668271]] [1279942340.0, [26090.0, 3338290, 53412640, 417330, 6677280, 52170]] [20878212564.0, [425444.0, 54454402, 871270432, 6806914, 108910624, 850868]] [1572594140.0, [32050.0, 4101638, 65626160, 512710, 8203312, 64094]] [1176600451698.0, [23974926.0, 3068770335, 49100323923, 383602047, 6138057555, 47954907]] [36925824120.0, [752720.0, 96346348, 1541541568, 12113132, 192138944, 1505424]]
Model_cost: [14970706310.05167, [988.28755952381, 41814593, 668963704, 1706881, 49400505, 120738]] [3915466978.7999983, [3786.6000000000013, 5333103, 85328676, 86895, 77870628, 184491]] [302085134.6666667, [12.666666666666666, 390450, 6247200, 13170, 6247200, 13130]] [5051847611.333334, [1270.8333333333333, 6635394, 106002464, 38794, 103509152, 218266]] [922939507.1999998, [186.39999999999998, 2171654, 34713648, 87366, 7767792, 19803]] [296649690235.3002, [630.4750000000001, 383626383, 6138012243, 5340891, 6137123727, 14212794]] [1382275045.7134614, [79.9183379120879, 2055020, 32839552, 67028, 25506688, 57136]]
Arch_Param: [32, 8192, 32768, 8, 512, 16]
Samsung_cost: [19552479064.77778, [400883.02777777775, 25656356, 820923384, 6444068, 102001848, 797857]] [15265348686.0, [309231.0, 19783791, 633078564, 4912239, 85328676, 668271]] [1273265340.0, [26090.0, 1669150, 53412640, 417310, 6677280, 52170]] [20769302460.0, [425444.0, 27227206, 871270432, 6806854, 108910624, 850868]] [1564390876.0, [32050.0, 2050822, 65626160, 512710, 8203312, 64094]] [1170462911346.0, [23974926.0, 1534385247, 49100323923, 383602047, 6138057555, 47954907]] [36733128828.0, [752720.0, 48173174, 1541541568, 12113014, 192138944, 1505424]]
Model_cost: [14887077524.05167, [988.28755952381, 20907556, 668963704, 1706852, 49400505, 120738]] [3904800994.7999983, [3786.6000000000013, 2666607, 85328676, 86895, 77870628, 184491]] [301303814.6666667, [12.666666666666666, 195230, 6247200, 13150, 6247200, 13130]] [5038616483.333334, [1270.8333333333333, 3327942, 106002464, 38734, 103509152, 218266]] [918604403.1999998, [186.39999999999998, 1087878, 34713648, 87366, 7767792, 19803]] [295882439323.3002, [630.4750000000001, 191813655, 6138012243, 5340891, 6137123727, 14212794]] [1378162409.7134614, [79.9183379120879, 1027510, 32839552, 66910, 25506688, 57136]]
Arch_Param: [32, 8192, 32768, 8, 1024, 16]
Samsung_cost: [19501192970.77778, [400883.02777777775, 12834849, 820923384, 6444065, 102001848, 797857]] [15225781326.0, [309231.0, 9891951, 633078564, 4912239, 85328676, 668271]] [1269926840.0, [26090.0, 834580, 53412640, 417300, 6677280, 52170]] [20714847408.0, [425444.0, 13613608, 871270432, 6806824, 108910624, 850868]] [1560289244.0, [32050.0, 1025414, 65626160, 512710, 8203312, 64094]] [1167394141170.0, [23974926.0, 767192703, 49100323923, 383602047, 6138057555, 47954907]] [36636781182.0, [752720.0, 24086587, 1541541568, 12112955, 192138944, 1505424]]
Model_cost: [14845474886.05167, [988.28755952381, 10506913, 668963704, 1706849, 49400505, 120738]] [3899468002.7999983, [3786.6000000000013, 1333359, 85328676, 86895, 77870628, 184491]] [300938754.6666667, [12.666666666666666, 104020, 6247200, 13140, 6247200, 13130]] [5032026519.333334, [1270.8333333333333, 1680616, 106002464, 38704, 103509152, 218266]] [916436851.1999998, [186.39999999999998, 545990, 34713648, 87366, 7767792, 19803]] [295498813867.3002, [630.4750000000001, 95907291, 6138012243, 5340891, 6137123727, 14212794]] [1376122347.7134614, [79.9183379120879, 517819, 32839552, 66851, 25506688, 57136]]
Arch_Param: [32, 8192, 32768, 16, 256, 16]
Samsung_cost: [9876348661.444445, [201309.69444444444, 25765441, 412206072, 3236929, 51465400, 403041]] [15344483406.0, [309231.0, 39567471, 633078564, 4912239, 85328676, 668271]] [1279942340.0, [26090.0, 3338290, 53412640, 417330, 6677280, 52170]] [20878212564.0, [425444.0, 54454402, 871270432, 6806914, 108910624, 850868]] [1514978916.0, [30876.0, 3951366, 63221808, 493926, 7902768, 61746]] [1176600451698.0, [23974926.0, 3068770335, 49100323923, 383602047, 6138057555, 47954907]] [36469647992.0, [743120.0, 95117548, 1521880768, 11924716, 190238400, 1490576]]
Model_cost: [8679030048.838331, [541.244226190476, 22447809, 359126200, 913857, 49400505, 120738]] [3915466978.7999983, [3786.6000000000013, 5333103, 85328676, 86895, 77870628, 184491]] [302085134.6666667, [12.666666666666666, 390450, 6247200, 13170, 6247200, 13130]] [5051847611.333334, [1270.8333333333333, 6635394, 106002464, 38794, 103509152, 218266]] [570496725.5999999, [96.19999999999999, 1085830, 17356848, 43686, 7767792, 19803]] [296649690235.3002, [630.4750000000001, 383626383, 6138012243, 5340891, 6137123727, 14212794]] [1294282997.3711538, [62.19182692307692, 1783660, 28517760, 45652, 25506688, 57136]]
Arch_Param: [32, 8192, 32768, 16, 512, 16]
Samsung_cost: [9824818179.444445, [201309.69444444444, 12882980, 412206072, 3236900, 51465400, 403041]] [15265348686.0, [309231.0, 19783791, 633078564, 4912239, 85328676, 668271]] [1273265340.0, [26090.0, 1669150, 53412640, 417310, 6677280, 52170]] [20769302460.0, [425444.0, 27227206, 871270432, 6806854, 108910624, 850868]] [1507076196.0, [30876.0, 1975686, 63221808, 493926, 7902768, 61746]] [1170462911346.0, [23974926.0, 1534385247, 49100323923, 383602047, 6138057555, 47954907]] [36279410300.0, [743120.0, 47558774, 1521880768, 11924598, 190238400, 1490576]]
Model_cost: [8634134830.838331, [541.244226190476, 11224164, 359126200, 913828, 49400505, 120738]] [3904800994.7999983, [3786.6000000000013, 2666607, 85328676, 86895, 77870628, 184491]] [301303814.6666667, [12.666666666666666, 195230, 6247200, 13150, 6247200, 13130]] [5038616483.333334, [1270.8333333333333, 3327942, 106002464, 38734, 103509152, 218266]] [568329173.5999999, [96.19999999999999, 543942, 17356848, 43686, 7767792, 19803]] [295882439323.3002, [630.4750000000001, 191813655, 6138012243, 5340891, 6137123727, 14212794]] [1290713081.3711538, [62.19182692307692, 891830, 28517760, 45534, 25506688, 57136]]
Arch_Param: [32, 8192, 32768, 16, 1024, 16]
Samsung_cost: [9799066549.444445, [201309.69444444444, 6445089, 412206072, 3236897, 51465400, 403041]] [15225781326.0, [309231.0, 9891951, 633078564, 4912239, 85328676, 668271]] [1269926840.0, [26090.0, 834580, 53412640, 417300, 6677280, 52170]] [20714847408.0, [425444.0, 13613608, 871270432, 6806824, 108910624, 850868]] [1503124836.0, [30876.0, 987846, 63221808, 493926, 7902768, 61746]] [1167394141170.0, [23974926.0, 767192703, 49100323923, 383602047, 6138057555, 47954907]] [36184291454.0, [743120.0, 23779387, 1521880768, 11924539, 190238400, 1490576]]
Model_cost: [8611793632.838331, [541.244226190476, 5638881, 359126200, 913825, 49400505, 120738]] [3899468002.7999983, [3786.6000000000013, 1333359, 85328676, 86895, 77870628, 184491]] [300938754.6666667, [12.666666666666666, 104020, 6247200, 13140, 6247200, 13130]] [5032026519.333334, [1270.8333333333333, 1680616, 106002464, 38704, 103509152, 218266]] [567245397.5999999, [96.19999999999999, 272998, 17356848, 43686, 7767792, 19803]] [295498813867.3002, [630.4750000000001, 95907291, 6138012243, 5340891, 6137123727, 14212794]] [1288936699.3711538, [62.19182692307692, 448059, 28517760, 45475, 25506688, 57136]]
Arch_Param: [32, 8192, 32768, 32, 256, 16]
Samsung_cost: [9631418698.777779, [196211.02777777778, 25112129, 401768440, 3146817, 50351288, 394337]] [15344483406.0, [309231.0, 39567471, 633078564, 4912239, 85328676, 668271]] [1279942340.0, [26090.0, 3338290, 53412640, 417330, 6677280, 52170]] [20878212564.0, [425444.0, 54454402, 871270432, 6806914, 108910624, 850868]] [1498734760.0, [30545.0, 3908998, 62543920, 488630, 7818032, 61084]] [1176600451698.0, [23974926.0, 3068770335, 49100323923, 383602047, 6138057555, 47954907]] [36419394168.0, [742096.0, 94986476, 1519783616, 11908332, 189976256, 1488528]]
Model_cost: [5534334134.418335, [318.0149404761906, 12767937, 204263608, 517569, 49400505, 120738]] [3915466978.7999983, [3786.6000000000013, 5333103, 85328676, 86895, 77870628, 184491]] [302085134.6666667, [12.666666666666666, 390450, 6247200, 13170, 6247200, 13130]] [5051847611.333334, [1270.8333333333333, 6635394, 106002464, 38794, 103509152, 218266]] [393834869.6, [64.2, 542918, 8678448, 5718, 7767792, 16731]] [296649690235.3002, [630.4750000000001, 383626383, 6138012243, 5340891, 6137123727, 14212794]] [1250264445.2, [53.32857142857143, 1647980, 26356864, 33940, 25506688, 57136]]
Arch_Param: [32, 8192, 32768, 32, 512, 16]
Samsung_cost: [9581194840.777779, [196211.02777777778, 12556324, 401768440, 3146788, 50351288, 394337]] [15265348686.0, [309231.0, 19783791, 633078564, 4912239, 85328676, 668271]] [1273265340.0, [26090.0, 1669150, 53412640, 417310, 6677280, 52170]] [20769302460.0, [425444.0, 27227206, 871270432, 6806854, 108910624, 850868]] [1490916776.0, [30545.0, 1954502, 62543920, 488630, 7818032, 61084]] [1170462911346.0, [23974926.0, 1534385247, 49100323923, 383602047, 6138057555, 47954907]] [36229418620.0, [742096.0, 47493238, 1519783616, 11908214, 189976256, 1488528]]
Model_cost: [5508798660.418335, [318.0149404761906, 6384228, 204263608, 517540, 49400505, 120738]] [3904800994.7999983, [3786.6000000000013, 2666607, 85328676, 86895, 77870628, 184491]] [301303814.6666667, [12.666666666666666, 195230, 6247200, 13150, 6247200, 13130]] [5038616483.333334, [1270.8333333333333, 3327942, 106002464, 38734, 103509152, 218266]] [392751093.6, [64.2, 271974, 8678448, 5718, 7767792, 16731]] [295882439323.3002, [630.4750000000001, 191813655, 6138012243, 5340891, 6137123727, 14212794]] [1246965889.2, [53.32857142857143, 823990, 26356864, 33822, 25506688, 57136]]
Arch_Param: [32, 8192, 32768, 32, 1024, 16]
Samsung_cost: [9556090378.777779, [196211.02777777778, 6280225, 401768440, 3146785, 50351288, 394337]] [15225781326.0, [309231.0, 9891951, 633078564, 4912239, 85328676, 668271]] [1269926840.0, [26090.0, 834580, 53412640, 417300, 6677280, 52170]] [20714847408.0, [425444.0, 13613608, 871270432, 6806824, 108910624, 850868]] [1487007784.0, [30545.0, 977254, 62543920, 488630, 7818032, 61084]] [1167394141170.0, [23974926.0, 767192703, 49100323923, 383602047, 6138057555, 47954907]] [36134430846.0, [742096.0, 23746619, 1519783616, 11908155, 189976256, 1488528]]
Model_cost: [5496085110.418335, [318.0149404761906, 3205857, 204263608, 517537, 49400505, 120738]] [3899468002.7999983, [3786.6000000000013, 1333359, 85328676, 86895, 77870628, 184491]] [300938754.6666667, [12.666666666666666, 104020, 6247200, 13140, 6247200, 13130]] [5032026519.333334, [1270.8333333333333, 1680616, 106002464, 38704, 103509152, 218266]] [392209205.6, [64.2, 136502, 8678448, 5718, 7767792, 16731]] [295498813867.3002, [630.4750000000001, 95907291, 6138012243, 5340891, 6137123727, 14212794]] [1245321347.2, [53.32857142857143, 413179, 26356864, 33763, 25506688, 57136]]
Arch_Param: [32, 8192, 16384, 4, 256, 16]
Samsung_cost: [39235014176.0, [1600113.5, 102405697, 1638358008, 12858433, 203074744, 1587489]] [15353138766.0, [618351.0, 39567471, 633078564, 4912239, 85328676, 668271]] [1280672580.0, [52170.0, 3338290, 53412640, 417330, 6677280, 52170]] [20890124436.0, [850868.0, 54454402, 871270432, 6806914, 108910624, 850868]] [1688787564.0, [68790.0, 4402182, 70434864, 550278, 8804400, 68790]] [1177271745174.0, [47949693.0, 3068770335, 49100323923, 383602047, 6138057555, 47954907]] [37859789688.0, [1543824.0, 98803948, 1580863168, 12489964, 195940032, 1535120]]
Model_cost: [27559539980.12162, [3731.3614864864867, 80564801, 1288904952, 3294657, 49400505, 120738]] [5506717182.0, [7911.0, 10223727, 163578660, 385647, 77870628, 184491]] [302085209.3333333, [15.333333333333332, 390450, 6247200, 13170, 6247200, 13130]] [5051882354.666666, [2511.6666666666665, 6635394, 106002464, 38794, 103509152, 218266]] [1627834708.0, [711.0, 4343302, 69427248, 174726, 7767792, 19803]] [421440511157.5999, [1483.7000000000003, 767215743, 12275433555, 28432407, 6137123727, 14212794]] [1683788886.75, [234.8125, 2983404, 47652928, 134548, 25506688, 58672]]
Arch_Param: [32, 8192, 16384, 4, 512, 16]
Samsung_cost: [39030203182.0, [1600113.5, 51203108, 1638358008, 12858404, 203074744, 1587489]] [15274004046.0, [618351.0, 19783791, 633078564, 4912239, 85328676, 668271]] [1273995580.0, [52170.0, 1669150, 53412640, 417310, 6677280, 52170]] [20781214332.0, [850868.0, 27227206, 871270432, 6806854, 108910624, 850868]] [1679983212.0, [68790.0, 2201094, 70434864, 550278, 8804400, 68790]] [1171134204822.0, [47949693.0, 1534385247, 49100323923, 383602047, 6138057555, 47954907]] [37662179196.0, [1543824.0, 49401974, 1580863168, 12489846, 195940032, 1535120]]
Model_cost: [27398410778.12162, [3731.3614864864867, 40282660, 1288904952, 3294628, 49400505, 120738]] [5486269950.0, [7911.0, 5111919, 163578660, 385647, 77870628, 184491]] [301303889.3333333, [15.333333333333332, 195230, 6247200, 13150, 6247200, 13130]] [5038651226.666666, [2511.6666666666665, 3327942, 106002464, 38734, 103509152, 218266]] [1619164500.0, [711.0, 2175750, 69427248, 174726, 7767792, 19803]] [419906083061.5999, [1483.7000000000003, 383608719, 12275433555, 28432407, 6137123727, 14212794]] [1677819482.75, [234.8125, 1491702, 47652928, 134430, 25506688, 58672]]
Arch_Param: [32, 8192, 16384, 4, 1024, 16]
Samsung_cost: [38927848160.0, [1600113.5, 25614369, 1638358008, 12858401, 203074744, 1587489]] [15234436686.0, [618351.0, 9891951, 633078564, 4912239, 85328676, 668271]] [1270657080.0, [52170.0, 834580, 53412640, 417300, 6677280, 52170]] [20726759280.0, [850868.0, 13613608, 871270432, 6806824, 108910624, 850868]] [1675581036.0, [68790.0, 1100550, 70434864, 550278, 8804400, 68790]] [1168065434646.0, [47949693.0, 767192703, 49100323923, 383602047, 6138057555, 47954907]] [37563373950.0, [1543824.0, 24700987, 1580863168, 12489787, 195940032, 1535120]]
Model_cost: [27318269388.12162, [3731.3614864864867, 20247329, 1288904952, 3294625, 49400505, 120738]] [5476046334.0, [7911.0, 2556015, 163578660, 385647, 77870628, 184491]] [300938829.3333333, [15.333333333333332, 104020, 6247200, 13140, 6247200, 13130]] [5032061262.666666, [2511.6666666666665, 1680616, 106002464, 38704, 103509152, 218266]] [1614829396.0, [711.0, 1091974, 69427248, 174726, 7767792, 19803]] [419138869013.5999, [1483.7000000000003, 191805207, 12275433555, 28432407, 6137123727, 14212794]] [1674866524.75, [234.8125, 753787, 47652928, 134371, 25506688, 58672]]
Arch_Param: [32, 8192, 16384, 8, 256, 16]
Samsung_cost: [19666328096.0, [801777.5, 51312193, 820923384, 6444097, 102001848, 797857]] [15353138766.0, [618351.0, 39567471, 633078564, 4912239, 85328676, 668271]] [1280672580.0, [52170.0, 3338290, 53412640, 417330, 6677280, 52170]] [20890124436.0, [850868.0, 54454402, 871270432, 6806914, 108910624, 850868]] [1573491372.0, [64094.0, 4101638, 65626160, 512710, 8203312, 64094]] [1177271745174.0, [47949693.0, 3068770335, 49100323923, 383602047, 6138057555, 47954907]] [36946899832.0, [1505424.0, 96346348, 1541541568, 12113132, 192138944, 1505424]]
Model_cost: [14970732172.06081, [1911.9307432432433, 41814593, 668963704, 1706881, 49400505, 120738]] [3915570030.0, [7467.0, 5333103, 85328676, 86895, 77870628, 184491]] [302085209.3333333, [15.333333333333332, 390450, 6247200, 13170, 6247200, 13130]] [5051882354.666666, [2511.6666666666665, 6635394, 106002464, 38794, 103509152, 218266]] [922945348.0, [395.0, 2171654, 34713648, 87366, 7767792, 19803]] [296649703643.7999, [1109.3500000000001, 383626383, 6138012243, 5340891, 6137123727, 14212794]] [1382276862.75, [144.8125, 2055020, 32839552, 67028, 25506688, 57136]]
Arch_Param: [32, 8192, 16384, 8, 512, 16]
Samsung_cost: [19563704110.0, [801777.5, 25656356, 820923384, 6444068, 102001848, 797857]] [15274004046.0, [618351.0, 19783791, 633078564, 4912239, 85328676, 668271]] [1273995580.0, [52170.0, 1669150, 53412640, 417310, 6677280, 52170]] [20781214332.0, [850868.0, 27227206, 871270432, 6806854, 108910624, 850868]] [1565288108.0, [64094.0, 2050822, 65626160, 512710, 8203312, 64094]] [1171134204822.0, [47949693.0, 1534385247, 49100323923, 383602047, 6138057555, 47954907]] [36754204540.0, [1505424.0, 48173174, 1541541568, 12113014, 192138944, 1505424]]
Model_cost: [14887103386.06081, [1911.9307432432433, 20907556, 668963704, 1706852, 49400505, 120738]] [3904904046.0, [7467.0, 2666607, 85328676, 86895, 77870628, 184491]] [301303889.3333333, [15.333333333333332, 195230, 6247200, 13150, 6247200, 13130]] [5038651226.666666, [2511.6666666666665, 3327942, 106002464, 38734, 103509152, 218266]] [918610244.0, [395.0, 1087878, 34713648, 87366, 7767792, 19803]] [295882452731.7999, [1109.3500000000001, 191813655, 6138012243, 5340891, 6137123727, 14212794]] [1378164226.75, [144.8125, 1027510, 32839552, 66910, 25506688, 57136]]
Arch_Param: [32, 8192, 16384, 8, 1024, 16]
Samsung_cost: [19512418016.0, [801777.5, 12834849, 820923384, 6444065, 102001848, 797857]] [15234436686.0, [618351.0, 9891951, 633078564, 4912239, 85328676, 668271]] [1270657080.0, [52170.0, 834580, 53412640, 417300, 6677280, 52170]] [20726759280.0, [850868.0, 13613608, 871270432, 6806824, 108910624, 850868]] [1561186476.0, [64094.0, 1025414, 65626160, 512710, 8203312, 64094]] [1168065434646.0, [47949693.0, 767192703, 49100323923, 383602047, 6138057555, 47954907]] [36657856894.0, [1505424.0, 24086587, 1541541568, 12112955, 192138944, 1505424]]
Model_cost: [14845500748.06081, [1911.9307432432433, 10506913, 668963704, 1706849, 49400505, 120738]] [3899571054.0, [7467.0, 1333359, 85328676, 86895, 77870628, 184491]] [300938829.3333333, [15.333333333333332, 104020, 6247200, 13140, 6247200, 13130]] [5032061262.666666, [2511.6666666666665, 1680616, 106002464, 38704, 103509152, 218266]] [916442692.0, [395.0, 545990, 34713648, 87366, 7767792, 19803]] [295498827275.7999, [1109.3500000000001, 95907291, 6138012243, 5340891, 6137123727, 14212794]] [1376124164.75, [144.8125, 517819, 32839552, 66851, 25506688, 57136]]
Arch_Param: [32, 8192, 16384, 16, 256, 16]
Samsung_cost: [9881985056.0, [402609.5, 25765441, 412206072, 3236929, 51465400, 403041]] [15353138766.0, [618351.0, 39567471, 633078564, 4912239, 85328676, 668271]] [1280672580.0, [52170.0, 3338290, 53412640, 417330, 6677280, 52170]] [20890124436.0, [850868.0, 54454402, 871270432, 6806914, 108910624, 850868]] [1515843276.0, [61746.0, 3951366, 63221808, 493926, 7902768, 61746]] [1177271745174.0, [47949693.0, 3068770335, 49100323923, 383602047, 6138057555, 47954907]] [36490454904.0, [1486224.0, 95117548, 1521880768, 11924716, 190238400, 1490576]]
Model_cost: [8679045296.655405, [1085.8091216216217, 22447809, 359126200, 913857, 49400505, 120738]] [3915570030.0, [7467.0, 5333103, 85328676, 86895, 77870628, 184491]] [302085209.3333333, [15.333333333333332, 390450, 6247200, 13170, 6247200, 13130]] [5051882354.666666, [2511.6666666666665, 6635394, 106002464, 38794, 103509152, 218266]] [570499660.0, [201.0, 1085830, 17356848, 43686, 7767792, 19803]] [296649703643.7999, [1109.3500000000001, 383626383, 6138012243, 5340891, 6137123727, 14212794]] [1294284194.25, [104.9375, 1783660, 28517760, 45652, 25506688, 57136]]
Arch_Param: [32, 8192, 16384, 16, 512, 16]
Samsung_cost: [9830454574.0, [402609.5, 12882980, 412206072, 3236900, 51465400, 403041]] [15274004046.0, [618351.0, 19783791, 633078564, 4912239, 85328676, 668271]] [1273995580.0, [52170.0, 1669150, 53412640, 417310, 6677280, 52170]] [20781214332.0, [850868.0, 27227206, 871270432, 6806854, 108910624, 850868]] [1507940556.0, [61746.0, 1975686, 63221808, 493926, 7902768, 61746]] [1171134204822.0, [47949693.0, 1534385247, 49100323923, 383602047, 6138057555, 47954907]] [36300217212.0, [1486224.0, 47558774, 1521880768, 11924598, 190238400, 1490576]]
Model_cost: [8634150078.655405, [1085.8091216216217, 11224164, 359126200, 913828, 49400505, 120738]] [3904904046.0, [7467.0, 2666607, 85328676, 86895, 77870628, 184491]] [301303889.3333333, [15.333333333333332, 195230, 6247200, 13150, 6247200, 13130]] [5038651226.666666, [2511.6666666666665, 3327942, 106002464, 38734, 103509152, 218266]] [568332108.0, [201.0, 543942, 17356848, 43686, 7767792, 19803]] [295882452731.7999, [1109.3500000000001, 191813655, 6138012243, 5340891, 6137123727, 14212794]] [1290714278.25, [104.9375, 891830, 28517760, 45534, 25506688, 57136]]
Arch_Param: [32, 8192, 16384, 16, 1024, 16]
Samsung_cost: [9804702944.0, [402609.5, 6445089, 412206072, 3236897, 51465400, 403041]] [15234436686.0, [618351.0, 9891951, 633078564, 4912239, 85328676, 668271]] [1270657080.0, [52170.0, 834580, 53412640, 417300, 6677280, 52170]] [20726759280.0, [850868.0, 13613608, 871270432, 6806824, 108910624, 850868]] [1503989196.0, [61746.0, 987846, 63221808, 493926, 7902768, 61746]] [1168065434646.0, [47949693.0, 767192703, 49100323923, 383602047, 6138057555, 47954907]] [36205098366.0, [1486224.0, 23779387, 1521880768, 11924539, 190238400, 1490576]]
Model_cost: [8611808880.655405, [1085.8091216216217, 5638881, 359126200, 913825, 49400505, 120738]] [3899571054.0, [7467.0, 1333359, 85328676, 86895, 77870628, 184491]] [300938829.3333333, [15.333333333333332, 104020, 6247200, 13140, 6247200, 13130]] [5032061262.666666, [2511.6666666666665, 1680616, 106002464, 38704, 103509152, 218266]] [567248332.0, [201.0, 272998, 17356848, 43686, 7767792, 19803]] [295498827275.7999, [1109.3500000000001, 95907291, 6138012243, 5340891, 6137123727, 14212794]] [1288937896.25, [104.9375, 448059, 28517760, 45475, 25506688, 57136]]
Arch_Param: [32, 8192, 16384, 32, 256, 16]
Samsung_cost: [9636912032.0, [392401.5, 25112129, 401768440, 3146817, 50351288, 394337]] [15353138766.0, [618351.0, 39567471, 633078564, 4912239, 85328676, 668271]] [1280672580.0, [52170.0, 3338290, 53412640, 417330, 6677280, 52170]] [20890124436.0, [850868.0, 54454402, 871270432, 6806914, 108910624, 850868]] [1499589852.0, [61084.0, 3908998, 62543920, 488630, 7818032, 61084]] [1177271745174.0, [47949693.0, 3068770335, 49100323923, 383602047, 6138057555, 47954907]] [36440172408.0, [1484176.0, 94986476, 1519783616, 11908332, 189976256, 1488528]]
Model_cost: [5534343843.331081, [664.7618243243244, 12767937, 204263608, 517569, 49400505, 120738]] [3915570030.0, [7467.0, 5333103, 85328676, 86895, 77870628, 184491]] [302085209.3333333, [15.333333333333332, 390450, 6247200, 13170, 6247200, 13130]] [5051882354.666666, [2511.6666666666665, 6635394, 106002464, 38794, 103509152, 218266]] [393835984.0, [104.0, 542918, 8678448, 5718, 7767792, 16731]] [296649703643.7999, [1109.3500000000001, 383626383, 6138012243, 5340891, 6137123727, 14212794]] [1250265388.0, [87.0, 1647980, 26356864, 33940, 25506688, 57136]]
Arch_Param: [32, 8192, 16384, 32, 512, 16]
Samsung_cost: [9586688174.0, [392401.5, 12556324, 401768440, 3146788, 50351288, 394337]] [15274004046.0, [618351.0, 19783791, 633078564, 4912239, 85328676, 668271]] [1273995580.0, [52170.0, 1669150, 53412640, 417310, 6677280, 52170]] [20781214332.0, [850868.0, 27227206, 871270432, 6806854, 108910624, 850868]] [1491771868.0, [61084.0, 1954502, 62543920, 488630, 7818032, 61084]] [1171134204822.0, [47949693.0, 1534385247, 49100323923, 383602047, 6138057555, 47954907]] [36250196860.0, [1484176.0, 47493238, 1519783616, 11908214, 189976256, 1488528]]
Model_cost: [5508808369.331081, [664.7618243243244, 6384228, 204263608, 517540, 49400505, 120738]] [3904904046.0, [7467.0, 2666607, 85328676, 86895, 77870628, 184491]] [301303889.3333333, [15.333333333333332, 195230, 6247200, 13150, 6247200, 13130]] [5038651226.666666, [2511.6666666666665, 3327942, 106002464, 38734, 103509152, 218266]] [392752208.0, [104.0, 271974, 8678448, 5718, 7767792, 16731]] [295882452731.7999, [1109.3500000000001, 191813655, 6138012243, 5340891, 6137123727, 14212794]] [1246966832.0, [87.0, 823990, 26356864, 33822, 25506688, 57136]]
Arch_Param: [32, 8192, 16384, 32, 1024, 16]
Samsung_cost: [9561583712.0, [392401.5, 6280225, 401768440, 3146785, 50351288, 394337]] [15234436686.0, [618351.0, 9891951, 633078564, 4912239, 85328676, 668271]] [1270657080.0, [52170.0, 834580, 53412640, 417300, 6677280, 52170]] [20726759280.0, [850868.0, 13613608, 871270432, 6806824, 108910624, 850868]] [1487862876.0, [61084.0, 977254, 62543920, 488630, 7818032, 61084]] [1168065434646.0, [47949693.0, 767192703, 49100323923, 383602047, 6138057555, 47954907]] [36155209086.0, [1484176.0, 23746619, 1519783616, 11908155, 189976256, 1488528]]
Model_cost: [5496094819.331081, [664.7618243243244, 3205857, 204263608, 517537, 49400505, 120738]] [3899571054.0, [7467.0, 1333359, 85328676, 86895, 77870628, 184491]] [300938829.3333333, [15.333333333333332, 104020, 6247200, 13140, 6247200, 13130]] [5032061262.666666, [2511.6666666666665, 1680616, 106002464, 38704, 103509152, 218266]] [392210320.0, [104.0, 136502, 8678448, 5718, 7767792, 16731]] [295498827275.7999, [1109.3500000000001, 95907291, 6138012243, 5340891, 6137123727, 14212794]] [1245322290.0, [87.0, 413179, 26356864, 33763, 25506688, 57136]]
Arch_Param: [32, 8192, 8192, 4, 256, 16]
Samsung_cost: [39279816430.0, [3200194.0, 102405697, 1638358008, 12858433, 203074744, 1587489]] [15370449486.0, [1236591.0, 39567471, 633078564, 4912239, 85328676, 668271]] [1282133060, [104330, 3338290, 53412640, 417330, 6677280, 52170]] [20913948180, [1701716, 54454402, 871270432, 6806914, 108910624, 850868]] [1690713516, [137574, 4402182, 70434864, 550278, 8804400, 68790]] [1178614332126.0, [95899227.0, 3068770335, 49100323923, 383602047, 6138057555, 47954907]] [37903016312.0, [3087632.0, 98803948, 1580863168, 12489964, 195940032, 1535120]]
Model_cost: [27559639223.0, [7275.75, 80564801, 1288904952, 3294657, 49400505, 120738]] [5506935582.0, [15711.0, 10223727, 163578660, 385647, 77870628, 184491]] [302085368.0, [21.0, 390450, 6247200, 13170, 6247200, 13130]] [5051952140.0, [5004.0, 6635394, 106002464, 38794, 103509152, 218266]] [1627854448.0, [1416.0, 4343302, 69427248, 174726, 7767792, 19803]] [421440552550.0, [2962.0, 767215743, 12275433555, 28432407, 6137123727, 14212794]] [1683794817.5, [446.625, 2983404, 47652928, 134548, 25506688, 58672]]
Arch_Param: [32, 8192, 8192, 4, 512, 16]
Samsung_cost: [39075005436.0, [3200194.0, 51203108, 1638358008, 12858404, 203074744, 1587489]] [15291314766.0, [1236591.0, 19783791, 633078564, 4912239, 85328676, 668271]] [1275456060, [104330, 1669150, 53412640, 417310, 6677280, 52170]] [20805038076, [1701716, 27227206, 871270432, 6806854, 108910624, 850868]] [1681909164, [137574, 2201094, 70434864, 550278, 8804400, 68790]] [1172476791774.0, [95899227.0, 1534385247, 49100323923, 383602047, 6138057555, 47954907]] [37705405820.0, [3087632.0, 49401974, 1580863168, 12489846, 195940032, 1535120]]
Model_cost: [27398510021.0, [7275.75, 40282660, 1288904952, 3294628, 49400505, 120738]] [5486488350.0, [15711.0, 5111919, 163578660, 385647, 77870628, 184491]] [301304048.0, [21.0, 195230, 6247200, 13150, 6247200, 13130]] [5038721012.0, [5004.0, 3327942, 106002464, 38734, 103509152, 218266]] [1619184240.0, [1416.0, 2175750, 69427248, 174726, 7767792, 19803]] [419906124454.0, [2962.0, 383608719, 12275433555, 28432407, 6137123727, 14212794]] [1677825413.5, [446.625, 1491702, 47652928, 134430, 25506688, 58672]]
Arch_Param: [32, 8192, 8192, 4, 1024, 16]
Samsung_cost: [38972650414.0, [3200194.0, 25614369, 1638358008, 12858401, 203074744, 1587489]] [15251747406.0, [1236591.0, 9891951, 633078564, 4912239, 85328676, 668271]] [1272117560, [104330, 834580, 53412640, 417300, 6677280, 52170]] [20750583024, [1701716, 13613608, 871270432, 6806824, 108910624, 850868]] [1677506988, [137574, 1100550, 70434864, 550278, 8804400, 68790]] [1169408021598.0, [95899227.0, 767192703, 49100323923, 383602047, 6138057555, 47954907]] [37606600574.0, [3087632.0, 24700987, 1580863168, 12489787, 195940032, 1535120]]
Model_cost: [27318368631.0, [7275.75, 20247329, 1288904952, 3294625, 49400505, 120738]] [5476264734.0, [15711.0, 2556015, 163578660, 385647, 77870628, 184491]] [300938988.0, [21.0, 104020, 6247200, 13140, 6247200, 13130]] [5032131048.0, [5004.0, 1680616, 106002464, 38704, 103509152, 218266]] [1614849136.0, [1416.0, 1091974, 69427248, 174726, 7767792, 19803]] [419138910406.0, [2962.0, 191805207, 12275433555, 28432407, 6137123727, 14212794]] [1674872455.5, [446.625, 753787, 47652928, 134371, 25506688, 58672]]
Arch_Param: [32, 8192, 8192, 8, 256, 16]
Samsung_cost: [19688776942.0, [1603522.0, 51312193, 820923384, 6444097, 102001848, 797857]] [15370449486.0, [1236591.0, 39567471, 633078564, 4912239, 85328676, 668271]] [1282133060, [104330, 3338290, 53412640, 417330, 6677280, 52170]] [20913948180, [1701716, 54454402, 871270432, 6806914, 108910624, 850868]] [1575285836, [128182, 4101638, 65626160, 512710, 8203312, 64094]] [1178614332126.0, [95899227.0, 3068770335, 49100323923, 383602047, 6138057555, 47954907]] [36989051256.0, [3010832.0, 96346348, 1541541568, 12113132, 192138944, 1505424]]
Model_cost: [14970784790.277779, [3791.152777777778, 41814593, 668963704, 1706881, 49400505, 120738]] [3915775998.0, [14823.0, 5333103, 85328676, 86895, 77870628, 184491]] [302085368.0, [21.0, 390450, 6247200, 13170, 6247200, 13130]] [5051952140.0, [5004.0, 6635394, 106002464, 38794, 103509152, 218266]] [922954196.0, [711.0, 2171654, 34713648, 87366, 7767792, 19803]] [296649732404.0, [2136.5, 383626383, 6138012243, 5340891, 6137123727, 14212794]] [1382279937.5, [254.625, 2055020, 32839552, 67028, 25506688, 57136]]
Arch_Param: [32, 8192, 8192, 8, 512, 16]
Samsung_cost: [19586152956.0, [1603522.0, 25656356, 820923384, 6444068, 102001848, 797857]] [15291314766.0, [1236591.0, 19783791, 633078564, 4912239, 85328676, 668271]] [1275456060, [104330, 1669150, 53412640, 417310, 6677280, 52170]] [20805038076, [1701716, 27227206, 871270432, 6806854, 108910624, 850868]] [1567082572, [128182, 2050822, 65626160, 512710, 8203312, 64094]] [1172476791774.0, [95899227.0, 1534385247, 49100323923, 383602047, 6138057555, 47954907]] [36796355964.0, [3010832.0, 48173174, 1541541568, 12113014, 192138944, 1505424]]
Model_cost: [14887156004.277779, [3791.152777777778, 20907556, 668963704, 1706852, 49400505, 120738]] [3905110014.0, [14823.0, 2666607, 85328676, 86895, 77870628, 184491]] [301304048.0, [21.0, 195230, 6247200, 13150, 6247200, 13130]] [5038721012.0, [5004.0, 3327942, 106002464, 38734, 103509152, 218266]] [918619092.0, [711.0, 1087878, 34713648, 87366, 7767792, 19803]] [295882481492.0, [2136.5, 191813655, 6138012243, 5340891, 6137123727, 14212794]] [1378167301.5, [254.625, 1027510, 32839552, 66910, 25506688, 57136]]
Arch_Param: [32, 8192, 8192, 8, 1024, 16]
Samsung_cost: [19534866862.0, [1603522.0, 12834849, 820923384, 6444065, 102001848, 797857]] [15251747406.0, [1236591.0, 9891951, 633078564, 4912239, 85328676, 668271]] [1272117560, [104330, 834580, 53412640, 417300, 6677280, 52170]] [20750583024, [1701716, 13613608, 871270432, 6806824, 108910624, 850868]] [1562980940, [128182, 1025414, 65626160, 512710, 8203312, 64094]] [1169408021598.0, [95899227.0, 767192703, 49100323923, 383602047, 6138057555, 47954907]] [36700008318.0, [3010832.0, 24086587, 1541541568, 12112955, 192138944, 1505424]]
Model_cost: [14845553366.277779, [3791.152777777778, 10506913, 668963704, 1706849, 49400505, 120738]] [3899777022.0, [14823.0, 1333359, 85328676, 86895, 77870628, 184491]] [300938988.0, [21.0, 104020, 6247200, 13140, 6247200, 13130]] [5032131048.0, [5004.0, 1680616, 106002464, 38704, 103509152, 218266]] [916451540.0, [711.0, 545990, 34713648, 87366, 7767792, 19803]] [295498856036.0, [2136.5, 95907291, 6138012243, 5340891, 6137123727, 14212794]] [1376127239.5, [254.625, 517819, 32839552, 66851, 25506688, 57136]]
Arch_Param: [32, 8192, 8192, 16, 256, 16]
Samsung_cost: [9893257198.0, [805186.0, 25765441, 412206072, 3236929, 51465400, 403041]] [15370449486.0, [1236591.0, 39567471, 633078564, 4912239, 85328676, 668271]] [1282133060, [104330, 3338290, 53412640, 417330, 6677280, 52170]] [20913948180, [1701716, 54454402, 871270432, 6806914, 108910624, 850868]] [1517571996, [123486, 3951366, 63221808, 493926, 7902768, 61746]] [1178614332126.0, [95899227.0, 3068770335, 49100323923, 383602047, 6138057555, 47954907]] [36532068728.0, [2972432.0, 95117548, 1521880768, 11924716, 190238400, 1490576]]
Model_cost: [8679074499.38889, [2128.7638888888887, 22447809, 359126200, 913857, 49400505, 120738]] [3915775998.0, [14823.0, 5333103, 85328676, 86895, 77870628, 184491]] [302085368.0, [21.0, 390450, 6247200, 13170, 6247200, 13130]] [5051952140.0, [5004.0, 6635394, 106002464, 38794, 103509152, 218266]] [570505092.0, [395.0, 1085830, 17356848, 43686, 7767792, 19803]] [296649732404.0, [2136.5, 383626383, 6138012243, 5340891, 6137123727, 14212794]] [1294286516.5, [187.875, 1783660, 28517760, 45652, 25506688, 57136]]
Arch_Param: [32, 8192, 8192, 16, 512, 16]
Samsung_cost: [9841726716.0, [805186.0, 12882980, 412206072, 3236900, 51465400, 403041]] [15291314766.0, [1236591.0, 19783791, 633078564, 4912239, 85328676, 668271]] [1275456060, [104330, 1669150, 53412640, 417310, 6677280, 52170]] [20805038076, [1701716, 27227206, 871270432, 6806854, 108910624, 850868]] [1509669276, [123486, 1975686, 63221808, 493926, 7902768, 61746]] [1172476791774.0, [95899227.0, 1534385247, 49100323923, 383602047, 6138057555, 47954907]] [36341831036.0, [2972432.0, 47558774, 1521880768, 11924598, 190238400, 1490576]]
Model_cost: [8634179281.38889, [2128.7638888888887, 11224164, 359126200, 913828, 49400505, 120738]] [3905110014.0, [14823.0, 2666607, 85328676, 86895, 77870628, 184491]] [301304048.0, [21.0, 195230, 6247200, 13150, 6247200, 13130]] [5038721012.0, [5004.0, 3327942, 106002464, 38734, 103509152, 218266]] [568337540.0, [395.0, 543942, 17356848, 43686, 7767792, 19803]] [295882481492.0, [2136.5, 191813655, 6138012243, 5340891, 6137123727, 14212794]] [1290716600.5, [187.875, 891830, 28517760, 45534, 25506688, 57136]]
Arch_Param: [32, 8192, 8192, 16, 1024, 16]
Samsung_cost: [9815975086.0, [805186.0, 6445089, 412206072, 3236897, 51465400, 403041]] [15251747406.0, [1236591.0, 9891951, 633078564, 4912239, 85328676, 668271]] [1272117560, [104330, 834580, 53412640, 417300, 6677280, 52170]] [20750583024, [1701716, 13613608, 871270432, 6806824, 108910624, 850868]] [1505717916, [123486, 987846, 63221808, 493926, 7902768, 61746]] [1169408021598.0, [95899227.0, 767192703, 49100323923, 383602047, 6138057555, 47954907]] [36246712190.0, [2972432.0, 23779387, 1521880768, 11924539, 190238400, 1490576]]
Model_cost: [8611838083.38889, [2128.7638888888887, 5638881, 359126200, 913825, 49400505, 120738]] [3899777022.0, [14823.0, 1333359, 85328676, 86895, 77870628, 184491]] [300938988.0, [21.0, 104020, 6247200, 13140, 6247200, 13130]] [5032131048.0, [5004.0, 1680616, 106002464, 38704, 103509152, 218266]] [567253764.0, [395.0, 272998, 17356848, 43686, 7767792, 19803]] [295498856036.0, [2136.5, 95907291, 6138012243, 5340891, 6137123727, 14212794]] [1288940218.5, [187.875, 448059, 28517760, 45475, 25506688, 57136]]
Arch_Param: [32, 8192, 8192, 32, 256, 16]
Samsung_cost: [9647898350.0, [784770.0, 25112129, 401768440, 3146817, 50351288, 394337]] [15370449486.0, [1236591.0, 39567471, 633078564, 4912239, 85328676, 668271]] [1282133060, [104330, 3338290, 53412640, 417330, 6677280, 52170]] [20913948180, [1701716, 54454402, 871270432, 6806914, 108910624, 850868]] [1501300036, [122162, 3908998, 62543920, 488630, 7818032, 61084]] [1178614332126.0, [95899227.0, 3068770335, 49100323923, 383602047, 6138057555, 47954907]] [36481728888.0, [2968336.0, 94986476, 1519783616, 11908332, 189976256, 1488528]]
Model_cost: [5534357334.722222, [1146.5972222222222, 12767937, 204263608, 517569, 49400505, 120738]] [3915775998.0, [14823.0, 5333103, 85328676, 86895, 77870628, 184491]] [302085368.0, [21.0, 390450, 6247200, 13170, 6247200, 13130]] [5051952140.0, [5004.0, 6635394, 106002464, 38794, 103509152, 218266]] [393838364.0, [189.0, 542918, 8678448, 5718, 7767792, 16731]] [296649732404.0, [2136.5, 383626383, 6138012243, 5340891, 6137123727, 14212794]] [1250267264.0, [154.0, 1647980, 26356864, 33940, 25506688, 57136]]
Arch_Param: [32, 8192, 8192, 32, 512, 16]
Samsung_cost: [9597674492.0, [784770.0, 12556324, 401768440, 3146788, 50351288, 394337]] [15291314766.0, [1236591.0, 19783791, 633078564, 4912239, 85328676, 668271]] [1275456060, [104330, 1669150, 53412640, 417310, 6677280, 52170]] [20805038076, [1701716, 27227206, 871270432, 6806854, 108910624, 850868]] [1493482052, [122162, 1954502, 62543920, 488630, 7818032, 61084]] [1172476791774.0, [95899227.0, 1534385247, 49100323923, 383602047, 6138057555, 47954907]] [36291753340.0, [2968336.0, 47493238, 1519783616, 11908214, 189976256, 1488528]]
Model_cost: [5508821860.722222, [1146.5972222222222, 6384228, 204263608, 517540, 49400505, 120738]] [3905110014.0, [14823.0, 2666607, 85328676, 86895, 77870628, 184491]] [301304048.0, [21.0, 195230, 6247200, 13150, 6247200, 13130]] [5038721012.0, [5004.0, 3327942, 106002464, 38734, 103509152, 218266]] [392754588.0, [189.0, 271974, 8678448, 5718, 7767792, 16731]] [295882481492.0, [2136.5, 191813655, 6138012243, 5340891, 6137123727, 14212794]] [1246968708.0, [154.0, 823990, 26356864, 33822, 25506688, 57136]]
Arch_Param: [32, 8192, 8192, 32, 1024, 16]
Samsung_cost: [9572570030.0, [784770.0, 6280225, 401768440, 3146785, 50351288, 394337]] [15251747406.0, [1236591.0, 9891951, 633078564, 4912239, 85328676, 668271]] [1272117560, [104330, 834580, 53412640, 417300, 6677280, 52170]] [20750583024, [1701716, 13613608, 871270432, 6806824, 108910624, 850868]] [1489573060, [122162, 977254, 62543920, 488630, 7818032, 61084]] [1169408021598.0, [95899227.0, 767192703, 49100323923, 383602047, 6138057555, 47954907]] [36196765566.0, [2968336.0, 23746619, 1519783616, 11908155, 189976256, 1488528]]
Model_cost: [5496108310.722222, [1146.5972222222222, 3205857, 204263608, 517537, 49400505, 120738]] [3899777022.0, [14823.0, 1333359, 85328676, 86895, 77870628, 184491]] [300938988.0, [21.0, 104020, 6247200, 13140, 6247200, 13130]] [5032131048.0, [5004.0, 1680616, 106002464, 38704, 103509152, 218266]] [392212700.0, [189.0, 136502, 8678448, 5718, 7767792, 16731]] [295498856036.0, [2136.5, 95907291, 6138012243, 5340891, 6137123727, 14212794]] [1245324166.0, [154.0, 413179, 26356864, 33763, 25506688, 57136]]
Arch_Param: [32, 8192, 4096, 4, 256, 16]
Samsung_cost: [39369420938.0, [6400355.0, 102405697, 1638358008, 12858433, 203074744, 1587489]] [15405070926.0, [2473071.0, 39567471, 633078564, 4912239, 85328676, 668271]] [1285054020, [208650, 3338290, 53412640, 417330, 6677280, 52170]] [20961595668, [3403412, 54454402, 871270432, 6806914, 108910624, 850868]] [1694565420, [275142, 4402182, 70434864, 550278, 8804400, 68790]] [1181299506030.0, [191798295.0, 3068770335, 49100323923, 383602047, 6138057555, 47954907]] [37989469644, [6175251, 98803948, 1580863168, 12489964, 195940032, 1535120]]
Model_cost: [27559841712.0, [14507.5, 80564801, 1288904952, 3294657, 49400505, 120738]] [5507370702.0, [31263.0, 10223727, 163578660, 385647, 77870628, 184479]] [302085676, [32, 390450, 6247200, 13170, 6247200, 13130]] [5052091412.0, [9978.0, 6635394, 106002464, 38794, 103509152, 218266]] [1627893928, [2826, 4343302, 69427248, 174726, 7767792, 19803]] [421440628934.0, [5691.0, 767215743, 12275433555, 28432407, 6137123727, 14212793]] [1683805419.0, [825.25, 2983404, 47652928, 134548, 25506688, 58672]]
Arch_Param: [32, 8192, 4096, 4, 512, 16]
Samsung_cost: [39164609944.0, [6400355.0, 51203108, 1638358008, 12858404, 203074744, 1587489]] [15325936206.0, [2473071.0, 19783791, 633078564, 4912239, 85328676, 668271]] [1278377020, [208650, 1669150, 53412640, 417310, 6677280, 52170]] [20852685564, [3403412, 27227206, 871270432, 6806854, 108910624, 850868]] [1685761068, [275142, 2201094, 70434864, 550278, 8804400, 68790]] [1175161965678.0, [191798295.0, 1534385247, 49100323923, 383602047, 6138057555, 47954907]] [37791859152, [6175251, 49401974, 1580863168, 12489846, 195940032, 1535120]]
Model_cost: [27398712510.0, [14507.5, 40282660, 1288904952, 3294628, 49400505, 120738]] [5486923470.0, [31263.0, 5111919, 163578660, 385647, 77870628, 184479]] [301304356, [32, 195230, 6247200, 13150, 6247200, 13130]] [5038860284.0, [9978.0, 3327942, 106002464, 38734, 103509152, 218266]] [1619223720, [2826, 2175750, 69427248, 174726, 7767792, 19803]] [419906200838.0, [5691.0, 383608719, 12275433555, 28432407, 6137123727, 14212793]] [1677836015.0, [825.25, 1491702, 47652928, 134430, 25506688, 58672]]
Arch_Param: [32, 8192, 4096, 4, 1024, 16]
Samsung_cost: [39062254922.0, [6400355.0, 25614369, 1638358008, 12858401, 203074744, 1587489]] [15286368846.0, [2473071.0, 9891951, 633078564, 4912239, 85328676, 668271]] [1275038520, [208650, 834580, 53412640, 417300, 6677280, 52170]] [20798230512, [3403412, 13613608, 871270432, 6806824, 108910624, 850868]] [1681358892, [275142, 1100550, 70434864, 550278, 8804400, 68790]] [1172093195502.0, [191798295.0, 767192703, 49100323923, 383602047, 6138057555, 47954907]] [37693053906, [6175251, 24700987, 1580863168, 12489787, 195940032, 1535120]]
Model_cost: [27318571120.0, [14507.5, 20247329, 1288904952, 3294625, 49400505, 120738]] [5476699854.0, [31263.0, 2556015, 163578660, 385647, 77870628, 184479]] [300939296, [32, 104020, 6247200, 13140, 6247200, 13130]] [5032270320.0, [9978.0, 1680616, 106002464, 38704, 103509152, 218266]] [1614888616, [2826, 1091974, 69427248, 174726, 7767792, 19803]] [419138986790.0, [5691.0, 191805207, 12275433555, 28432407, 6137123727, 14212793]] [1674883057.0, [825.25, 753787, 47652928, 134371, 25506688, 58672]]
Arch_Param: [32, 8192, 4096, 8, 256, 16]
Samsung_cost: [19733674634.0, [3207011.0, 51312193, 820923384, 6444097, 102001848, 797857]] [15405070926.0, [2473071.0, 39567471, 633078564, 4912239, 85328676, 668271]] [1285054020, [208650, 3338290, 53412640, 417330, 6677280, 52170]] [20961595668, [3403412, 54454402, 871270432, 6806914, 108910624, 850868]] [1578874764, [256358, 4101638, 65626160, 512710, 8203312, 64094]] [1181299506030.0, [191798295.0, 3068770335, 49100323923, 383602047, 6138057555, 47954907]] [37073354188, [6021651, 96346348, 1541541568, 12113132, 192138944, 1505424]]
Model_cost: [14970889891.0, [7544.75, 41814593, 668963704, 1706881, 49400505, 120738]] [3916186926.0, [29511.0, 5333103, 85328676, 86895, 77870628, 184479]] [302085676, [32, 390450, 6247200, 13170, 6247200, 13130]] [5052091412.0, [9978.0, 6635394, 106002464, 38794, 103509152, 218266]] [922973936, [1416, 2171654, 34713648, 87366, 7767792, 19803]] [296649786710.0, [4077.0, 383626383, 6138012243, 5340891, 6137123727, 14212793]] [1382286339.0, [483.25, 2055020, 32839552, 67028, 25506688, 57136]]
Arch_Param: [32, 8192, 4096, 8, 512, 16]
Samsung_cost: [19631050648.0, [3207011.0, 25656356, 820923384, 6444068, 102001848, 797857]] [15325936206.0, [2473071.0, 19783791, 633078564, 4912239, 85328676, 668271]] [1278377020, [208650, 1669150, 53412640, 417310, 6677280, 52170]] [20852685564, [3403412, 27227206, 871270432, 6806854, 108910624, 850868]] [1570671500, [256358, 2050822, 65626160, 512710, 8203312, 64094]] [1175161965678.0, [191798295.0, 1534385247, 49100323923, 383602047, 6138057555, 47954907]] [36880658896, [6021651, 48173174, 1541541568, 12113014, 192138944, 1505424]]
Model_cost: [14887261105.0, [7544.75, 20907556, 668963704, 1706852, 49400505, 120738]] [3905520942.0, [29511.0, 2666607, 85328676, 86895, 77870628, 184479]] [301304356, [32, 195230, 6247200, 13150, 6247200, 13130]] [5038860284.0, [9978.0, 3327942, 106002464, 38734, 103509152, 218266]] [918638832, [1416, 1087878, 34713648, 87366, 7767792, 19803]] [295882535798.0, [4077.0, 191813655, 6138012243, 5340891, 6137123727, 14212793]] [1378173703.0, [483.25, 1027510, 32839552, 66910, 25506688, 57136]]
Arch_Param: [32, 8192, 4096, 8, 1024, 16]
Samsung_cost: [19579764554.0, [3207011.0, 12834849, 820923384, 6444065, 102001848, 797857]] [15286368846.0, [2473071.0, 9891951, 633078564, 4912239, 85328676, 668271]] [1275038520, [208650, 834580, 53412640, 417300, 6677280, 52170]] [20798230512, [3403412, 13613608, 871270432, 6806824, 108910624, 850868]] [1566569868, [256358, 1025414, 65626160, 512710, 8203312, 64094]] [1172093195502.0, [191798295.0, 767192703, 49100323923, 383602047, 6138057555, 47954907]] [36784311250, [6021651, 24086587, 1541541568, 12112955, 192138944, 1505424]]
Model_cost: [14845658467.0, [7544.75, 10506913, 668963704, 1706849, 49400505, 120738]] [3900187950.0, [29511.0, 1333359, 85328676, 86895, 77870628, 184479]] [300939296, [32, 104020, 6247200, 13140, 6247200, 13130]] [5032270320.0, [9978.0, 1680616, 106002464, 38704, 103509152, 218266]] [916471280, [1416, 545990, 34713648, 87366, 7767792, 19803]] [295498910342.0, [4077.0, 95907291, 6138012243, 5340891, 6137123727, 14212793]] [1376133641.0, [483.25, 517819, 32839552, 66851, 25506688, 57136]]
Arch_Param: [32, 8192, 4096, 16, 256, 16]
Samsung_cost: [9915801482.0, [1610339.0, 25765441, 412206072, 3236929, 51465400, 403041]] [15405070926.0, [2473071.0, 39567471, 633078564, 4912239, 85328676, 668271]] [1285054020, [208650, 3338290, 53412640, 417330, 6677280, 52170]] [20961595668, [3403412, 54454402, 871270432, 6806914, 108910624, 850868]] [1521029436, [246966, 3951366, 63221808, 493926, 7902768, 61746]] [1181299506030.0, [191798295.0, 3068770335, 49100323923, 383602047, 6138057555, 47954907]] [36615296460, [5944851, 95117548, 1521880768, 11924716, 190238400, 1490576]]
Model_cost: [8679128812.777779, [4068.527777777778, 22447809, 359126200, 913857, 49400505, 120738]] [3916186926.0, [29511.0, 5333103, 85328676, 86895, 77870628, 184479]] [302085676, [32, 390450, 6247200, 13170, 6247200, 13130]] [5052091412.0, [9978.0, 6635394, 106002464, 38794, 103509152, 218266]] [570513940, [711, 1085830, 17356848, 43686, 7767792, 19803]] [296649786710.0, [4077.0, 383626383, 6138012243, 5340891, 6137123727, 14212793]] [1294290881.0, [343.75, 1783660, 28517760, 45652, 25506688, 57136]]
Arch_Param: [32, 8192, 4096, 16, 512, 16]
Samsung_cost: [9864271000.0, [1610339.0, 12882980, 412206072, 3236900, 51465400, 403041]] [15325936206.0, [2473071.0, 19783791, 633078564, 4912239, 85328676, 668271]] [1278377020, [208650, 1669150, 53412640, 417310, 6677280, 52170]] [20852685564, [3403412, 27227206, 871270432, 6806854, 108910624, 850868]] [1513126716, [246966, 1975686, 63221808, 493926, 7902768, 61746]] [1175161965678.0, [191798295.0, 1534385247, 49100323923, 383602047, 6138057555, 47954907]] [36425058768, [5944851, 47558774, 1521880768, 11924598, 190238400, 1490576]]
Model_cost: [8634233594.777779, [4068.527777777778, 11224164, 359126200, 913828, 49400505, 120738]] [3905520942.0, [29511.0, 2666607, 85328676, 86895, 77870628, 184479]] [301304356, [32, 195230, 6247200, 13150, 6247200, 13130]] [5038860284.0, [9978.0, 3327942, 106002464, 38734, 103509152, 218266]] [568346388, [711, 543942, 17356848, 43686, 7767792, 19803]] [295882535798.0, [4077.0, 191813655, 6138012243, 5340891, 6137123727, 14212793]] [1290720965.0, [343.75, 891830, 28517760, 45534, 25506688, 57136]]
Arch_Param: [32, 8192, 4096, 16, 1024, 16]
Samsung_cost: [9838519370.0, [1610339.0, 6445089, 412206072, 3236897, 51465400, 403041]] [15286368846.0, [2473071.0, 9891951, 633078564, 4912239, 85328676, 668271]] [1275038520, [208650, 834580, 53412640, 417300, 6677280, 52170]] [20798230512, [3403412, 13613608, 871270432, 6806824, 108910624, 850868]] [1509175356, [246966, 987846, 63221808, 493926, 7902768, 61746]] [1172093195502.0, [191798295.0, 767192703, 49100323923, 383602047, 6138057555, 47954907]] [36329939922, [5944851, 23779387, 1521880768, 11924539, 190238400, 1490576]]
Model_cost: [8611892396.777779, [4068.527777777778, 5638881, 359126200, 913825, 49400505, 120738]] [3900187950.0, [29511.0, 1333359, 85328676, 86895, 77870628, 184479]] [300939296, [32, 104020, 6247200, 13140, 6247200, 13130]] [5032270320.0, [9978.0, 1680616, 106002464, 38704, 103509152, 218266]] [567262612, [711, 272998, 17356848, 43686, 7767792, 19803]] [295498910342.0, [4077.0, 95907291, 6138012243, 5340891, 6137123727, 14212793]] [1288944583.0, [343.75, 448059, 28517760, 45475, 25506688, 57136]]
Arch_Param: [32, 8192, 4096, 32, 256, 16]
Samsung_cost: [9669870986.0, [1569507.0, 25112129, 401768440, 3146817, 50351288, 394337]] [15405070926.0, [2473071.0, 39567471, 633078564, 4912239, 85328676, 668271]] [1285054020, [208650, 3338290, 53412640, 417330, 6677280, 52170]] [20961595668, [3403412, 54454402, 871270432, 6806914, 108910624, 850868]] [1504720404, [244318, 3908998, 62543920, 488630, 7818032, 61084]] [1181299506030.0, [191798295.0, 3068770335, 49100323923, 383602047, 6138057555, 47954907]] [36564841932, [5936659, 94986476, 1519783616, 11908332, 189976256, 1488528]]
Model_cost: [5534388347.444445, [2254.1944444444443, 12767937, 204263608, 517569, 49400505, 120738]] [3916186926.0, [29511.0, 5333103, 85328676, 86895, 77870628, 184479]] [302085676, [32, 390450, 6247200, 13170, 6247200, 13130]] [5052091412.0, [9978.0, 6635394, 106002464, 38794, 103509152, 218266]] [393843124, [359, 542918, 8678448, 5718, 7767792, 16731]] [296649786710.0, [4077.0, 383626383, 6138012243, 5340891, 6137123727, 14212793]] [1250270764.0, [279.0, 1647980, 26356864, 33940, 25506688, 57136]]
Arch_Param: [32, 8192, 4096, 32, 512, 16]
Samsung_cost: [9619647128.0, [1569507.0, 12556324, 401768440, 3146788, 50351288, 394337]] [15325936206.0, [2473071.0, 19783791, 633078564, 4912239, 85328676, 668271]] [1278377020, [208650, 1669150, 53412640, 417310, 6677280, 52170]] [20852685564, [3403412, 27227206, 871270432, 6806854, 108910624, 850868]] [1496902420, [244318, 1954502, 62543920, 488630, 7818032, 61084]] [1175161965678.0, [191798295.0, 1534385247, 49100323923, 383602047, 6138057555, 47954907]] [36374866384, [5936659, 47493238, 1519783616, 11908214, 189976256, 1488528]]
Model_cost: [5508852873.444445, [2254.1944444444443, 6384228, 204263608, 517540, 49400505, 120738]] [3905520942.0, [29511.0, 2666607, 85328676, 86895, 77870628, 184479]] [301304356, [32, 195230, 6247200, 13150, 6247200, 13130]] [5038860284.0, [9978.0, 3327942, 106002464, 38734, 103509152, 218266]] [392759348, [359, 271974, 8678448, 5718, 7767792, 16731]] [295882535798.0, [4077.0, 191813655, 6138012243, 5340891, 6137123727, 14212793]] [1246972208.0, [279.0, 823990, 26356864, 33822, 25506688, 57136]]
Arch_Param: [32, 8192, 4096, 32, 1024, 16]
Samsung_cost: [9594542666.0, [1569507.0, 6280225, 401768440, 3146785, 50351288, 394337]] [15286368846.0, [2473071.0, 9891951, 633078564, 4912239, 85328676, 668271]] [1275038520, [208650, 834580, 53412640, 417300, 6677280, 52170]] [20798230512, [3403412, 13613608, 871270432, 6806824, 108910624, 850868]] [1492993428, [244318, 977254, 62543920, 488630, 7818032, 61084]] [1172093195502.0, [191798295.0, 767192703, 49100323923, 383602047, 6138057555, 47954907]] [36279878610, [5936659, 23746619, 1519783616, 11908155, 189976256, 1488528]]
Model_cost: [5496139323.444445, [2254.1944444444443, 3205857, 204263608, 517537, 49400505, 120738]] [3900187950.0, [29511.0, 1333359, 85328676, 86895, 77870628, 184479]] [300939296, [32, 104020, 6247200, 13140, 6247200, 13130]] [5032270320.0, [9978.0, 1680616, 106002464, 38704, 103509152, 218266]] [392217460, [359, 136502, 8678448, 5718, 7767792, 16731]] [295498910342.0, [4077.0, 95907291, 6138012243, 5340891, 6137123727, 14212793]] [1245327666.0, [279.0, 413179, 26356864, 33763, 25506688, 57136]]
Arch_Param: [32, 8192, 2048, 4, 256, 16]
Samsung_cost: [39548629954.0, [12800677.0, 102405697, 1638358008, 12858433, 203074744, 1587489]] [15474313806.0, [4946031.0, 39567471, 633078564, 4912239, 85328676, 668271]] [1290895940, [417290, 3338290, 53412640, 417330, 6677280, 52170]] [21056890644, [6806804, 54454402, 871270432, 6806914, 108910624, 850868]] [1702269228, [550278, 4402182, 70434864, 550278, 8804400, 68790]] [1186669853838.0, [383596431.0, 3068770335, 49100323923, 383602047, 6138057555, 47954907]] [38162376476, [12350495, 98803948, 1580863168, 12489964, 195940032, 1535120]]
Model_cost: [27560242518.0, [28822.0, 80564801, 1288904952, 3294657, 49400505, 120738]] [5508242958.0, [62415.0, 10223727, 163578660, 385647, 77870628, 184479]] [302086264, [53, 390450, 6247200, 13170, 6247200, 13130]] [5052370096, [19934, 6635394, 106002464, 38794, 103509152, 218263]] [1627972888, [5646, 4343302, 69427248, 174726, 7767792, 19803]] [421440783830.0, [11223.0, 767215743, 12275433555, 28432407, 6137123727, 14212793]] [1683827798.0, [1624.5, 2983404, 47652928, 134548, 25506688, 58672]]
Arch_Param: [32, 8192, 2048, 4, 512, 16]
Samsung_cost: [39343818960.0, [12800677.0, 51203108, 1638358008, 12858404, 203074744, 1587489]] [15395179086.0, [4946031.0, 19783791, 633078564, 4912239, 85328676, 668271]] [1284218940, [417290, 1669150, 53412640, 417310, 6677280, 52170]] [20947980540, [6806804, 27227206, 871270432, 6806854, 108910624, 850868]] [1693464876, [550278, 2201094, 70434864, 550278, 8804400, 68790]] [1180532313486.0, [383596431.0, 1534385247, 49100323923, 383602047, 6138057555, 47954907]] [37964765984, [12350495, 49401974, 1580863168, 12489846, 195940032, 1535120]]
Model_cost: [27399113316.0, [28822.0, 40282660, 1288904952, 3294628, 49400505, 120738]] [5487795726.0, [62415.0, 5111919, 163578660, 385647, 77870628, 184479]] [301304944, [53, 195230, 6247200, 13150, 6247200, 13130]] [5039138968, [19934, 3327942, 106002464, 38734, 103509152, 218263]] [1619302680, [5646, 2175750, 69427248, 174726, 7767792, 19803]] [419906355734.0, [11223.0, 383608719, 12275433555, 28432407, 6137123727, 14212793]] [1677858394.0, [1624.5, 1491702, 47652928, 134430, 25506688, 58672]]
Arch_Param: [32, 8192, 2048, 4, 1024, 16]
Samsung_cost: [39241463938.0, [12800677.0, 25614369, 1638358008, 12858401, 203074744, 1587489]] [15355611726.0, [4946031.0, 9891951, 633078564, 4912239, 85328676, 668271]] [1280880440, [417290, 834580, 53412640, 417300, 6677280, 52170]] [20893525488, [6806804, 13613608, 871270432, 6806824, 108910624, 850868]] [1689062700, [550278, 1100550, 70434864, 550278, 8804400, 68790]] [1177463543310.0, [383596431.0, 767192703, 49100323923, 383602047, 6138057555, 47954907]] [37865960738, [12350495, 24700987, 1580863168, 12489787, 195940032, 1535120]]
Model_cost: [27318971926.0, [28822.0, 20247329, 1288904952, 3294625, 49400505, 120738]] [5477572110.0, [62415.0, 2556015, 163578660, 385647, 77870628, 184479]] [300939884, [53, 104020, 6247200, 13140, 6247200, 13130]] [5032549004, [19934, 1680616, 106002464, 38704, 103509152, 218263]] [1614967576, [5646, 1091974, 69427248, 174726, 7767792, 19803]] [419139141686.0, [11223.0, 191805207, 12275433555, 28432407, 6137123727, 14212793]] [1674905436.0, [1624.5, 753787, 47652928, 134371, 25506688, 58672]]
Arch_Param: [32, 8192, 2048, 8, 256, 16]
Samsung_cost: [19823470018.0, [6413989.0, 51312193, 820923384, 6444097, 102001848, 797857]] [15474313806.0, [4946031.0, 39567471, 633078564, 4912239, 85328676, 668271]] [1290895940, [417290, 3338290, 53412640, 417330, 6677280, 52170]] [21056890644, [6806804, 54454402, 871270432, 6806914, 108910624, 850868]] [1586052620, [512710, 4101638, 65626160, 512710, 8203312, 64094]] [1186669853838.0, [383596431.0, 3068770335, 49100323923, 383602047, 6138057555, 47954907]] [37241960220, [12043295, 96346348, 1541541568, 12113132, 192138944, 1505424]]
Model_cost: [14971095712.0, [14895.5, 41814593, 668963704, 1706881, 49400505, 120738]] [3917010126.0, [58911.0, 5333103, 85328676, 86895, 77870628, 184479]] [302086264, [53, 390450, 6247200, 13170, 6247200, 13130]] [5052370096, [19934, 6635394, 106002464, 38794, 103509152, 218263]] [923013416, [2826, 2171654, 34713648, 87366, 7767792, 19803]] [296649896414.0, [7995.0, 383626383, 6138012243, 5340891, 6137123727, 14212793]] [1382299646.0, [958.5, 2055020, 32839552, 67028, 25506688, 57136]]
Arch_Param: [32, 8192, 2048, 8, 512, 16]
Samsung_cost: [19720846032.0, [6413989.0, 25656356, 820923384, 6444068, 102001848, 797857]] [15395179086.0, [4946031.0, 19783791, 633078564, 4912239, 85328676, 668271]] [1284218940, [417290, 1669150, 53412640, 417310, 6677280, 52170]] [20947980540, [6806804, 27227206, 871270432, 6806854, 108910624, 850868]] [1577849356, [512710, 2050822, 65626160, 512710, 8203312, 64094]] [1180532313486.0, [383596431.0, 1534385247, 49100323923, 383602047, 6138057555, 47954907]] [37049264928, [12043295, 48173174, 1541541568, 12113014, 192138944, 1505424]]
Model_cost: [14887466926.0, [14895.5, 20907556, 668963704, 1706852, 49400505, 120738]] [3906344142.0, [58911.0, 2666607, 85328676, 86895, 77870628, 184479]] [301304944, [53, 195230, 6247200, 13150, 6247200, 13130]] [5039138968, [19934, 3327942, 106002464, 38734, 103509152, 218263]] [918678312, [2826, 1087878, 34713648, 87366, 7767792, 19803]] [295882645502.0, [7995.0, 191813655, 6138012243, 5340891, 6137123727, 14212793]] [1378187010.0, [958.5, 1027510, 32839552, 66910, 25506688, 57136]]
Arch_Param: [32, 8192, 2048, 8, 1024, 16]
Samsung_cost: [19669559938.0, [6413989.0, 12834849, 820923384, 6444065, 102001848, 797857]] [15355611726.0, [4946031.0, 9891951, 633078564, 4912239, 85328676, 668271]] [1280880440, [417290, 834580, 53412640, 417300, 6677280, 52170]] [20893525488, [6806804, 13613608, 871270432, 6806824, 108910624, 850868]] [1573747724, [512710, 1025414, 65626160, 512710, 8203312, 64094]] [1177463543310.0, [383596431.0, 767192703, 49100323923, 383602047, 6138057555, 47954907]] [36952917282, [12043295, 24086587, 1541541568, 12112955, 192138944, 1505424]]
Model_cost: [14845864288.0, [14895.5, 10506913, 668963704, 1706849, 49400505, 120738]] [3901011150.0, [58911.0, 1333359, 85328676, 86895, 77870628, 184479]] [300939884, [53, 104020, 6247200, 13140, 6247200, 13130]] [5032549004, [19934, 1680616, 106002464, 38704, 103509152, 218263]] [916510760, [2826, 545990, 34713648, 87366, 7767792, 19803]] [295499020046.0, [7995.0, 95907291, 6138012243, 5340891, 6137123727, 14212793]] [1376146948.0, [958.5, 517819, 32839552, 66851, 25506688, 57136]]
Arch_Param: [32, 8192, 2048, 16, 256, 16]
Samsung_cost: [9960890050.0, [3220645.0, 25765441, 412206072, 3236929, 51465400, 403041]] [15474313806.0, [4946031.0, 39567471, 633078564, 4912239, 85328676, 668271]] [1290895940, [417290, 3338290, 53412640, 417330, 6677280, 52170]] [21056890644, [6806804, 54454402, 871270432, 6806914, 108910624, 850868]] [1527944316, [493926, 3951366, 63221808, 493926, 7902768, 61746]] [1186669853838.0, [383596431.0, 3068770335, 49100323923, 383602047, 6138057555, 47954907]] [36781752092, [11889695, 95117548, 1521880768, 11924716, 190238400, 1490576]]
Model_cost: [8679237312.0, [7943.5, 22447809, 359126200, 913857, 49400505, 120738]] [3917010126.0, [58911.0, 5333103, 85328676, 86895, 77870628, 184479]] [302086264, [53, 390450, 6247200, 13170, 6247200, 13130]] [5052370096, [19934, 6635394, 106002464, 38794, 103509152, 218263]] [570533680, [1416, 1085830, 17356848, 43686, 7767792, 19803]] [296649896414.0, [7995.0, 383626383, 6138012243, 5340891, 6137123727, 14212793]] [1294300282.0, [679.5, 1783660, 28517760, 45652, 25506688, 57136]]
Arch_Param: [32, 8192, 2048, 16, 512, 16]
Samsung_cost: [9909359568.0, [3220645.0, 12882980, 412206072, 3236900, 51465400, 403041]] [15395179086.0, [4946031.0, 19783791, 633078564, 4912239, 85328676, 668271]] [1284218940, [417290, 1669150, 53412640, 417310, 6677280, 52170]] [20947980540, [6806804, 27227206, 871270432, 6806854, 108910624, 850868]] [1520041596, [493926, 1975686, 63221808, 493926, 7902768, 61746]] [1180532313486.0, [383596431.0, 1534385247, 49100323923, 383602047, 6138057555, 47954907]] [36591514400, [11889695, 47558774, 1521880768, 11924598, 190238400, 1490576]]
Model_cost: [8634342094.0, [7943.5, 11224164, 359126200, 913828, 49400505, 120738]] [3906344142.0, [58911.0, 2666607, 85328676, 86895, 77870628, 184479]] [301304944, [53, 195230, 6247200, 13150, 6247200, 13130]] [5039138968, [19934, 3327942, 106002464, 38734, 103509152, 218263]] [568366128, [1416, 543942, 17356848, 43686, 7767792, 19803]] [295882645502.0, [7995.0, 191813655, 6138012243, 5340891, 6137123727, 14212793]] [1290730366.0, [679.5, 891830, 28517760, 45534, 25506688, 57136]]
Arch_Param: [32, 8192, 2048, 16, 1024, 16]
Samsung_cost: [9883607938.0, [3220645.0, 6445089, 412206072, 3236897, 51465400, 403041]] [15355611726.0, [4946031.0, 9891951, 633078564, 4912239, 85328676, 668271]] [1280880440, [417290, 834580, 53412640, 417300, 6677280, 52170]] [20893525488, [6806804, 13613608, 871270432, 6806824, 108910624, 850868]] [1516090236, [493926, 987846, 63221808, 493926, 7902768, 61746]] [1177463543310.0, [383596431.0, 767192703, 49100323923, 383602047, 6138057555, 47954907]] [36496395554, [11889695, 23779387, 1521880768, 11924539, 190238400, 1490576]]
Model_cost: [8612000896.0, [7943.5, 5638881, 359126200, 913825, 49400505, 120738]] [3901011150.0, [58911.0, 1333359, 85328676, 86895, 77870628, 184479]] [300939884, [53, 104020, 6247200, 13140, 6247200, 13130]] [5032549004, [19934, 1680616, 106002464, 38704, 103509152, 218263]] [567282352, [1416, 272998, 17356848, 43686, 7767792, 19803]] [295499020046.0, [7995.0, 95907291, 6138012243, 5340891, 6137123727, 14212793]] [1288953984.0, [679.5, 448059, 28517760, 45475, 25506688, 57136]]
Arch_Param: [32, 8192, 2048, 32, 256, 16]
Samsung_cost: [9713816258.0, [3138981.0, 25112129, 401768440, 3146817, 50351288, 394337]] [15474313806.0, [4946031.0, 39567471, 633078564, 4912239, 85328676, 668271]] [1290895940, [417290, 3338290, 53412640, 417330, 6677280, 52170]] [21056890644, [6806804, 54454402, 871270432, 6806914, 108910624, 850868]] [1511561140, [488630, 3908998, 62543920, 488630, 7818032, 61084]] [1186669853838.0, [383596431.0, 3068770335, 49100323923, 383602047, 6138057555, 47954907]] [36731068188, [11873311, 94986476, 1519783616, 11908332, 189976256, 1488528]]
Model_cost: [5534450432.0, [4471.5, 12767937, 204263608, 517569, 49400505, 120738]] [3917010126.0, [58911.0, 5333103, 85328676, 86895, 77870628, 184479]] [302086264, [53, 390450, 6247200, 13170, 6247200, 13130]] [5052370096, [19934, 6635394, 106002464, 38794, 103509152, 218263]] [393852980, [711, 542918, 8678448, 5718, 7767792, 16731]] [296649896414.0, [7995.0, 383626383, 6138012243, 5340891, 6137123727, 14212793]] [1250278072.0, [540.0, 1647980, 26356864, 33940, 25506688, 57136]]
Arch_Param: [32, 8192, 2048, 32, 512, 16]
Samsung_cost: [9663592400.0, [3138981.0, 12556324, 401768440, 3146788, 50351288, 394337]] [15395179086.0, [4946031.0, 19783791, 633078564, 4912239, 85328676, 668271]] [1284218940, [417290, 1669150, 53412640, 417310, 6677280, 52170]] [20947980540, [6806804, 27227206, 871270432, 6806854, 108910624, 850868]] [1503743156, [488630, 1954502, 62543920, 488630, 7818032, 61084]] [1180532313486.0, [383596431.0, 1534385247, 49100323923, 383602047, 6138057555, 47954907]] [36541092640, [11873311, 47493238, 1519783616, 11908214, 189976256, 1488528]]
Model_cost: [5508914958.0, [4471.5, 6384228, 204263608, 517540, 49400505, 120738]] [3906344142.0, [58911.0, 2666607, 85328676, 86895, 77870628, 184479]] [301304944, [53, 195230, 6247200, 13150, 6247200, 13130]] [5039138968, [19934, 3327942, 106002464, 38734, 103509152, 218263]] [392769204, [711, 271974, 8678448, 5718, 7767792, 16731]] [295882645502.0, [7995.0, 191813655, 6138012243, 5340891, 6137123727, 14212793]] [1246979516.0, [540.0, 823990, 26356864, 33822, 25506688, 57136]]
Arch_Param: [32, 8192, 2048, 32, 1024, 16]
Samsung_cost: [9638487938.0, [3138981.0, 6280225, 401768440, 3146785, 50351288, 394337]] [15355611726.0, [4946031.0, 9891951, 633078564, 4912239, 85328676, 668271]] [1280880440, [417290, 834580, 53412640, 417300, 6677280, 52170]] [20893525488, [6806804, 13613608, 871270432, 6806824, 108910624, 850868]] [1499834164, [488630, 977254, 62543920, 488630, 7818032, 61084]] [1177463543310.0, [383596431.0, 767192703, 49100323923, 383602047, 6138057555, 47954907]] [36446104866, [11873311, 23746619, 1519783616, 11908155, 189976256, 1488528]]
Model_cost: [5496201408.0, [4471.5, 3205857, 204263608, 517537, 49400505, 120738]] [3901011150.0, [58911.0, 1333359, 85328676, 86895, 77870628, 184479]] [300939884, [53, 104020, 6247200, 13140, 6247200, 13130]] [5032549004, [19934, 1680616, 106002464, 38704, 103509152, 218263]] [392227316, [711, 136502, 8678448, 5718, 7767792, 16731]] [295499020046.0, [7995.0, 95907291, 6138012243, 5340891, 6137123727, 14212793]] [1245334974.0, [540.0, 413179, 26356864, 33763, 25506688, 57136]]
Arch_Param: [32, 8192, 1024, 4, 256, 16]
Samsung_cost: [39907047986.0, [25601321.0, 102405697, 1638358008, 12858433, 203074744, 1587489]] [15612799566, [9891951, 39567471, 633078564, 4912239, 85328676, 668271]] [1302580060, [834580, 3338290, 53412640, 417330, 6677280, 52170]] [21247481156, [13613608, 54454402, 871270432, 6806914, 108910624, 850868]] [1717676844, [1100550, 4402182, 70434864, 550278, 8804400, 68790]] [1197410549454, [767192703, 3068770335, 49100323923, 383602047, 6138057555, 47954907]] [38508190252, [24700987, 98803948, 1580863168, 12489964, 195940032, 1535120]]
Model_cost: [27561048442.0, [57605.0, 80564801, 1288904952, 3294657, 49400505, 120738]] [5509987470.0, [124719.0, 10223727, 163578660, 385647, 77870628, 184479]] [302087720, [105, 390450, 6247200, 13170, 6247200, 13130]] [5052927912, [39856, 6635394, 106002464, 38794, 103509152, 218263]] [1628130808, [11286, 4343302, 69427248, 174726, 7767792, 19803]] [421441072118.0, [21519.0, 767215743, 12275433555, 28432407, 6137123727, 14212793]] [1683873032.0, [3240.0, 2983404, 47652928, 134548, 25506688, 58672]]
Arch_Param: [32, 8192, 1024, 4, 512, 16]
Samsung_cost: [39702236992.0, [25601321.0, 51203108, 1638358008, 12858404, 203074744, 1587489]] [15533664846, [9891951, 19783791, 633078564, 4912239, 85328676, 668271]] [1295903060, [834580, 1669150, 53412640, 417310, 6677280, 52170]] [21138571052, [13613608, 27227206, 871270432, 6806854, 108910624, 850868]] [1708872492, [1100550, 2201094, 70434864, 550278, 8804400, 68790]] [1191273009102, [767192703, 1534385247, 49100323923, 383602047, 6138057555, 47954907]] [38310579760, [24700987, 49401974, 1580863168, 12489846, 195940032, 1535120]]
Model_cost: [27399919240.0, [57605.0, 40282660, 1288904952, 3294628, 49400505, 120738]] [5489540238.0, [124719.0, 5111919, 163578660, 385647, 77870628, 184479]] [301306400, [105, 195230, 6247200, 13150, 6247200, 13130]] [5039696784, [39856, 3327942, 106002464, 38734, 103509152, 218263]] [1619460600, [11286, 2175750, 69427248, 174726, 7767792, 19803]] [419906644022.0, [21519.0, 383608719, 12275433555, 28432407, 6137123727, 14212793]] [1677903628.0, [3240.0, 1491702, 47652928, 134430, 25506688, 58672]]
Arch_Param: [32, 8192, 1024, 4, 1024, 16]
Samsung_cost: [39599881970.0, [25601321.0, 25614369, 1638358008, 12858401, 203074744, 1587489]] [15494097486, [9891951, 9891951, 633078564, 4912239, 85328676, 668271]] [1292564560, [834580, 834580, 53412640, 417300, 6677280, 52170]] [21084116000, [13613608, 13613608, 871270432, 6806824, 108910624, 850868]] [1704470316, [1100550, 1100550, 70434864, 550278, 8804400, 68790]] [1188204238926, [767192703, 767192703, 49100323923, 383602047, 6138057555, 47954907]] [38211774514, [24700987, 24700987, 1580863168, 12489787, 195940032, 1535120]]
Model_cost: [27319777850.0, [57605.0, 20247329, 1288904952, 3294625, 49400505, 120738]] [5479316622.0, [124719.0, 2556015, 163578660, 385647, 77870628, 184479]] [300941340, [105, 104020, 6247200, 13140, 6247200, 13130]] [5033106820, [39856, 1680616, 106002464, 38704, 103509152, 218263]] [1615125496, [11286, 1091974, 69427248, 174726, 7767792, 19803]] [419139429974.0, [21519.0, 191805207, 12275433555, 28432407, 6137123727, 14212793]] [1674950670.0, [3240.0, 753787, 47652928, 134371, 25506688, 58672]]
Arch_Param: [32, 8192, 1024, 8, 256, 16]
Samsung_cost: [20003060786.0, [12827945.0, 51312193, 820923384, 6444097, 102001848, 797857]] [15612799566, [9891951, 39567471, 633078564, 4912239, 85328676, 668271]] [1302580060, [834580, 3338290, 53412640, 417330, 6677280, 52170]] [21247481156, [13613608, 54454402, 871270432, 6806914, 108910624, 850868]] [1600408332, [1025414, 4101638, 65626160, 512710, 8203312, 64094]] [1197410549454, [767192703, 3068770335, 49100323923, 383602047, 6138057555, 47954907]] [37579172396, [24086587, 96346348, 1541541568, 12113132, 192138944, 1505424]]
Model_cost: [14971511582.0, [29748.0, 41814593, 668963704, 1706881, 49400505, 120738]] [3918656526.0, [117711.0, 5333103, 85328676, 86895, 77870628, 184479]] [302087720, [105, 390450, 6247200, 13170, 6247200, 13130]] [5052927912, [39856, 6635394, 106002464, 38794, 103509152, 218263]] [923092376, [5646, 2171654, 34713648, 87366, 7767792, 19803]] [296650115822.0, [15831.0, 383626383, 6138012243, 5340891, 6137123727, 14212793]] [1382326204.0, [1907.0, 2055020, 32839552, 67028, 25506688, 57136]]
Arch_Param: [32, 8192, 1024, 8, 512, 16]
Samsung_cost: [19900436800.0, [12827945.0, 25656356, 820923384, 6444068, 102001848, 797857]] [15533664846, [9891951, 19783791, 633078564, 4912239, 85328676, 668271]] [1295903060, [834580, 1669150, 53412640, 417310, 6677280, 52170]] [21138571052, [13613608, 27227206, 871270432, 6806854, 108910624, 850868]] [1592205068, [1025414, 2050822, 65626160, 512710, 8203312, 64094]] [1191273009102, [767192703, 1534385247, 49100323923, 383602047, 6138057555, 47954907]] [37386477104, [24086587, 48173174, 1541541568, 12113014, 192138944, 1505424]]
Model_cost: [14887882796.0, [29748.0, 20907556, 668963704, 1706852, 49400505, 120738]] [3907990542.0, [117711.0, 2666607, 85328676, 86895, 77870628, 184479]] [301306400, [105, 195230, 6247200, 13150, 6247200, 13130]] [5039696784, [39856, 3327942, 106002464, 38734, 103509152, 218263]] [918757272, [5646, 1087878, 34713648, 87366, 7767792, 19803]] [295882864910.0, [15831.0, 191813655, 6138012243, 5340891, 6137123727, 14212793]] [1378213568.0, [1907.0, 1027510, 32839552, 66910, 25506688, 57136]]
Arch_Param: [32, 8192, 1024, 8, 1024, 16]
Samsung_cost: [19849150706.0, [12827945.0, 12834849, 820923384, 6444065, 102001848, 797857]] [15494097486, [9891951, 9891951, 633078564, 4912239, 85328676, 668271]] [1292564560, [834580, 834580, 53412640, 417300, 6677280, 52170]] [21084116000, [13613608, 13613608, 871270432, 6806824, 108910624, 850868]] [1588103436, [1025414, 1025414, 65626160, 512710, 8203312, 64094]] [1188204238926, [767192703, 767192703, 49100323923, 383602047, 6138057555, 47954907]] [37290129458, [24086587, 24086587, 1541541568, 12112955, 192138944, 1505424]]
Model_cost: [14846280158.0, [29748.0, 10506913, 668963704, 1706849, 49400505, 120738]] [3902657550.0, [117711.0, 1333359, 85328676, 86895, 77870628, 184479]] [300941340, [105, 104020, 6247200, 13140, 6247200, 13130]] [5033106820, [39856, 1680616, 106002464, 38704, 103509152, 218263]] [916589720, [5646, 545990, 34713648, 87366, 7767792, 19803]] [295499239454.0, [15831.0, 95907291, 6138012243, 5340891, 6137123727, 14212793]] [1376173506.0, [1907.0, 517819, 32839552, 66851, 25506688, 57136]]
Arch_Param: [32, 8192, 1024, 16, 256, 16]
Samsung_cost: [10051067186.0, [6441257.0, 25765441, 412206072, 3236929, 51465400, 403041]] [15612799566, [9891951, 39567471, 633078564, 4912239, 85328676, 668271]] [1302580060, [834580, 3338290, 53412640, 417330, 6677280, 52170]] [21247481156, [13613608, 54454402, 871270432, 6806914, 108910624, 850868]] [1541774076, [987846, 3951366, 63221808, 493926, 7902768, 61746]] [1197410549454, [767192703, 3068770335, 49100323923, 383602047, 6138057555, 47954907]] [37114663468, [23779387, 95117548, 1521880768, 11924716, 190238400, 1490576]]
Model_cost: [8679458498.0, [15843.0, 22447809, 359126200, 913857, 49400505, 120738]] [3918656526.0, [117711.0, 5333103, 85328676, 86895, 77870628, 184479]] [302087720, [105, 390450, 6247200, 13170, 6247200, 13130]] [5052927912, [39856, 6635394, 106002464, 38794, 103509152, 218263]] [570573160, [2826, 1085830, 17356848, 43686, 7767792, 19803]] [296650115822.0, [15831.0, 383626383, 6138012243, 5340891, 6137123727, 14212793]] [1294319224.0, [1356.0, 1783660, 28517760, 45652, 25506688, 57136]]
Arch_Param: [32, 8192, 1024, 16, 512, 16]
Samsung_cost: [9999536704.0, [6441257.0, 12882980, 412206072, 3236900, 51465400, 403041]] [15533664846, [9891951, 19783791, 633078564, 4912239, 85328676, 668271]] [1295903060, [834580, 1669150, 53412640, 417310, 6677280, 52170]] [21138571052, [13613608, 27227206, 871270432, 6806854, 108910624, 850868]] [1533871356, [987846, 1975686, 63221808, 493926, 7902768, 61746]] [1191273009102, [767192703, 1534385247, 49100323923, 383602047, 6138057555, 47954907]] [36924425776, [23779387, 47558774, 1521880768, 11924598, 190238400, 1490576]]
Model_cost: [8634563280.0, [15843.0, 11224164, 359126200, 913828, 49400505, 120738]] [3907990542.0, [117711.0, 2666607, 85328676, 86895, 77870628, 184479]] [301306400, [105, 195230, 6247200, 13150, 6247200, 13130]] [5039696784, [39856, 3327942, 106002464, 38734, 103509152, 218263]] [568405608, [2826, 543942, 17356848, 43686, 7767792, 19803]] [295882864910.0, [15831.0, 191813655, 6138012243, 5340891, 6137123727, 14212793]] [1290749308.0, [1356.0, 891830, 28517760, 45534, 25506688, 57136]]
Arch_Param: [32, 8192, 1024, 16, 1024, 16]
Samsung_cost: [9973785074.0, [6441257.0, 6445089, 412206072, 3236897, 51465400, 403041]] [15494097486, [9891951, 9891951, 633078564, 4912239, 85328676, 668271]] [1292564560, [834580, 834580, 53412640, 417300, 6677280, 52170]] [21084116000, [13613608, 13613608, 871270432, 6806824, 108910624, 850868]] [1529919996, [987846, 987846, 63221808, 493926, 7902768, 61746]] [1188204238926, [767192703, 767192703, 49100323923, 383602047, 6138057555, 47954907]] [36829306930, [23779387, 23779387, 1521880768, 11924539, 190238400, 1490576]]
Model_cost: [8612222082.0, [15843.0, 5638881, 359126200, 913825, 49400505, 120738]] [3902657550.0, [117711.0, 1333359, 85328676, 86895, 77870628, 184479]] [300941340, [105, 104020, 6247200, 13140, 6247200, 13130]] [5033106820, [39856, 1680616, 106002464, 38704, 103509152, 218263]] [567321832, [2826, 272998, 17356848, 43686, 7767792, 19803]] [295499239454.0, [15831.0, 95907291, 6138012243, 5340891, 6137123727, 14212793]] [1288972926.0, [1356.0, 448059, 28517760, 45475, 25506688, 57136]]
Arch_Param: [32, 8192, 1024, 32, 256, 16]
Samsung_cost: [9801706802.0, [6277929.0, 25112129, 401768440, 3146817, 50351288, 394337]] [15612799566, [9891951, 39567471, 633078564, 4912239, 85328676, 668271]] [1302580060, [834580, 3338290, 53412640, 417330, 6677280, 52170]] [21247481156, [13613608, 54454402, 871270432, 6806914, 108910624, 850868]] [1525242612, [977254, 3908998, 62543920, 488630, 7818032, 61084]] [1197410549454, [767192703, 3068770335, 49100323923, 383602047, 6138057555, 47954907]] [37063520812, [23746619, 94986476, 1519783616, 11908332, 189976256, 1488528]]
Model_cost: [5534574402.0, [8899.0, 12767937, 204263608, 517569, 49400505, 120738]] [3918656526.0, [117711.0, 5333103, 85328676, 86895, 77870628, 184479]] [302087720, [105, 390450, 6247200, 13170, 6247200, 13130]] [5052927912, [39856, 6635394, 106002464, 38794, 103509152, 218263]] [393872720, [1416, 542918, 8678448, 5718, 7767792, 16731]] [296650115822.0, [15831.0, 383626383, 6138012243, 5340891, 6137123727, 14212793]] [1250293108.0, [1077.0, 1647980, 26356864, 33940, 25506688, 57136]]
Arch_Param: [32, 8192, 1024, 32, 512, 16]
Samsung_cost: [9751482944.0, [6277929.0, 12556324, 401768440, 3146788, 50351288, 394337]] [15533664846, [9891951, 19783791, 633078564, 4912239, 85328676, 668271]] [1295903060, [834580, 1669150, 53412640, 417310, 6677280, 52170]] [21138571052, [13613608, 27227206, 871270432, 6806854, 108910624, 850868]] [1517424628, [977254, 1954502, 62543920, 488630, 7818032, 61084]] [1191273009102, [767192703, 1534385247, 49100323923, 383602047, 6138057555, 47954907]] [36873545264, [23746619, 47493238, 1519783616, 11908214, 189976256, 1488528]]
Model_cost: [5509038928.0, [8899.0, 6384228, 204263608, 517540, 49400505, 120738]] [3907990542.0, [117711.0, 2666607, 85328676, 86895, 77870628, 184479]] [301306400, [105, 195230, 6247200, 13150, 6247200, 13130]] [5039696784, [39856, 3327942, 106002464, 38734, 103509152, 218263]] [392788944, [1416, 271974, 8678448, 5718, 7767792, 16731]] [295882864910.0, [15831.0, 191813655, 6138012243, 5340891, 6137123727, 14212793]] [1246994552.0, [1077.0, 823990, 26356864, 33822, 25506688, 57136]]
Arch_Param: [32, 8192, 1024, 32, 1024, 16]
Samsung_cost: [9726378482.0, [6277929.0, 6280225, 401768440, 3146785, 50351288, 394337]] [15494097486, [9891951, 9891951, 633078564, 4912239, 85328676, 668271]] [1292564560, [834580, 834580, 53412640, 417300, 6677280, 52170]] [21084116000, [13613608, 13613608, 871270432, 6806824, 108910624, 850868]] [1513515636, [977254, 977254, 62543920, 488630, 7818032, 61084]] [1188204238926, [767192703, 767192703, 49100323923, 383602047, 6138057555, 47954907]] [36778557490, [23746619, 23746619, 1519783616, 11908155, 189976256, 1488528]]
Model_cost: [5496325378.0, [8899.0, 3205857, 204263608, 517537, 49400505, 120738]] [3902657550.0, [117711.0, 1333359, 85328676, 86895, 77870628, 184479]] [300941340, [105, 104020, 6247200, 13140, 6247200, 13130]] [5033106820, [39856, 1680616, 106002464, 38704, 103509152, 218263]] [392247056, [1416, 136502, 8678448, 5718, 7767792, 16731]] [295499239454.0, [15831.0, 95907291, 6138012243, 5340891, 6137123727, 14212793]] [1245350010.0, [1077.0, 413179, 26356864, 33763, 25506688, 57136]]
