[[0, 0, 0, 0, 0, 0, 0, 0, 0, 0, 0], [0, 0, 0, 0, 0, 0, 0, 0, 0, 0, 0], [0, 0, 0, 0, 0, 0, 0, 0, 0, 0, 0], [0, 0, 0, 0, 0, 0, 0, 0, 0, 0, 0]]
Arch_Param: [64, 2048, 32768, 4, 256, 16]
Samsung_cost: [19655077912.77778, [400883.02777777775, 51312164, 820922876, 6444068, 102001340, 797857]] [15344464398.0, [309231.0, 39567471, 633078168, 4912239, 85328280, 668271]] [1279922620.0, [26090.0, 3338270, 53412240, 417310, 6676880, 52170]] [20878161084.0, [425444.0, 54454342, 871269392, 6806854, 108909584, 850868]] [1572592988.0, [32050.0, 4101638, 65626136, 512710, 8203288, 64094]] [1176600428946.0, [23974926.0, 3068770335, 49100323449, 383602047, 6138057081, 47954907]] [36925730512.0, [752720.0, 96346230, 1541539680, 12113014, 192137056, 1505427]]
Model_cost: [15057709737.551666, [963.9125595238095, 41814564, 668963196, 5323876, 49399997, 386978]] [3927319506.0, [3786.0, 5333103, 85328280, 86895, 77870232, 608475]] [303158534.6666667, [12.666666666666666, 390430, 6246800, 13150, 6246800, 52170]] [5068963575.333334, [1270.8333333333333, 6635334, 106001424, 38734, 103508112, 831389]] [928990493.9555556, [184.35555555555555, 2171654, 34746392, 279814, 7768280, 60826]] [297594209573.4001, [629.5500000000001, 383626383, 6138011769, 5340891, 6137123253, 47946441]] [1387583648.375, [74.29910714285714, 2054902, 32837664, 130462, 25504800, 200147]]
Arch_Param: [64, 2048, 32768, 4, 512, 16]
Samsung_cost: [19552454602.77778, [400883.02777777775, 25656353, 820922876, 6444065, 102001340, 797857]] [15265329678.0, [309231.0, 19783791, 633078168, 4912239, 85328280, 668271]] [1273245880.0, [26090.0, 1669140, 53412240, 417300, 6676880, 52170]] [20769251760.0, [425444.0, 27227176, 871269392, 6806824, 108909584, 850868]] [1564389724.0, [32050.0, 2050822, 65626136, 512710, 8203288, 64094]] [1170462888594.0, [23974926.0, 1534385247, 49100323449, 383602047, 6138057081, 47954907]] [36733036754.0, [752720.0, 48173115, 1541539680, 12112955, 192137056, 1505427]]
Model_cost: [14974081627.551666, [963.9125595238095, 20907553, 668963196, 5323873, 49399997, 386978]] [3916653522.0, [3786.0, 2666607, 85328280, 86895, 77870232, 608475]] [302377474.6666667, [12.666666666666666, 195220, 6246800, 13140, 6246800, 52170]] [5055733227.333334, [1270.8333333333333, 3327912, 106001424, 38704, 103508112, 831389]] [924698909.9555556, [184.35555555555555, 1098758, 34746392, 279814, 7768280, 60826]] [296826958661.4001, [629.5500000000001, 191813655, 6138011769, 5340891, 6137123253, 47946441]] [1383127586.375, [74.29910714285714, 1027451, 32837664, 114723, 25504800, 200147]]
Arch_Param: [64, 2048, 32768, 4, 1024, 16]
Samsung_cost: [19501168586.77778, [400883.02777777775, 12834849, 820922876, 6444065, 102001340, 797857]] [15225762318.0, [309231.0, 9891951, 633078168, 4912239, 85328280, 668271]] [1269907380.0, [26090.0, 834570, 53412240, 417290, 6676880, 52170]] [20714796968.0, [425444.0, 13613588, 871269392, 6806804, 108909584, 850868]] [1560288092.0, [32050.0, 1025414, 65626136, 512710, 8203288, 64094]] [1167394118418.0, [23974926.0, 767192703, 49100323449, 383602047, 6138057081, 47954907]] [36636689914.0, [752720.0, 24086559, 1541539680, 12112927, 192137056, 1505427]]
Model_cost: [14932852315.551666, [963.9125595238095, 10600225, 668963196, 5323873, 49399997, 386978]] [3911320530.0, [3786.0, 1333359, 85328280, 86895, 77870232, 608475]] [302012414.6666667, [12.666666666666666, 104010, 6246800, 13130, 6246800, 52170]] [5049143523.333334, [1270.8333333333333, 1680596, 106001424, 38684, 103508112, 831389]] [922001955.5555556, [184.55555555555554, 547334, 34713624, 288006, 7767768, 60762]] [296443333205.4001, [629.5500000000001, 95907291, 6138011769, 5340891, 6137123253, 47946441]] [1380970314.375, [74.29910714285714, 522783, 32837664, 108423, 25504800, 200147]]
Arch_Param: [64, 2048, 32768, 8, 256, 16]
Samsung_cost: [9876323523.444445, [201309.69444444444, 25765412, 412205564, 3236900, 51464892, 403041]] [15344464398.0, [309231.0, 39567471, 633078168, 4912239, 85328280, 668271]] [1279922620.0, [26090.0, 3338270, 53412240, 417310, 6676880, 52170]] [20878161084.0, [425444.0, 54454342, 871269392, 6806854, 108909584, 850868]] [1514977764.0, [30876.0, 3951366, 63221784, 493926, 7902744, 61746]] [1176600428946.0, [23974926.0, 3068770335, 49100323449, 383602047, 6138057081, 47954907]] [36469554384.0, [743120.0, 95117430, 1521878880, 11924598, 190236512, 1490579]]
Model_cost: [8729149823.338333, [528.1192261904762, 22447780, 359125692, 2854308, 49399997, 386978]] [3927319506.0, [3786.0, 5333103, 85328280, 86895, 77870232, 608475]] [303158534.6666667, [12.666666666666666, 390430, 6246800, 13150, 6246800, 52170]] [5068963575.333334, [1270.8333333333333, 6635334, 106001424, 38734, 103508112, 831389]] [574103132.9777778, [95.17777777777778, 1085830, 17373208, 139910, 7768280, 60826]] [297594209573.4001, [629.5500000000001, 383626383, 6138011769, 5340891, 6137123253, 47946441]] [1298910132.125, [56.71875, 1783542, 28515872, 78110, 25504800, 200147]]
Arch_Param: [64, 2048, 32768, 8, 512, 16]
Samsung_cost: [9824793717.444445, [201309.69444444444, 12882977, 412205564, 3236897, 51464892, 403041]] [15265329678.0, [309231.0, 19783791, 633078168, 4912239, 85328280, 668271]] [1273245880.0, [26090.0, 1669140, 53412240, 417300, 6676880, 52170]] [20769251760.0, [425444.0, 27227176, 871269392, 6806824, 108909584, 850868]] [1507075044.0, [30876.0, 1975686, 63221784, 493926, 7902744, 61746]] [1170462888594.0, [23974926.0, 1534385247, 49100323449, 383602047, 6138057081, 47954907]] [36279318226.0, [743120.0, 47558715, 1521878880, 11924539, 190236512, 1490579]]
Model_cost: [8684255281.338333, [528.1192261904762, 11224161, 359125692, 2854305, 49399997, 386978]] [3916653522.0, [3786.0, 2666607, 85328280, 86895, 77870232, 608475]] [302377474.6666667, [12.666666666666666, 195220, 6246800, 13140, 6246800, 52170]] [5055733227.333334, [1270.8333333333333, 3327912, 106001424, 38704, 103508112, 831389]] [571957340.9777778, [95.17777777777778, 549382, 17373208, 139910, 7768280, 60826]] [296826958661.4001, [629.5500000000001, 191813655, 6138011769, 5340891, 6137123253, 47946441]] [1295165750.125, [56.71875, 891771, 28515872, 70051, 25504800, 200147]]
Arch_Param: [64, 2048, 32768, 8, 1024, 16]
Samsung_cost: [9799042165.444445, [201309.69444444444, 6445089, 412205564, 3236897, 51464892, 403041]] [15225762318.0, [309231.0, 9891951, 633078168, 4912239, 85328280, 668271]] [1269907380.0, [26090.0, 834570, 53412240, 417290, 6676880, 52170]] [20714796968.0, [425444.0, 13613588, 871269392, 6806804, 108909584, 850868]] [1503123684.0, [30876.0, 987846, 63221784, 493926, 7902744, 61746]] [1167394118418.0, [23974926.0, 767192703, 49100323449, 383602047, 6138057081, 47954907]] [36184200186.0, [743120.0, 23779359, 1521878880, 11924511, 190236512, 1490579]]
Model_cost: [8662101553.338333, [528.1192261904762, 5685729, 359125692, 2854305, 49399997, 386978]] [3911320530.0, [3786.0, 1333359, 85328280, 86895, 77870232, 608475]] [302012414.6666667, [12.666666666666666, 104010, 6246800, 13130, 6246800, 52170]] [5049143523.333334, [1270.8333333333333, 1680596, 106001424, 38684, 103508112, 831389]] [570600813.7777778, [95.77777777777777, 273670, 17356824, 144006, 7767768, 60762]] [296443333205.4001, [629.5500000000001, 95907291, 6138011769, 5340891, 6137123253, 47946441]] [1293330526.125, [56.71875, 450719, 28515872, 66823, 25504800, 200147]]
Arch_Param: [64, 2048, 32768, 16, 256, 16]
Samsung_cost: [9631393560.777779, [196211.02777777778, 25112100, 401767932, 3146788, 50350780, 394337]] [15344464398.0, [309231.0, 39567471, 633078168, 4912239, 85328280, 668271]] [1279922620.0, [26090.0, 3338270, 53412240, 417310, 6676880, 52170]] [20878161084.0, [425444.0, 54454342, 871269392, 6806854, 108909584, 850868]] [1498733608.0, [30545.0, 3908998, 62543896, 488630, 7818008, 61084]] [1176600428946.0, [23974926.0, 3068770335, 49100323449, 383602047, 6138057081, 47954907]] [36419300560.0, [742096.0, 94986358, 1519781728, 11908214, 189974368, 1488531]]
Model_cost: [5566020530.418333, [310.5149404761905, 12767908, 204263100, 1620132, 49399997, 386978]] [3927319506.0, [3786.0, 5333103, 85328280, 86895, 77870232, 608475]] [303158534.6666667, [12.666666666666666, 390430, 6246800, 13150, 6246800, 52170]] [5068963575.333334, [1270.8333333333333, 6635334, 106001424, 38734, 103508112, 831389]] [395426044.4888889, [50.58888888888889, 542918, 8686616, 13894, 7768280, 60826]] [297594209573.4001, [629.5500000000001, 383626383, 6138011769, 5340891, 6137123253, 47946441]] [1254429758.0, [47.92857142857143, 1647862, 26354976, 45406, 25504800, 200147]]
Arch_Param: [64, 2048, 32768, 16, 512, 16]
Samsung_cost: [9581170378.777779, [196211.02777777778, 12556321, 401767932, 3146785, 50350780, 394337]] [15265329678.0, [309231.0, 19783791, 633078168, 4912239, 85328280, 668271]] [1273245880.0, [26090.0, 1669140, 53412240, 417300, 6676880, 52170]] [20769251760.0, [425444.0, 27227176, 871269392, 6806824, 108909584, 850868]] [1490915624.0, [30545.0, 1954502, 62543896, 488630, 7818008, 61084]] [1170462888594.0, [23974926.0, 1534385247, 49100323449, 383602047, 6138057081, 47954907]] [36229326546.0, [742096.0, 47493179, 1519781728, 11908155, 189974368, 1488531]]
Model_cost: [5540485732.418333, [310.5149404761905, 6384225, 204263100, 1620129, 49399997, 386978]] [3916653522.0, [3786.0, 2666607, 85328280, 86895, 77870232, 608475]] [302377474.6666667, [12.666666666666666, 195220, 6246800, 13140, 6246800, 52170]] [5055733227.333334, [1270.8333333333333, 3327912, 106001424, 38704, 103508112, 831389]] [394345234.8888889, [51.388888888888886, 272646, 8678424, 22086, 7767768, 60762]] [296826958661.4001, [629.5500000000001, 191813655, 6138011769, 5340891, 6137123253, 47946441]] [1251041216.0, [47.92857142857143, 823931, 26354976, 41187, 25504800, 200147]]
Arch_Param: [64, 2048, 32768, 16, 1024, 16]
Samsung_cost: [9556065994.777779, [196211.02777777778, 6280225, 401767932, 3146785, 50350780, 394337]] [15225762318.0, [309231.0, 9891951, 633078168, 4912239, 85328280, 668271]] [1269907380.0, [26090.0, 834570, 53412240, 417290, 6676880, 52170]] [20714796968.0, [425444.0, 13613588, 871269392, 6806804, 108909584, 850868]] [1487006632.0, [30545.0, 977254, 62543896, 488630, 7818008, 61084]] [1167394118418.0, [23974926.0, 767192703, 49100323449, 383602047, 6138057081, 47954907]] [36134339578.0, [742096.0, 23746591, 1519781728, 11908127, 189974368, 1488531]]
Model_cost: [5527867492.418333, [310.5149404761905, 3229665, 204263100, 1620129, 49399997, 386978]] [3911320530.0, [3786.0, 1333359, 85328280, 86895, 77870232, 608475]] [302012414.6666667, [12.666666666666666, 104010, 6246800, 13130, 6246800, 52170]] [5049143523.333334, [1270.8333333333333, 1680596, 106001424, 38684, 103508112, 831389]] [393666834.8888889, [51.388888888888886, 136838, 8678424, 15942, 7767768, 60762]] [296443333205.4001, [629.5500000000001, 95907291, 6138011769, 5340891, 6137123253, 47946441]] [1249367016.0, [47.92857142857143, 414687, 26354976, 39495, 25504800, 200147]]
Arch_Param: [64, 2048, 32768, 32, 256, 16]
Samsung_cost: [9508928579.444445, [193661.69444444444, 24785444, 396549116, 3101732, 49793724, 389985]] [15344464398.0, [309231.0, 39567471, 633078168, 4912239, 85328280, 668271]] [1279922620.0, [26090.0, 3338270, 53412240, 417310, 6676880, 52170]] [20878161084.0, [425444.0, 54454342, 871269392, 6806854, 108909584, 850868]] [1490611530.0, [30379.5, 3887814, 62204952, 485982, 7775640, 60753]] [1176600428946.0, [23974926.0, 3068770335, 49100323449, 383602047, 6138057081, 47954907]] [36394173648.0, [741584.0, 94920822, 1518733152, 11900022, 189843296, 1487507]]
Model_cost: [3486582184.708333, [173.02529761904762, 6404260, 102452412, 812580, 49399997, 386978]] [3927319506.0, [3786.0, 5333103, 85328280, 86895, 77870232, 608475]] [303158534.6666667, [12.666666666666666, 390430, 6246800, 13150, 6246800, 52170]] [5068963575.333334, [1270.8333333333333, 6635334, 106001424, 38734, 103508112, 831389]] [384329751.24444443, [35.544444444444444, 509030, 8144408, 8614, 7768280, 60826]] [297594209573.4001, [629.5500000000001, 383626383, 6138011769, 5340891, 6137123253, 47946441]] [1243126512.25, [45.151785714285715, 1613302, 25807008, 36062, 25504800, 200147]]
Arch_Param: [64, 2048, 32768, 32, 512, 16]
Samsung_cost: [9459358709.444445, [193661.69444444444, 12392993, 396549116, 3101729, 49793724, 389985]] [15265329678.0, [309231.0, 19783791, 633078168, 4912239, 85328280, 668271]] [1273245880.0, [26090.0, 1669140, 53412240, 417300, 6676880, 52170]] [20769251760.0, [425444.0, 27227176, 871269392, 6806824, 108909584, 850868]] [1482835914.0, [30379.5, 1943910, 62204952, 485982, 7775640, 60753]] [1170462888594.0, [23974926.0, 1534385247, 49100323449, 383602047, 6138057081, 47954907]] [36204330706.0, [741584.0, 47460411, 1518733152, 11899963, 189843296, 1487507]]
Model_cost: [3473774682.708333, [173.02529761904762, 3202401, 102452412, 812577, 49399997, 386978]] [3916653522.0, [3786.0, 2666607, 85328280, 86895, 77870232, 608475]] [302377474.6666667, [12.666666666666666, 195220, 6246800, 13140, 6246800, 52170]] [5055733227.333334, [1270.8333333333333, 3327912, 106001424, 38704, 103508112, 831389]] [383306146.4444444, [35.94444444444444, 255110, 8140312, 12710, 7767768, 60762]] [296826958661.4001, [629.5500000000001, 191813655, 6138011769, 5340891, 6137123253, 47946441]] [1239849330.25, [45.151785714285715, 806651, 25807008, 33763, 25504800, 200147]]
Arch_Param: [64, 2048, 32768, 32, 1024, 16]
Samsung_cost: [9434577909.444445, [193661.69444444444, 6197793, 396549116, 3101729, 49793724, 389985]] [15225762318.0, [309231.0, 9891951, 633078168, 4912239, 85328280, 668271]] [1269907380.0, [26090.0, 834570, 53412240, 417290, 6676880, 52170]] [20714796968.0, [425444.0, 13613588, 871269392, 6806804, 108909584, 850868]] [1478948106.0, [30379.5, 971958, 62204952, 485982, 7775640, 60753]] [1167394118418.0, [23974926.0, 767192703, 49100323449, 383602047, 6138057081, 47954907]] [36109409274.0, [741584.0, 23730207, 1518733152, 11899935, 189843296, 1487507]]
Model_cost: [3467447898.708333, [173.02529761904762, 1620705, 102452412, 812577, 49399997, 386978]] [3911320530.0, [3786.0, 1333359, 85328280, 86895, 77870232, 608475]] [302012414.6666667, [12.666666666666666, 104010, 6246800, 13130, 6246800, 52170]] [5049143523.333334, [1270.8333333333333, 1680596, 106001424, 38684, 103508112, 831389]] [382729378.4444444, [35.94444444444444, 127814, 8140312, 9638, 7767768, 60762]] [296443333205.4001, [629.5500000000001, 95907291, 6138011769, 5340891, 6137123253, 47946441]] [1238221210.25, [45.151785714285715, 404703, 25807008, 32839, 25504800, 200147]]
Arch_Param: [64, 2048, 16384, 4, 256, 16]
Samsung_cost: [19666302958.0, [801777.5, 51312164, 820922876, 6444068, 102001340, 797857]] [15353119758.0, [618351.0, 39567471, 633078168, 4912239, 85328280, 668271]] [1280652860.0, [52170.0, 3338270, 53412240, 417310, 6676880, 52170]] [20890072956.0, [850868.0, 54454342, 871269392, 6806854, 108909584, 850868]] [1573490220.0, [64094.0, 4101638, 65626136, 512710, 8203288, 64094]] [1177271722422.0, [47949693.0, 3068770335, 49100323449, 383602047, 6138057081, 47954907]] [36946806224.0, [1505424.0, 96346230, 1541539680, 12113014, 192137056, 1505427]]
Model_cost: [15057736098.66081, [1905.3807432432432, 41814564, 668963196, 5323876, 49399997, 386978]] [3927422406.0, [7461.0, 5333103, 85328280, 86895, 77870232, 608475]] [303158609.3333333, [15.333333333333332, 390430, 6246800, 13150, 6246800, 52170]] [5068998318.666666, [2511.6666666666665, 6635334, 106001424, 38734, 103508112, 831389]] [928995384.0, [359.0, 2171654, 34746392, 279814, 7768280, 60826]] [297594222748.7999, [1100.1000000000001, 383626383, 6138011769, 5340891, 6137123253, 47946441]] [1387585311.95, [133.7125, 2054902, 32837664, 130462, 25504800, 200147]]
Arch_Param: [64, 2048, 16384, 4, 512, 16]
Samsung_cost: [19563679648.0, [801777.5, 25656353, 820922876, 6444065, 102001340, 797857]] [15273985038.0, [618351.0, 19783791, 633078168, 4912239, 85328280, 668271]] [1273976120.0, [52170.0, 1669140, 53412240, 417300, 6676880, 52170]] [20781163632.0, [850868.0, 27227176, 871269392, 6806824, 108909584, 850868]] [1565286956.0, [64094.0, 2050822, 65626136, 512710, 8203288, 64094]] [1171134182070.0, [47949693.0, 1534385247, 49100323449, 383602047, 6138057081, 47954907]] [36754112466.0, [1505424.0, 48173115, 1541539680, 12112955, 192137056, 1505427]]
Model_cost: [14974107988.66081, [1905.3807432432432, 20907553, 668963196, 5323873, 49399997, 386978]] [3916756422.0, [7461.0, 2666607, 85328280, 86895, 77870232, 608475]] [302377549.3333333, [15.333333333333332, 195220, 6246800, 13140, 6246800, 52170]] [5055767970.666666, [2511.6666666666665, 3327912, 106001424, 38704, 103508112, 831389]] [924703800.0, [359.0, 1098758, 34746392, 279814, 7768280, 60826]] [296826971836.7999, [1100.1000000000001, 191813655, 6138011769, 5340891, 6137123253, 47946441]] [1383129249.95, [133.7125, 1027451, 32837664, 114723, 25504800, 200147]]
Arch_Param: [64, 2048, 16384, 4, 1024, 16]
Samsung_cost: [19512393632.0, [801777.5, 12834849, 820922876, 6444065, 102001340, 797857]] [15234417678.0, [618351.0, 9891951, 633078168, 4912239, 85328280, 668271]] [1270637620.0, [52170.0, 834570, 53412240, 417290, 6676880, 52170]] [20726708840.0, [850868.0, 13613588, 871269392, 6806804, 108909584, 850868]] [1561185324.0, [64094.0, 1025414, 65626136, 512710, 8203288, 64094]] [1168065411894.0, [47949693.0, 767192703, 49100323449, 383602047, 6138057081, 47954907]] [36657765626.0, [1505424.0, 24086559, 1541539680, 12112927, 192137056, 1505427]]
Model_cost: [14932878676.66081, [1905.3807432432432, 10600225, 668963196, 5323873, 49399997, 386978]] [3911423430.0, [7461.0, 1333359, 85328280, 86895, 77870232, 608475]] [302012489.3333333, [15.333333333333332, 104010, 6246800, 13130, 6246800, 52170]] [5049178266.666666, [2511.6666666666665, 1680596, 106001424, 38684, 103508112, 831389]] [922006840.0, [359.0, 547334, 34713624, 288006, 7767768, 60762]] [296443346380.7999, [1100.1000000000001, 95907291, 6138011769, 5340891, 6137123253, 47946441]] [1380971977.95, [133.7125, 522783, 32837664, 108423, 25504800, 200147]]
Arch_Param: [64, 2048, 16384, 8, 256, 16]
Samsung_cost: [9881959918.0, [402609.5, 25765412, 412205564, 3236900, 51464892, 403041]] [15353119758.0, [618351.0, 39567471, 633078168, 4912239, 85328280, 668271]] [1280652860.0, [52170.0, 3338270, 53412240, 417310, 6676880, 52170]] [20890072956.0, [850868.0, 54454342, 871269392, 6806854, 108909584, 850868]] [1515842124.0, [61746.0, 3951366, 63221784, 493926, 7902744, 61746]] [1177271722422.0, [47949693.0, 3068770335, 49100323449, 383602047, 6138057081, 47954907]] [36490361296.0, [1486224.0, 95117430, 1521878880, 11924598, 190236512, 1490579]]
Model_cost: [8729163902.855406, [1030.9591216216218, 22447780, 359125692, 2854308, 49399997, 386978]] [3927422406.0, [7461.0, 5333103, 85328280, 86895, 77870232, 608475]] [303158609.3333333, [15.333333333333332, 390430, 6246800, 13150, 6246800, 52170]] [5068998318.666666, [2511.6666666666665, 6635334, 106001424, 38734, 103508112, 831389]] [574105644.888889, [184.8888888888889, 1085830, 17373208, 139910, 7768280, 60826]] [297594222748.7999, [1100.1000000000001, 383626383, 6138011769, 5340891, 6137123253, 47946441]] [1298911289.05, [98.0375, 1783542, 28515872, 78110, 25504800, 200147]]
Arch_Param: [64, 2048, 16384, 8, 512, 16]
Samsung_cost: [9830430112.0, [402609.5, 12882977, 412205564, 3236897, 51464892, 403041]] [15273985038.0, [618351.0, 19783791, 633078168, 4912239, 85328280, 668271]] [1273976120.0, [52170.0, 1669140, 53412240, 417300, 6676880, 52170]] [20781163632.0, [850868.0, 27227176, 871269392, 6806824, 108909584, 850868]] [1507939404.0, [61746.0, 1975686, 63221784, 493926, 7902744, 61746]] [1171134182070.0, [47949693.0, 1534385247, 49100323449, 383602047, 6138057081, 47954907]] [36300125138.0, [1486224.0, 47558715, 1521878880, 11924539, 190236512, 1490579]]
Model_cost: [8684269360.855406, [1030.9591216216218, 11224161, 359125692, 2854305, 49399997, 386978]] [3916756422.0, [7461.0, 2666607, 85328280, 86895, 77870232, 608475]] [302377549.3333333, [15.333333333333332, 195220, 6246800, 13140, 6246800, 52170]] [5055767970.666666, [2511.6666666666665, 3327912, 106001424, 38704, 103508112, 831389]] [571959852.888889, [184.8888888888889, 549382, 17373208, 139910, 7768280, 60826]] [296826971836.7999, [1100.1000000000001, 191813655, 6138011769, 5340891, 6137123253, 47946441]] [1295166907.05, [98.0375, 891771, 28515872, 70051, 25504800, 200147]]
Arch_Param: [64, 2048, 16384, 8, 1024, 16]
Samsung_cost: [9804678560.0, [402609.5, 6445089, 412205564, 3236897, 51464892, 403041]] [15234417678.0, [618351.0, 9891951, 633078168, 4912239, 85328280, 668271]] [1270637620.0, [52170.0, 834570, 53412240, 417290, 6676880, 52170]] [20726708840.0, [850868.0, 13613588, 871269392, 6806804, 108909584, 850868]] [1503988044.0, [61746.0, 987846, 63221784, 493926, 7902744, 61746]] [1168065411894.0, [47949693.0, 767192703, 49100323449, 383602047, 6138057081, 47954907]] [36205007098.0, [1486224.0, 23779359, 1521878880, 11924511, 190236512, 1490579]]
Model_cost: [8662115632.855406, [1030.9591216216218, 5685729, 359125692, 2854305, 49399997, 386978]] [3911423430.0, [7461.0, 1333359, 85328280, 86895, 77870232, 608475]] [302012489.3333333, [15.333333333333332, 104010, 6246800, 13130, 6246800, 52170]] [5049178266.666666, [2511.6666666666665, 1680596, 106001424, 38684, 103508112, 831389]] [570603299.5555556, [184.55555555555554, 273670, 17356824, 144006, 7767768, 60762]] [296443346380.7999, [1100.1000000000001, 95907291, 6138011769, 5340891, 6137123253, 47946441]] [1293331683.05, [98.0375, 450719, 28515872, 66823, 25504800, 200147]]
Arch_Param: [64, 2048, 16384, 16, 256, 16]
Samsung_cost: [9636886894.0, [392401.5, 25112100, 401767932, 3146788, 50350780, 394337]] [15353119758.0, [618351.0, 39567471, 633078168, 4912239, 85328280, 668271]] [1280652860.0, [52170.0, 3338270, 53412240, 417310, 6676880, 52170]] [20890072956.0, [850868.0, 54454342, 871269392, 6806854, 108909584, 850868]] [1499588700.0, [61084.0, 3908998, 62543896, 488630, 7818008, 61084]] [1177271722422.0, [47949693.0, 3068770335, 49100323449, 383602047, 6138057081, 47954907]] [36440078800.0, [1484176.0, 94986358, 1519781728, 11908214, 189974368, 1488531]]
Model_cost: [5566028410.931081, [591.9618243243243, 12767908, 204263100, 1620132, 49399997, 386978]] [3927422406.0, [7461.0, 5333103, 85328280, 86895, 77870232, 608475]] [303158609.3333333, [15.333333333333332, 390430, 6246800, 13150, 6246800, 52170]] [5068998318.666666, [2511.6666666666665, 6635334, 106001424, 38734, 103508112, 831389]] [395427300.4444445, [95.44444444444446, 542918, 8686616, 13894, 7768280, 60826]] [297594222748.7999, [1100.1000000000001, 383626383, 6138011769, 5340891, 6137123253, 47946441]] [1254430661.6, [80.2, 1647862, 26354976, 45406, 25504800, 200147]]
Arch_Param: [64, 2048, 16384, 16, 512, 16]
Samsung_cost: [9586663712.0, [392401.5, 12556321, 401767932, 3146785, 50350780, 394337]] [15273985038.0, [618351.0, 19783791, 633078168, 4912239, 85328280, 668271]] [1273976120.0, [52170.0, 1669140, 53412240, 417300, 6676880, 52170]] [20781163632.0, [850868.0, 27227176, 871269392, 6806824, 108909584, 850868]] [1491770716.0, [61084.0, 1954502, 62543896, 488630, 7818008, 61084]] [1171134182070.0, [47949693.0, 1534385247, 49100323449, 383602047, 6138057081, 47954907]] [36250104786.0, [1484176.0, 47493179, 1519781728, 11908155, 189974368, 1488531]]
Model_cost: [5540493612.931081, [591.9618243243243, 6384225, 204263100, 1620129, 49399997, 386978]] [3916756422.0, [7461.0, 2666607, 85328280, 86895, 77870232, 608475]] [302377549.3333333, [15.333333333333332, 195220, 6246800, 13140, 6246800, 52170]] [5055767970.666666, [2511.6666666666665, 3327912, 106001424, 38704, 103508112, 831389]] [394346477.7777778, [95.77777777777777, 272646, 8678424, 22086, 7767768, 60762]] [296826971836.7999, [1100.1000000000001, 191813655, 6138011769, 5340891, 6137123253, 47946441]] [1251042119.6, [80.2, 823931, 26354976, 41187, 25504800, 200147]]
Arch_Param: [64, 2048, 16384, 16, 1024, 16]
Samsung_cost: [9561559328.0, [392401.5, 6280225, 401767932, 3146785, 50350780, 394337]] [15234417678.0, [618351.0, 9891951, 633078168, 4912239, 85328280, 668271]] [1270637620.0, [52170.0, 834570, 53412240, 417290, 6676880, 52170]] [20726708840.0, [850868.0, 13613588, 871269392, 6806804, 108909584, 850868]] [1487861724.0, [61084.0, 977254, 62543896, 488630, 7818008, 61084]] [1168065411894.0, [47949693.0, 767192703, 49100323449, 383602047, 6138057081, 47954907]] [36155117818.0, [1484176.0, 23746591, 1519781728, 11908127, 189974368, 1488531]]
Model_cost: [5527875372.931081, [591.9618243243243, 3229665, 204263100, 1620129, 49399997, 386978]] [3911423430.0, [7461.0, 1333359, 85328280, 86895, 77870232, 608475]] [302012489.3333333, [15.333333333333332, 104010, 6246800, 13130, 6246800, 52170]] [5049178266.666666, [2511.6666666666665, 1680596, 106001424, 38684, 103508112, 831389]] [393668077.7777778, [95.77777777777777, 136838, 8678424, 15942, 7767768, 60762]] [296443346380.7999, [1100.1000000000001, 95907291, 6138011769, 5340891, 6137123253, 47946441]] [1249367919.6, [80.2, 414687, 26354976, 39495, 25504800, 200147]]
Arch_Param: [64, 2048, 16384, 32, 256, 16]
Samsung_cost: [9514350382.0, [387297.5, 24785444, 396549116, 3101732, 49793724, 389985]] [15353119758.0, [618351.0, 39567471, 633078168, 4912239, 85328280, 668271]] [1280652860.0, [52170.0, 3338270, 53412240, 417310, 6676880, 52170]] [20890072956.0, [850868.0, 54454342, 871269392, 6806854, 108909584, 850868]] [1491461988.0, [60753.0, 3887814, 62204952, 485982, 7775640, 60753]] [1177271722422.0, [47949693.0, 3068770335, 49100323449, 383602047, 6138057081, 47954907]] [36414937552.0, [1483152.0, 94920822, 1518733152, 11900022, 189843296, 1487507]]
Model_cost: [3486586162.468919, [315.0881756756757, 6404260, 102452412, 812580, 49399997, 386978]] [3927422406.0, [7461.0, 5333103, 85328280, 86895, 77870232, 608475]] [303158609.3333333, [15.333333333333332, 390430, 6246800, 13150, 6246800, 52170]] [5068998318.666666, [2511.6666666666665, 6635334, 106001424, 38734, 103508112, 831389]] [384330582.22222227, [65.22222222222223, 509030, 8144408, 8614, 7768280, 60826]] [297594222748.7999, [1100.1000000000001, 383626383, 6138011769, 5340891, 6137123253, 47946441]] [1243127333.3, [74.475, 1613302, 25807008, 36062, 25504800, 200147]]
Arch_Param: [64, 2048, 16384, 32, 512, 16]
Samsung_cost: [9464780512.0, [387297.5, 12392993, 396549116, 3101729, 49793724, 389985]] [15273985038.0, [618351.0, 19783791, 633078168, 4912239, 85328280, 668271]] [1273976120.0, [52170.0, 1669140, 53412240, 417300, 6676880, 52170]] [20781163632.0, [850868.0, 27227176, 871269392, 6806824, 108909584, 850868]] [1483686372.0, [60753.0, 1943910, 62204952, 485982, 7775640, 60753]] [1171134182070.0, [47949693.0, 1534385247, 49100323449, 383602047, 6138057081, 47954907]] [36225094610.0, [1483152.0, 47460411, 1518733152, 11899963, 189843296, 1487507]]
Model_cost: [3473778660.468919, [315.0881756756757, 3202401, 102452412, 812577, 49399997, 386978]] [3916756422.0, [7461.0, 2666607, 85328280, 86895, 77870232, 608475]] [302377549.3333333, [15.333333333333332, 195220, 6246800, 13140, 6246800, 52170]] [5055767970.666666, [2511.6666666666665, 3327912, 106001424, 38704, 103508112, 831389]] [383306984.8888889, [65.88888888888889, 255110, 8140312, 12710, 7767768, 60762]] [296826971836.7999, [1100.1000000000001, 191813655, 6138011769, 5340891, 6137123253, 47946441]] [1239850151.3, [74.475, 806651, 25807008, 33763, 25504800, 200147]]
Arch_Param: [64, 2048, 16384, 32, 1024, 16]
Samsung_cost: [9439999712.0, [387297.5, 6197793, 396549116, 3101729, 49793724, 389985]] [15234417678.0, [618351.0, 9891951, 633078168, 4912239, 85328280, 668271]] [1270637620.0, [52170.0, 834570, 53412240, 417290, 6676880, 52170]] [20726708840.0, [850868.0, 13613588, 871269392, 6806804, 108909584, 850868]] [1479798564.0, [60753.0, 971958, 62204952, 485982, 7775640, 60753]] [1168065411894.0, [47949693.0, 767192703, 49100323449, 383602047, 6138057081, 47954907]] [36130173178.0, [1483152.0, 23730207, 1518733152, 11899935, 189843296, 1487507]]
Model_cost: [3467451876.468919, [315.0881756756757, 1620705, 102452412, 812577, 49399997, 386978]] [3911423430.0, [7461.0, 1333359, 85328280, 86895, 77870232, 608475]] [302012489.3333333, [15.333333333333332, 104010, 6246800, 13130, 6246800, 52170]] [5049178266.666666, [2511.6666666666665, 1680596, 106001424, 38684, 103508112, 831389]] [382730216.8888889, [65.88888888888889, 127814, 8140312, 9638, 7767768, 60762]] [296443346380.7999, [1100.1000000000001, 95907291, 6138011769, 5340891, 6137123253, 47946441]] [1238222031.3, [74.475, 404703, 25807008, 32839, 25504800, 200147]]
Arch_Param: [64, 2048, 8192, 4, 256, 16]
Samsung_cost: [19688751804.0, [1603522.0, 51312164, 820922876, 6444068, 102001340, 797857]] [15370430478.0, [1236591.0, 39567471, 633078168, 4912239, 85328280, 668271]] [1282113340, [104330, 3338270, 53412240, 417310, 6676880, 52170]] [20913896700, [1701716, 54454342, 871269392, 6806854, 108909584, 850868]] [1575284684, [128182, 4101638, 65626136, 512710, 8203288, 64094]] [1178614309374.0, [95899227.0, 3068770335, 49100323449, 383602047, 6138057081, 47954907]] [36988957648.0, [3010832.0, 96346230, 1541539680, 12113014, 192137056, 1505427]]
Model_cost: [15057788197.477777, [3766.052777777778, 41814564, 668963196, 5323876, 49399997, 386978]] [3927628206.0, [14811.0, 5333103, 85328280, 86895, 77870232, 608475]] [303158768.0, [21.0, 390430, 6246800, 13150, 6246800, 52170]] [5069068104.0, [5004.0, 6635334, 106001424, 38734, 103508112, 831389]] [929005268.0, [712.0, 2171654, 34746392, 279814, 7768280, 60826]] [297594251250.0, [2118.0, 383626383, 6138011769, 5340891, 6137123253, 47946441]] [1387588579.9, [250.425, 2054902, 32837664, 130462, 25504800, 200147]]
Arch_Param: [64, 2048, 8192, 4, 512, 16]
Samsung_cost: [19586128494.0, [1603522.0, 25656353, 820922876, 6444065, 102001340, 797857]] [15291295758.0, [1236591.0, 19783791, 633078168, 4912239, 85328280, 668271]] [1275436600, [104330, 1669140, 53412240, 417300, 6676880, 52170]] [20804987376, [1701716, 27227176, 871269392, 6806824, 108909584, 850868]] [1567081420, [128182, 2050822, 65626136, 512710, 8203288, 64094]] [1172476769022.0, [95899227.0, 1534385247, 49100323449, 383602047, 6138057081, 47954907]] [36796263890.0, [3010832.0, 48173115, 1541539680, 12112955, 192137056, 1505427]]
Model_cost: [14974160087.477777, [3766.052777777778, 20907553, 668963196, 5323873, 49399997, 386978]] [3916962222.0, [14811.0, 2666607, 85328280, 86895, 77870232, 608475]] [302377708.0, [21.0, 195220, 6246800, 13140, 6246800, 52170]] [5055837756.0, [5004.0, 3327912, 106001424, 38704, 103508112, 831389]] [924713684.0, [712.0, 1098758, 34746392, 279814, 7768280, 60826]] [296827000338.0, [2118.0, 191813655, 6138011769, 5340891, 6137123253, 47946441]] [1383132517.9, [250.425, 1027451, 32837664, 114723, 25504800, 200147]]
Arch_Param: [64, 2048, 8192, 4, 1024, 16]
Samsung_cost: [19534842478.0, [1603522.0, 12834849, 820922876, 6444065, 102001340, 797857]] [15251728398.0, [1236591.0, 9891951, 633078168, 4912239, 85328280, 668271]] [1272098100, [104330, 834570, 53412240, 417290, 6676880, 52170]] [20750532584, [1701716, 13613588, 871269392, 6806804, 108909584, 850868]] [1562979788, [128182, 1025414, 65626136, 512710, 8203288, 64094]] [1169407998846.0, [95899227.0, 767192703, 49100323449, 383602047, 6138057081, 47954907]] [36699917050.0, [3010832.0, 24086559, 1541539680, 12112927, 192137056, 1505427]]
Model_cost: [14932930775.477777, [3766.052777777778, 10600225, 668963196, 5323873, 49399997, 386978]] [3911629230.0, [14811.0, 1333359, 85328280, 86895, 77870232, 608475]] [302012648.0, [21.0, 104010, 6246800, 13130, 6246800, 52170]] [5049248052.0, [5004.0, 1680596, 106001424, 38684, 103508112, 831389]] [922016696.0, [711.0, 547334, 34713624, 288006, 7767768, 60762]] [296443374882.0, [2118.0, 95907291, 6138011769, 5340891, 6137123253, 47946441]] [1380975245.9, [250.425, 522783, 32837664, 108423, 25504800, 200147]]
Arch_Param: [64, 2048, 8192, 8, 256, 16]
Samsung_cost: [9893232060.0, [805186.0, 25765412, 412205564, 3236900, 51464892, 403041]] [15370430478.0, [1236591.0, 39567471, 633078168, 4912239, 85328280, 668271]] [1282113340, [104330, 3338270, 53412240, 417310, 6676880, 52170]] [20913896700, [1701716, 54454342, 871269392, 6806854, 108909584, 850868]] [1517570844, [123486, 3951366, 63221784, 493926, 7902744, 61746]] [1178614309374.0, [95899227.0, 3068770335, 49100323449, 383602047, 6138057081, 47954907]] [36531975120.0, [2972432.0, 95117430, 1521878880, 11924598, 190236512, 1490579]]
Model_cost: [8729191715.38889, [2024.263888888889, 22447780, 359125692, 2854308, 49399997, 386978]] [3927628206.0, [14811.0, 5333103, 85328280, 86895, 77870232, 608475]] [303158768.0, [21.0, 390430, 6246800, 13150, 6246800, 52170]] [5069068104.0, [5004.0, 6635334, 106001424, 38734, 103508112, 831389]] [574110520.0, [359.0, 1085830, 17373208, 139910, 7768280, 60826]] [297594251250.0, [2118.0, 383626383, 6138011769, 5340891, 6137123253, 47946441]] [1298913586.1, [180.075, 1783542, 28515872, 78110, 25504800, 200147]]
Arch_Param: [64, 2048, 8192, 8, 512, 16]
Samsung_cost: [9841702254.0, [805186.0, 12882977, 412205564, 3236897, 51464892, 403041]] [15291295758.0, [1236591.0, 19783791, 633078168, 4912239, 85328280, 668271]] [1275436600, [104330, 1669140, 53412240, 417300, 6676880, 52170]] [20804987376, [1701716, 27227176, 871269392, 6806824, 108909584, 850868]] [1509668124, [123486, 1975686, 63221784, 493926, 7902744, 61746]] [1172476769022.0, [95899227.0, 1534385247, 49100323449, 383602047, 6138057081, 47954907]] [36341738962.0, [2972432.0, 47558715, 1521878880, 11924539, 190236512, 1490579]]
Model_cost: [8684297173.38889, [2024.263888888889, 11224161, 359125692, 2854305, 49399997, 386978]] [3916962222.0, [14811.0, 2666607, 85328280, 86895, 77870232, 608475]] [302377708.0, [21.0, 195220, 6246800, 13140, 6246800, 52170]] [5055837756.0, [5004.0, 3327912, 106001424, 38704, 103508112, 831389]] [571964728.0, [359.0, 549382, 17373208, 139910, 7768280, 60826]] [296827000338.0, [2118.0, 191813655, 6138011769, 5340891, 6137123253, 47946441]] [1295169204.1, [180.075, 891771, 28515872, 70051, 25504800, 200147]]
Arch_Param: [64, 2048, 8192, 8, 1024, 16]
Samsung_cost: [9815950702.0, [805186.0, 6445089, 412205564, 3236897, 51464892, 403041]] [15251728398.0, [1236591.0, 9891951, 633078168, 4912239, 85328280, 668271]] [1272098100, [104330, 834570, 53412240, 417290, 6676880, 52170]] [20750532584, [1701716, 13613588, 871269392, 6806804, 108909584, 850868]] [1505716764, [123486, 987846, 63221784, 493926, 7902744, 61746]] [1169407998846.0, [95899227.0, 767192703, 49100323449, 383602047, 6138057081, 47954907]] [36246620922.0, [2972432.0, 23779359, 1521878880, 11924511, 190236512, 1490579]]
Model_cost: [8662143445.38889, [2024.263888888889, 5685729, 359125692, 2854305, 49399997, 386978]] [3911629230.0, [14811.0, 1333359, 85328280, 86895, 77870232, 608475]] [302012648.0, [21.0, 104010, 6246800, 13130, 6246800, 52170]] [5049248052.0, [5004.0, 1680596, 106001424, 38684, 103508112, 831389]] [570608184.0, [359.0, 273670, 17356824, 144006, 7767768, 60762]] [296443374882.0, [2118.0, 95907291, 6138011769, 5340891, 6137123253, 47946441]] [1293333980.1, [180.075, 450719, 28515872, 66823, 25504800, 200147]]
Arch_Param: [64, 2048, 8192, 16, 256, 16]
Samsung_cost: [9647873212.0, [784770.0, 25112100, 401767932, 3146788, 50350780, 394337]] [15370430478.0, [1236591.0, 39567471, 633078168, 4912239, 85328280, 668271]] [1282113340, [104330, 3338270, 53412240, 417310, 6676880, 52170]] [20913896700, [1701716, 54454342, 871269392, 6806854, 108909584, 850868]] [1501298884, [122162, 3908998, 62543896, 488630, 7818008, 61084]] [1178614309374.0, [95899227.0, 3068770335, 49100323449, 383602047, 6138057081, 47954907]] [36481635280.0, [2968336.0, 94986358, 1519781728, 11908214, 189974368, 1488531]]
Model_cost: [5566044063.922222, [1150.9972222222223, 12767908, 204263100, 1620132, 49399997, 386978]] [3927628206.0, [14811.0, 5333103, 85328280, 86895, 77870232, 608475]] [303158768.0, [21.0, 390430, 6246800, 13150, 6246800, 52170]] [5069068104.0, [5004.0, 6635334, 106001424, 38734, 103508112, 831389]] [395430153.3333333, [197.33333333333334, 542918, 8686616, 13894, 7768280, 60826]] [297594251250.0, [2118.0, 383626383, 6138011769, 5340891, 6137123253, 47946441]] [1254432459.2, [144.4, 1647862, 26354976, 45406, 25504800, 200147]]
Arch_Param: [64, 2048, 8192, 16, 512, 16]
Samsung_cost: [9597650030.0, [784770.0, 12556321, 401767932, 3146785, 50350780, 394337]] [15291295758.0, [1236591.0, 19783791, 633078168, 4912239, 85328280, 668271]] [1275436600, [104330, 1669140, 53412240, 417300, 6676880, 52170]] [20804987376, [1701716, 27227176, 871269392, 6806824, 108909584, 850868]] [1493480900, [122162, 1954502, 62543896, 488630, 7818008, 61084]] [1172476769022.0, [95899227.0, 1534385247, 49100323449, 383602047, 6138057081, 47954907]] [36291661266.0, [2968336.0, 47493179, 1519781728, 11908155, 189974368, 1488531]]
Model_cost: [5540509265.922222, [1150.9972222222223, 6384225, 204263100, 1620129, 49399997, 386978]] [3916962222.0, [14811.0, 2666607, 85328280, 86895, 77870232, 608475]] [302377708.0, [21.0, 195220, 6246800, 13140, 6246800, 52170]] [5055837756.0, [5004.0, 3327912, 106001424, 38704, 103508112, 831389]] [394349312.0, [197.0, 272646, 8678424, 22086, 7767768, 60762]] [296827000338.0, [2118.0, 191813655, 6138011769, 5340891, 6137123253, 47946441]] [1251043917.2, [144.4, 823931, 26354976, 41187, 25504800, 200147]]
Arch_Param: [64, 2048, 8192, 16, 1024, 16]
Samsung_cost: [9572545646.0, [784770.0, 6280225, 401767932, 3146785, 50350780, 394337]] [15251728398.0, [1236591.0, 9891951, 633078168, 4912239, 85328280, 668271]] [1272098100, [104330, 834570, 53412240, 417290, 6676880, 52170]] [20750532584, [1701716, 13613588, 871269392, 6806804, 108909584, 850868]] [1489571908, [122162, 977254, 62543896, 488630, 7818008, 61084]] [1169407998846.0, [95899227.0, 767192703, 49100323449, 383602047, 6138057081, 47954907]] [36196674298.0, [2968336.0, 23746591, 1519781728, 11908127, 189974368, 1488531]]
Model_cost: [5527891025.922222, [1150.9972222222223, 3229665, 204263100, 1620129, 49399997, 386978]] [3911629230.0, [14811.0, 1333359, 85328280, 86895, 77870232, 608475]] [302012648.0, [21.0, 104010, 6246800, 13130, 6246800, 52170]] [5049248052.0, [5004.0, 1680596, 106001424, 38684, 103508112, 831389]] [393670912.0, [197.0, 136838, 8678424, 15942, 7767768, 60762]] [296443374882.0, [2118.0, 95907291, 6138011769, 5340891, 6137123253, 47946441]] [1249369717.2, [144.4, 414687, 26354976, 39495, 25504800, 200147]]
Arch_Param: [64, 2048, 8192, 32, 256, 16]
Samsung_cost: [9525193788.0, [774562.0, 24785444, 396549116, 3101732, 49793724, 389985]] [15370430478.0, [1236591.0, 39567471, 633078168, 4912239, 85328280, 668271]] [1282113340, [104330, 3338270, 53412240, 417310, 6676880, 52170]] [20913896700, [1701716, 54454342, 871269392, 6806854, 108909584, 850868]] [1493162904, [121500, 3887814, 62204952, 485982, 7775640, 60753]] [1178614309374.0, [95899227.0, 3068770335, 49100323449, 383602047, 6138057081, 47954907]] [36456465360.0, [2966288.0, 94920822, 1518733152, 11900022, 189843296, 1487507]]
Model_cost: [3486594061.9888887, [597.213888888889, 6404260, 102452412, 812580, 49399997, 386978]] [3927628206.0, [14811.0, 5333103, 85328280, 86895, 77870232, 608475]] [303158768.0, [21.0, 390430, 6246800, 13150, 6246800, 52170]] [5069068104.0, [5004.0, 6635334, 106001424, 38734, 103508112, 831389]] [384332414.6666666, [130.66666666666669, 509030, 8144408, 8614, 7768280, 60826]] [297594251250.0, [2118.0, 383626383, 6138011769, 5340891, 6137123253, 47946441]] [1243128942.6, [131.95, 1613302, 25807008, 36062, 25504800, 200147]]
Arch_Param: [64, 2048, 8192, 32, 512, 16]
Samsung_cost: [9475623918.0, [774562.0, 12392993, 396549116, 3101729, 49793724, 389985]] [15291295758.0, [1236591.0, 19783791, 633078168, 4912239, 85328280, 668271]] [1275436600, [104330, 1669140, 53412240, 417300, 6676880, 52170]] [20804987376, [1701716, 27227176, 871269392, 6806824, 108909584, 850868]] [1485387288, [121500, 1943910, 62204952, 485982, 7775640, 60753]] [1172476769022.0, [95899227.0, 1534385247, 49100323449, 383602047, 6138057081, 47954907]] [36266622418.0, [2966288.0, 47460411, 1518733152, 11899963, 189843296, 1487507]]
Model_cost: [3473786559.9888887, [597.213888888889, 3202401, 102452412, 812577, 49399997, 386978]] [3916962222.0, [14811.0, 2666607, 85328280, 86895, 77870232, 608475]] [302377708.0, [21.0, 195220, 6246800, 13140, 6246800, 52170]] [5055837756.0, [5004.0, 3327912, 106001424, 38704, 103508112, 831389]] [383308808.0, [131.0, 255110, 8140312, 12710, 7767768, 60762]] [296827000338.0, [2118.0, 191813655, 6138011769, 5340891, 6137123253, 47946441]] [1239851760.6, [131.95, 806651, 25807008, 33763, 25504800, 200147]]
Arch_Param: [64, 2048, 8192, 32, 1024, 16]
Samsung_cost: [9450843118.0, [774562.0, 6197793, 396549116, 3101729, 49793724, 389985]] [15251728398.0, [1236591.0, 9891951, 633078168, 4912239, 85328280, 668271]] [1272098100, [104330, 834570, 53412240, 417290, 6676880, 52170]] [20750532584, [1701716, 13613588, 871269392, 6806804, 108909584, 850868]] [1481499480, [121500, 971958, 62204952, 485982, 7775640, 60753]] [1169407998846.0, [95899227.0, 767192703, 49100323449, 383602047, 6138057081, 47954907]] [36171700986.0, [2966288.0, 23730207, 1518733152, 11899935, 189843296, 1487507]]
Model_cost: [3467459775.9888887, [597.213888888889, 1620705, 102452412, 812577, 49399997, 386978]] [3911629230.0, [14811.0, 1333359, 85328280, 86895, 77870232, 608475]] [302012648.0, [21.0, 104010, 6246800, 13130, 6246800, 52170]] [5049248052.0, [5004.0, 1680596, 106001424, 38684, 103508112, 831389]] [382732040.0, [131.0, 127814, 8140312, 9638, 7767768, 60762]] [296443374882.0, [2118.0, 95907291, 6138011769, 5340891, 6137123253, 47946441]] [1238223640.6, [131.95, 404703, 25807008, 32839, 25504800, 200147]]
Arch_Param: [64, 2048, 4096, 4, 256, 16]
Samsung_cost: [19733649496.0, [3207011.0, 51312164, 820922876, 6444068, 102001340, 797857]] [15405051918.0, [2473071.0, 39567471, 633078168, 4912239, 85328280, 668271]] [1285034300, [208650, 3338270, 53412240, 417310, 6676880, 52170]] [20961544188, [3403412, 54454342, 871269392, 6806854, 108909584, 850868]] [1578873612, [256358, 4101638, 65626136, 512710, 8203288, 64094]] [1181299483278.0, [191798295.0, 3068770335, 49100323449, 383602047, 6138057081, 47954907]] [37073260496, [6021648, 96346230, 1541539680, 12113014, 192137056, 1505427]]
Model_cost: [15057892069.0, [7475.75, 41814564, 668963196, 5323876, 49399997, 386978]] [3928039806.0, [29511.0, 5333103, 85328280, 86895, 77870232, 608475]] [303159076.0, [32.0, 390430, 6246800, 13150, 6246800, 52170]] [5069207376.0, [9978.0, 6635334, 106001424, 38734, 103508112, 831389]] [929025036.0, [1418.0, 2171654, 34746392, 279814, 7768280, 60826]] [297594306102.0, [4077.0, 383626383, 6138011769, 5340891, 6137123253, 47946441]] [1387595015.0, [480.25, 2054902, 32837664, 130462, 25504800, 200147]]
Arch_Param: [64, 2048, 4096, 4, 512, 16]
Samsung_cost: [19631026186.0, [3207011.0, 25656353, 820922876, 6444065, 102001340, 797857]] [15325917198.0, [2473071.0, 19783791, 633078168, 4912239, 85328280, 668271]] [1278357560, [208650, 1669140, 53412240, 417300, 6676880, 52170]] [20852634864, [3403412, 27227176, 871269392, 6806824, 108909584, 850868]] [1570670348, [256358, 2050822, 65626136, 512710, 8203288, 64094]] [1175161942926.0, [191798295.0, 1534385247, 49100323449, 383602047, 6138057081, 47954907]] [36880566738, [6021648, 48173115, 1541539680, 12112955, 192137056, 1505427]]
Model_cost: [14974263959.0, [7475.75, 20907553, 668963196, 5323873, 49399997, 386978]] [3917373822.0, [29511.0, 2666607, 85328280, 86895, 77870232, 608475]] [302378016, [32, 195220, 6246800, 13140, 6246800, 52170]] [5055977028.0, [9978.0, 3327912, 106001424, 38704, 103508112, 831389]] [924733452.0, [1418.0, 1098758, 34746392, 279814, 7768280, 60826]] [296827055190.0, [4077.0, 191813655, 6138011769, 5340891, 6137123253, 47946441]] [1383138953.0, [480.25, 1027451, 32837664, 114723, 25504800, 200147]]
Arch_Param: [64, 2048, 4096, 4, 1024, 16]
Samsung_cost: [19579740170.0, [3207011.0, 12834849, 820922876, 6444065, 102001340, 797857]] [15286349838.0, [2473071.0, 9891951, 633078168, 4912239, 85328280, 668271]] [1275019060, [208650, 834570, 53412240, 417290, 6676880, 52170]] [20798180072, [3403412, 13613588, 871269392, 6806804, 108909584, 850868]] [1566568716, [256358, 1025414, 65626136, 512710, 8203288, 64094]] [1172093172750.0, [191798295.0, 767192703, 49100323449, 383602047, 6138057081, 47954907]] [36784219898, [6021648, 24086559, 1541539680, 12112927, 192137056, 1505427]]
Model_cost: [14933034647.0, [7475.75, 10600225, 668963196, 5323873, 49399997, 386978]] [3912040830.0, [29511.0, 1333359, 85328280, 86895, 77870232, 608475]] [302012956.0, [32.0, 104010, 6246800, 13130, 6246800, 52170]] [5049387324.0, [9978.0, 1680596, 106001424, 38684, 103508112, 831389]] [922036436.0, [1416.0, 547334, 34713624, 288006, 7767768, 60762]] [296443429734.0, [4077.0, 95907291, 6138011769, 5340891, 6137123253, 47946441]] [1380981681.0, [480.25, 522783, 32837664, 108423, 25504800, 200147]]
Arch_Param: [64, 2048, 4096, 8, 256, 16]
Samsung_cost: [9915776344.0, [1610339.0, 25765412, 412205564, 3236900, 51464892, 403041]] [15405051918.0, [2473071.0, 39567471, 633078168, 4912239, 85328280, 668271]] [1285034300, [208650, 3338270, 53412240, 417310, 6676880, 52170]] [20961544188, [3403412, 54454342, 871269392, 6806854, 108909584, 850868]] [1521028284, [246966, 3951366, 63221784, 493926, 7902744, 61746]] [1181299483278.0, [191798295.0, 3068770335, 49100323449, 383602047, 6138057081, 47954907]] [36615202768, [5944848, 95117430, 1521878880, 11924598, 190236512, 1490579]]
Model_cost: [8729247134.777779, [4003.527777777778, 22447780, 359125692, 2854308, 49399997, 386978]] [3928039806.0, [29511.0, 5333103, 85328280, 86895, 77870232, 608475]] [303159076.0, [32.0, 390430, 6246800, 13150, 6246800, 52170]] [5069207376.0, [9978.0, 6635334, 106001424, 38734, 103508112, 831389]] [574120404.0, [712.0, 1085830, 17373208, 139910, 7768280, 60826]] [297594306102.0, [4077.0, 383626383, 6138011769, 5340891, 6137123253, 47946441]] [1298918253.0, [346.75, 1783542, 28515872, 78110, 25504800, 200147]]
Arch_Param: [64, 2048, 4096, 8, 512, 16]
Samsung_cost: [9864246538.0, [1610339.0, 12882977, 412205564, 3236897, 51464892, 403041]] [15325917198.0, [2473071.0, 19783791, 633078168, 4912239, 85328280, 668271]] [1278357560, [208650, 1669140, 53412240, 417300, 6676880, 52170]] [20852634864, [3403412, 27227176, 871269392, 6806824, 108909584, 850868]] [1513125564, [246966, 1975686, 63221784, 493926, 7902744, 61746]] [1175161942926.0, [191798295.0, 1534385247, 49100323449, 383602047, 6138057081, 47954907]] [36424966610, [5944848, 47558715, 1521878880, 11924539, 190236512, 1490579]]
Model_cost: [8684352592.777779, [4003.527777777778, 11224161, 359125692, 2854305, 49399997, 386978]] [3917373822.0, [29511.0, 2666607, 85328280, 86895, 77870232, 608475]] [302378016, [32, 195220, 6246800, 13140, 6246800, 52170]] [5055977028.0, [9978.0, 3327912, 106001424, 38704, 103508112, 831389]] [571974612.0, [712.0, 549382, 17373208, 139910, 7768280, 60826]] [296827055190.0, [4077.0, 191813655, 6138011769, 5340891, 6137123253, 47946441]] [1295173871.0, [346.75, 891771, 28515872, 70051, 25504800, 200147]]
Arch_Param: [64, 2048, 4096, 8, 1024, 16]
Samsung_cost: [9838494986.0, [1610339.0, 6445089, 412205564, 3236897, 51464892, 403041]] [15286349838.0, [2473071.0, 9891951, 633078168, 4912239, 85328280, 668271]] [1275019060, [208650, 834570, 53412240, 417290, 6676880, 52170]] [20798180072, [3403412, 13613588, 871269392, 6806804, 108909584, 850868]] [1509174204, [246966, 987846, 63221784, 493926, 7902744, 61746]] [1172093172750.0, [191798295.0, 767192703, 49100323449, 383602047, 6138057081, 47954907]] [36329848570, [5944848, 23779359, 1521878880, 11924511, 190236512, 1490579]]
Model_cost: [8662198864.777779, [4003.527777777778, 5685729, 359125692, 2854305, 49399997, 386978]] [3912040830.0, [29511.0, 1333359, 85328280, 86895, 77870232, 608475]] [302012956.0, [32.0, 104010, 6246800, 13130, 6246800, 52170]] [5049387324.0, [9978.0, 1680596, 106001424, 38684, 103508112, 831389]] [570618040.0, [711.0, 273670, 17356824, 144006, 7767768, 60762]] [296443429734.0, [4077.0, 95907291, 6138011769, 5340891, 6137123253, 47946441]] [1293338647.0, [346.75, 450719, 28515872, 66823, 25504800, 200147]]
Arch_Param: [64, 2048, 4096, 16, 256, 16]
Samsung_cost: [9669845848.0, [1569507.0, 25112100, 401767932, 3146788, 50350780, 394337]] [15405051918.0, [2473071.0, 39567471, 633078168, 4912239, 85328280, 668271]] [1285034300, [208650, 3338270, 53412240, 417310, 6676880, 52170]] [20961544188, [3403412, 54454342, 871269392, 6806854, 108909584, 850868]] [1504719252, [244318, 3908998, 62543896, 488630, 7818008, 61084]] [1181299483278.0, [191798295.0, 3068770335, 49100323449, 383602047, 6138057081, 47954907]] [36564748240, [5936656, 94986358, 1519781728, 11908214, 189974368, 1488531]]
Model_cost: [5566075065.444445, [2258.1944444444443, 12767908, 204263100, 1620132, 49399997, 386978]] [3928039806.0, [29511.0, 5333103, 85328280, 86895, 77870232, 608475]] [303159076.0, [32.0, 390430, 6246800, 13150, 6246800, 52170]] [5069207376.0, [9978.0, 6635334, 106001424, 38734, 103508112, 831389]] [395434680.0, [359.0, 542918, 8686616, 13894, 7768280, 60826]] [297594306102.0, [4077.0, 383626383, 6138011769, 5340891, 6137123253, 47946441]] [1254436256.0, [280.0, 1647862, 26354976, 45406, 25504800, 200147]]
Arch_Param: [64, 2048, 4096, 16, 512, 16]
Samsung_cost: [9619622666.0, [1569507.0, 12556321, 401767932, 3146785, 50350780, 394337]] [15325917198.0, [2473071.0, 19783791, 633078168, 4912239, 85328280, 668271]] [1278357560, [208650, 1669140, 53412240, 417300, 6676880, 52170]] [20852634864, [3403412, 27227176, 871269392, 6806824, 108909584, 850868]] [1496901268, [244318, 1954502, 62543896, 488630, 7818008, 61084]] [1175161942926.0, [191798295.0, 1534385247, 49100323449, 383602047, 6138057081, 47954907]] [36374774226, [5936656, 47493179, 1519781728, 11908155, 189974368, 1488531]]
Model_cost: [5540540267.444445, [2258.1944444444443, 6384225, 204263100, 1620129, 49399997, 386978]] [3917373822.0, [29511.0, 2666607, 85328280, 86895, 77870232, 608475]] [302378016, [32, 195220, 6246800, 13140, 6246800, 52170]] [5055977028.0, [9978.0, 3327912, 106001424, 38704, 103508112, 831389]] [394353848.0, [359.0, 272646, 8678424, 22086, 7767768, 60762]] [296827055190.0, [4077.0, 191813655, 6138011769, 5340891, 6137123253, 47946441]] [1251047714.0, [280.0, 823931, 26354976, 41187, 25504800, 200147]]
Arch_Param: [64, 2048, 4096, 16, 1024, 16]
Samsung_cost: [9594518282.0, [1569507.0, 6280225, 401767932, 3146785, 50350780, 394337]] [15286349838.0, [2473071.0, 9891951, 633078168, 4912239, 85328280, 668271]] [1275019060, [208650, 834570, 53412240, 417290, 6676880, 52170]] [20798180072, [3403412, 13613588, 871269392, 6806804, 108909584, 850868]] [1492992276, [244318, 977254, 62543896, 488630, 7818008, 61084]] [1172093172750.0, [191798295.0, 767192703, 49100323449, 383602047, 6138057081, 47954907]] [36279787258, [5936656, 23746591, 1519781728, 11908127, 189974368, 1488531]]
Model_cost: [5527922027.444445, [2258.1944444444443, 3229665, 204263100, 1620129, 49399997, 386978]] [3912040830.0, [29511.0, 1333359, 85328280, 86895, 77870232, 608475]] [302012956.0, [32.0, 104010, 6246800, 13130, 6246800, 52170]] [5049387324.0, [9978.0, 1680596, 106001424, 38684, 103508112, 831389]] [393675448.0, [359.0, 136838, 8678424, 15942, 7767768, 60762]] [296443429734.0, [4077.0, 95907291, 6138011769, 5340891, 6137123253, 47946441]] [1249373514.0, [280.0, 414687, 26354976, 39495, 25504800, 200147]]
Arch_Param: [64, 2048, 4096, 32, 256, 16]
Samsung_cost: [9546880600.0, [1549091.0, 24785444, 396549116, 3101732, 49793724, 389985]] [15405051918.0, [2473071.0, 39567471, 633078168, 4912239, 85328280, 668271]] [1285034300, [208650, 3338270, 53412240, 417310, 6676880, 52170]] [20961544188, [3403412, 54454342, 871269392, 6806854, 108909584, 850868]] [1496564736, [242994, 3887814, 62204952, 485982, 7775640, 60753]] [1181299483278.0, [191798295.0, 3068770335, 49100323449, 383602047, 6138057081, 47954907]] [36539520976, [5932560, 94920822, 1518733152, 11900022, 189843296, 1487507]]
Model_cost: [3486609960.7777777, [1165.0277777777778, 6404260, 102452412, 812580, 49399997, 386978]] [3928039806.0, [29511.0, 5333103, 85328280, 86895, 77870232, 608475]] [303159076.0, [32.0, 390430, 6246800, 13150, 6246800, 52170]] [5069207376.0, [9978.0, 6635334, 106001424, 38734, 103508112, 831389]] [384335905.3333334, [255.33333333333334, 509030, 8144408, 8614, 7768280, 60826]] [297594306102.0, [4077.0, 383626383, 6138011769, 5340891, 6137123253, 47946441]] [1243132262.0, [250.5, 1613302, 25807008, 36062, 25504800, 200147]]
Arch_Param: [64, 2048, 4096, 32, 512, 16]
Samsung_cost: [9497310730.0, [1549091.0, 12392993, 396549116, 3101729, 49793724, 389985]] [15325917198.0, [2473071.0, 19783791, 633078168, 4912239, 85328280, 668271]] [1278357560, [208650, 1669140, 53412240, 417300, 6676880, 52170]] [20852634864, [3403412, 27227176, 871269392, 6806824, 108909584, 850868]] [1488789120, [242994, 1943910, 62204952, 485982, 7775640, 60753]] [1175161942926.0, [191798295.0, 1534385247, 49100323449, 383602047, 6138057081, 47954907]] [36349678034, [5932560, 47460411, 1518733152, 11899963, 189843296, 1487507]]
Model_cost: [3473802458.7777777, [1165.0277777777778, 3202401, 102452412, 812577, 49399997, 386978]] [3917373822.0, [29511.0, 2666607, 85328280, 86895, 77870232, 608475]] [302378016, [32, 195220, 6246800, 13140, 6246800, 52170]] [5055977028.0, [9978.0, 3327912, 106001424, 38704, 103508112, 831389]] [383312280.0, [255.0, 255110, 8140312, 12710, 7767768, 60762]] [296827055190.0, [4077.0, 191813655, 6138011769, 5340891, 6137123253, 47946441]] [1239855080.0, [250.5, 806651, 25807008, 33763, 25504800, 200147]]
Arch_Param: [64, 2048, 4096, 32, 1024, 16]
Samsung_cost: [9472529930.0, [1549091.0, 6197793, 396549116, 3101729, 49793724, 389985]] [15286349838.0, [2473071.0, 9891951, 633078168, 4912239, 85328280, 668271]] [1275019060, [208650, 834570, 53412240, 417290, 6676880, 52170]] [20798180072, [3403412, 13613588, 871269392, 6806804, 108909584, 850868]] [1484901312, [242994, 971958, 62204952, 485982, 7775640, 60753]] [1172093172750.0, [191798295.0, 767192703, 49100323449, 383602047, 6138057081, 47954907]] [36254756602, [5932560, 23730207, 1518733152, 11899935, 189843296, 1487507]]
Model_cost: [3467475674.7777777, [1165.0277777777778, 1620705, 102452412, 812577, 49399997, 386978]] [3912040830.0, [29511.0, 1333359, 85328280, 86895, 77870232, 608475]] [302012956.0, [32.0, 104010, 6246800, 13130, 6246800, 52170]] [5049387324.0, [9978.0, 1680596, 106001424, 38684, 103508112, 831389]] [382735512.0, [255.0, 127814, 8140312, 9638, 7767768, 60762]] [296443429734.0, [4077.0, 95907291, 6138011769, 5340891, 6137123253, 47946441]] [1238226960.0, [250.5, 404703, 25807008, 32839, 25504800, 200147]]
Arch_Param: [64, 2048, 2048, 4, 256, 16]
Samsung_cost: [19823444880.0, [6413989.0, 51312164, 820922876, 6444068, 102001340, 797857]] [15474294798.0, [4946031.0, 39567471, 633078168, 4912239, 85328280, 668271]] [1290876220, [417290, 3338270, 53412240, 417310, 6676880, 52170]] [21056839164, [6806804, 54454342, 871269392, 6806854, 108909584, 850868]] [1586051468, [512710, 4101638, 65626136, 512710, 8203288, 64094]] [1186669831086.0, [383596431.0, 3068770335, 49100323449, 383602047, 6138057081, 47954907]] [37241866276, [12043283, 96346230, 1541539680, 12113014, 192137056, 1505427]]
Model_cost: [15058099934.0, [14899.5, 41814564, 668963196, 5323876, 49399997, 386978]] [3928863006.0, [58911.0, 5333103, 85328280, 86895, 77870232, 608475]] [303159664, [53, 390430, 6246800, 13150, 6246800, 52170]] [5069486144.0, [19934.0, 6635334, 106001424, 38734, 103508112, 831389]] [929064572.0, [2830.0, 2171654, 34746392, 279814, 7768280, 60826]] [297594415806.0, [7995.0, 383626383, 6138011769, 5340891, 6137123253, 47946441]] [1387608070.0, [946.5, 2054902, 32837664, 130462, 25504800, 200147]]
Arch_Param: [64, 2048, 2048, 4, 512, 16]
Samsung_cost: [19720821570.0, [6413989.0, 25656353, 820922876, 6444065, 102001340, 797857]] [15395160078.0, [4946031.0, 19783791, 633078168, 4912239, 85328280, 668271]] [1284199480, [417290, 1669140, 53412240, 417300, 6676880, 52170]] [20947929840, [6806804, 27227176, 871269392, 6806824, 108909584, 850868]] [1577848204, [512710, 2050822, 65626136, 512710, 8203288, 64094]] [1180532290734.0, [383596431.0, 1534385247, 49100323449, 383602047, 6138057081, 47954907]] [37049172518, [12043283, 48173115, 1541539680, 12112955, 192137056, 1505427]]
Model_cost: [14974471824.0, [14899.5, 20907553, 668963196, 5323873, 49399997, 386978]] [3918197022.0, [58911.0, 2666607, 85328280, 86895, 77870232, 608475]] [302378604, [53, 195220, 6246800, 13140, 6246800, 52170]] [5056255796.0, [19934.0, 3327912, 106001424, 38704, 103508112, 831389]] [924772988.0, [2830.0, 1098758, 34746392, 279814, 7768280, 60826]] [296827164894.0, [7995.0, 191813655, 6138011769, 5340891, 6137123253, 47946441]] [1383152008.0, [946.5, 1027451, 32837664, 114723, 25504800, 200147]]
Arch_Param: [64, 2048, 2048, 4, 1024, 16]
Samsung_cost: [19669535554.0, [6413989.0, 12834849, 820922876, 6444065, 102001340, 797857]] [15355592718.0, [4946031.0, 9891951, 633078168, 4912239, 85328280, 668271]] [1280860980, [417290, 834570, 53412240, 417290, 6676880, 52170]] [20893475048, [6806804, 13613588, 871269392, 6806804, 108909584, 850868]] [1573746572, [512710, 1025414, 65626136, 512710, 8203288, 64094]] [1177463520558.0, [383596431.0, 767192703, 49100323449, 383602047, 6138057081, 47954907]] [36952825678, [12043283, 24086559, 1541539680, 12112927, 192137056, 1505427]]
Model_cost: [14933242512.0, [14899.5, 10600225, 668963196, 5323873, 49399997, 386978]] [3912864030.0, [58911.0, 1333359, 85328280, 86895, 77870232, 608475]] [302013544, [53, 104010, 6246800, 13130, 6246800, 52170]] [5049666092.0, [19934.0, 1680596, 106001424, 38684, 103508112, 831389]] [922075916.0, [2826.0, 547334, 34713624, 288006, 7767768, 60762]] [296443539438.0, [7995.0, 95907291, 6138011769, 5340891, 6137123253, 47946441]] [1380994736.0, [946.5, 522783, 32837664, 108423, 25504800, 200147]]
Arch_Param: [64, 2048, 2048, 8, 256, 16]
Samsung_cost: [9960864912.0, [3220645.0, 25765412, 412205564, 3236900, 51464892, 403041]] [15474294798.0, [4946031.0, 39567471, 633078168, 4912239, 85328280, 668271]] [1290876220, [417290, 3338270, 53412240, 417310, 6676880, 52170]] [21056839164, [6806804, 54454342, 871269392, 6806854, 108909584, 850868]] [1527943164, [493926, 3951366, 63221784, 493926, 7902744, 61746]] [1186669831086.0, [383596431.0, 3068770335, 49100323449, 383602047, 6138057081, 47954907]] [36781658148, [11889683, 95117430, 1521878880, 11924598, 190236512, 1490579]]
Model_cost: [8729357454.0, [7943.5, 22447780, 359125692, 2854308, 49399997, 386978]] [3928863006.0, [58911.0, 5333103, 85328280, 86895, 77870232, 608475]] [303159664, [53, 390430, 6246800, 13150, 6246800, 52170]] [5069486144.0, [19934.0, 6635334, 106001424, 38734, 103508112, 831389]] [574140172.0, [1418.0, 1085830, 17373208, 139910, 7768280, 60826]] [297594415806.0, [7995.0, 383626383, 6138011769, 5340891, 6137123253, 47946441]] [1298927570.0, [679.5, 1783542, 28515872, 78110, 25504800, 200147]]
Arch_Param: [64, 2048, 2048, 8, 512, 16]
Samsung_cost: [9909335106.0, [3220645.0, 12882977, 412205564, 3236897, 51464892, 403041]] [15395160078.0, [4946031.0, 19783791, 633078168, 4912239, 85328280, 668271]] [1284199480, [417290, 1669140, 53412240, 417300, 6676880, 52170]] [20947929840, [6806804, 27227176, 871269392, 6806824, 108909584, 850868]] [1520040444, [493926, 1975686, 63221784, 493926, 7902744, 61746]] [1180532290734.0, [383596431.0, 1534385247, 49100323449, 383602047, 6138057081, 47954907]] [36591421990, [11889683, 47558715, 1521878880, 11924539, 190236512, 1490579]]
Model_cost: [8684462912.0, [7943.5, 11224161, 359125692, 2854305, 49399997, 386978]] [3918197022.0, [58911.0, 2666607, 85328280, 86895, 77870232, 608475]] [302378604, [53, 195220, 6246800, 13140, 6246800, 52170]] [5056255796.0, [19934.0, 3327912, 106001424, 38704, 103508112, 831389]] [571994380.0, [1418.0, 549382, 17373208, 139910, 7768280, 60826]] [296827164894.0, [7995.0, 191813655, 6138011769, 5340891, 6137123253, 47946441]] [1295183188.0, [679.5, 891771, 28515872, 70051, 25504800, 200147]]
Arch_Param: [64, 2048, 2048, 8, 1024, 16]
Samsung_cost: [9883583554.0, [3220645.0, 6445089, 412205564, 3236897, 51464892, 403041]] [15355592718.0, [4946031.0, 9891951, 633078168, 4912239, 85328280, 668271]] [1280860980, [417290, 834570, 53412240, 417290, 6676880, 52170]] [20893475048, [6806804, 13613588, 871269392, 6806804, 108909584, 850868]] [1516089084, [493926, 987846, 63221784, 493926, 7902744, 61746]] [1177463520558.0, [383596431.0, 767192703, 49100323449, 383602047, 6138057081, 47954907]] [36496303950, [11889683, 23779359, 1521878880, 11924511, 190236512, 1490579]]
Model_cost: [8662309184.0, [7943.5, 5685729, 359125692, 2854305, 49399997, 386978]] [3912864030.0, [58911.0, 1333359, 85328280, 86895, 77870232, 608475]] [302013544, [53, 104010, 6246800, 13130, 6246800, 52170]] [5049666092.0, [19934.0, 1680596, 106001424, 38684, 103508112, 831389]] [570637780.0, [1416.0, 273670, 17356824, 144006, 7767768, 60762]] [296443539438.0, [7995.0, 95907291, 6138011769, 5340891, 6137123253, 47946441]] [1293347964.0, [679.5, 450719, 28515872, 66823, 25504800, 200147]]
Arch_Param: [64, 2048, 2048, 16, 256, 16]
Samsung_cost: [9713791120.0, [3138981.0, 25112100, 401767932, 3146788, 50350780, 394337]] [15474294798.0, [4946031.0, 39567471, 633078168, 4912239, 85328280, 668271]] [1290876220, [417290, 3338270, 53412240, 417310, 6676880, 52170]] [21056839164, [6806804, 54454342, 871269392, 6806854, 108909584, 850868]] [1511559988, [488630, 3908998, 62543896, 488630, 7818008, 61084]] [1186669831086.0, [383596431.0, 3068770335, 49100323449, 383602047, 6138057081, 47954907]] [36730974244, [11873299, 94986358, 1519781728, 11908214, 189974368, 1488531]]
Model_cost: [5566137038.0, [4471.5, 12767908, 204263100, 1620132, 49399997, 386978]] [3928863006.0, [58911.0, 5333103, 85328280, 86895, 77870232, 608475]] [303159664, [53, 390430, 6246800, 13150, 6246800, 52170]] [5069486144.0, [19934.0, 6635334, 106001424, 38734, 103508112, 831389]] [395444564.0, [712.0, 542918, 8686616, 13894, 7768280, 60826]] [297594415806.0, [7995.0, 383626383, 6138011769, 5340891, 6137123253, 47946441]] [1254443200.0, [528.0, 1647862, 26354976, 45406, 25504800, 200147]]
Arch_Param: [64, 2048, 2048, 16, 512, 16]
Samsung_cost: [9663567938.0, [3138981.0, 12556321, 401767932, 3146785, 50350780, 394337]] [15395160078.0, [4946031.0, 19783791, 633078168, 4912239, 85328280, 668271]] [1284199480, [417290, 1669140, 53412240, 417300, 6676880, 52170]] [20947929840, [6806804, 27227176, 871269392, 6806824, 108909584, 850868]] [1503742004, [488630, 1954502, 62543896, 488630, 7818008, 61084]] [1180532290734.0, [383596431.0, 1534385247, 49100323449, 383602047, 6138057081, 47954907]] [36541000230, [11873299, 47493179, 1519781728, 11908155, 189974368, 1488531]]
Model_cost: [5540602240.0, [4471.5, 6384225, 204263100, 1620129, 49399997, 386978]] [3918197022.0, [58911.0, 2666607, 85328280, 86895, 77870232, 608475]] [302378604, [53, 195220, 6246800, 13140, 6246800, 52170]] [5056255796.0, [19934.0, 3327912, 106001424, 38704, 103508112, 831389]] [394363704.0, [711.0, 272646, 8678424, 22086, 7767768, 60762]] [296827164894.0, [7995.0, 191813655, 6138011769, 5340891, 6137123253, 47946441]] [1251054658.0, [528.0, 823931, 26354976, 41187, 25504800, 200147]]
Arch_Param: [64, 2048, 2048, 16, 1024, 16]
Samsung_cost: [9638463554.0, [3138981.0, 6280225, 401767932, 3146785, 50350780, 394337]] [15355592718.0, [4946031.0, 9891951, 633078168, 4912239, 85328280, 668271]] [1280860980, [417290, 834570, 53412240, 417290, 6676880, 52170]] [20893475048, [6806804, 13613588, 871269392, 6806804, 108909584, 850868]] [1499833012, [488630, 977254, 62543896, 488630, 7818008, 61084]] [1177463520558.0, [383596431.0, 767192703, 49100323449, 383602047, 6138057081, 47954907]] [36446013262, [11873299, 23746591, 1519781728, 11908127, 189974368, 1488531]]
Model_cost: [5527984000.0, [4471.5, 3229665, 204263100, 1620129, 49399997, 386978]] [3912864030.0, [58911.0, 1333359, 85328280, 86895, 77870232, 608475]] [302013544, [53, 104010, 6246800, 13130, 6246800, 52170]] [5049666092.0, [19934.0, 1680596, 106001424, 38684, 103508112, 831389]] [393685304.0, [711.0, 136838, 8678424, 15942, 7767768, 60762]] [296443539438.0, [7995.0, 95907291, 6138011769, 5340891, 6137123253, 47946441]] [1249380458.0, [528.0, 414687, 26354976, 39495, 25504800, 200147]]
Arch_Param: [64, 2048, 2048, 32, 256, 16]
Samsung_cost: [9590254224.0, [3098149.0, 24785444, 396549116, 3101732, 49793724, 389985]] [15474294798.0, [4946031.0, 39567471, 633078168, 4912239, 85328280, 668271]] [1290876220, [417290, 3338270, 53412240, 417310, 6676880, 52170]] [21056839164, [6806804, 54454342, 871269392, 6806854, 108909584, 850868]] [1503368400, [485982, 3887814, 62204952, 485982, 7775640, 60753]] [1186669831086.0, [383596431.0, 3068770335, 49100323449, 383602047, 6138057081, 47954907]] [36705632292, [11865107, 94920822, 1518733152, 11900022, 189843296, 1487507]]
Model_cost: [3486641334.0, [2285.5, 6404260, 102452412, 812580, 49399997, 386978]] [3928863006.0, [58911.0, 5333103, 85328280, 86895, 77870232, 608475]] [303159664, [53, 390430, 6246800, 13150, 6246800, 52170]] [5069486144.0, [19934.0, 6635334, 106001424, 38734, 103508112, 831389]] [384342056.0, [475.0, 509030, 8144408, 8614, 7768280, 60826]] [297594415806.0, [7995.0, 383626383, 6138011769, 5340891, 6137123253, 47946441]] [1243138884.0, [487.0, 1613302, 25807008, 36062, 25504800, 200147]]
Arch_Param: [64, 2048, 2048, 32, 512, 16]
Samsung_cost: [9540684354.0, [3098149.0, 12392993, 396549116, 3101729, 49793724, 389985]] [15395160078.0, [4946031.0, 19783791, 633078168, 4912239, 85328280, 668271]] [1284199480, [417290, 1669140, 53412240, 417300, 6676880, 52170]] [20947929840, [6806804, 27227176, 871269392, 6806824, 108909584, 850868]] [1495592784, [485982, 1943910, 62204952, 485982, 7775640, 60753]] [1180532290734.0, [383596431.0, 1534385247, 49100323449, 383602047, 6138057081, 47954907]] [36515789350, [11865107, 47460411, 1518733152, 11899963, 189843296, 1487507]]
Model_cost: [3473833832.0, [2285.5, 3202401, 102452412, 812577, 49399997, 386978]] [3918197022.0, [58911.0, 2666607, 85328280, 86895, 77870232, 608475]] [302378604, [53, 195220, 6246800, 13140, 6246800, 52170]] [5056255796.0, [19934.0, 3327912, 106001424, 38704, 103508112, 831389]] [383318440.0, [475.0, 255110, 8140312, 12710, 7767768, 60762]] [296827164894.0, [7995.0, 191813655, 6138011769, 5340891, 6137123253, 47946441]] [1239861702.0, [487.0, 806651, 25807008, 33763, 25504800, 200147]]
Arch_Param: [64, 2048, 2048, 32, 1024, 16]
Samsung_cost: [9515903554.0, [3098149.0, 6197793, 396549116, 3101729, 49793724, 389985]] [15355592718.0, [4946031.0, 9891951, 633078168, 4912239, 85328280, 668271]] [1280860980, [417290, 834570, 53412240, 417290, 6676880, 52170]] [20893475048, [6806804, 13613588, 871269392, 6806804, 108909584, 850868]] [1491704976, [485982, 971958, 62204952, 485982, 7775640, 60753]] [1177463520558.0, [383596431.0, 767192703, 49100323449, 383602047, 6138057081, 47954907]] [36420867918, [11865107, 23730207, 1518733152, 11899935, 189843296, 1487507]]
Model_cost: [3467507048.0, [2285.5, 1620705, 102452412, 812577, 49399997, 386978]] [3912864030.0, [58911.0, 1333359, 85328280, 86895, 77870232, 608475]] [302013544, [53, 104010, 6246800, 13130, 6246800, 52170]] [5049666092.0, [19934.0, 1680596, 106001424, 38684, 103508112, 831389]] [382741672.0, [475.0, 127814, 8140312, 9638, 7767768, 60762]] [296443539438.0, [7995.0, 95907291, 6138011769, 5340891, 6137123253, 47946441]] [1238233582.0, [487.0, 404703, 25807008, 32839, 25504800, 200147]]
Arch_Param: [64, 2048, 1024, 4, 256, 16]
Samsung_cost: [20003035648.0, [12827945.0, 51312164, 820922876, 6444068, 102001340, 797857]] [15612780558, [9891951, 39567471, 633078168, 4912239, 85328280, 668271]] [1302560060, [834570, 3338270, 53412240, 417310, 6676880, 52170]] [21247429116, [13613588, 54454342, 871269392, 6806854, 108909584, 850868]] [1600407180, [1025414, 4101638, 65626136, 512710, 8203288, 64094]] [1197410526702, [767192703, 3068770335, 49100323449, 383602047, 6138057081, 47954907]] [37579078004, [24086559, 96346230, 1541539680, 12113014, 192137056, 1505427]]
Model_cost: [15058515860.0, [29754.0, 41814564, 668963196, 5323876, 49399997, 386978]] [3930509406.0, [117711.0, 5333103, 85328280, 86895, 77870232, 608475]] [303160840, [95, 390430, 6246800, 13150, 6246800, 52170]] [5070043400, [39836, 6635334, 106001424, 38734, 103508112, 831389]] [929143644, [5654, 2171654, 34746392, 279814, 7768280, 60826]] [297594635214.0, [15831.0, 383626383, 6138011769, 5340891, 6137123253, 47946441]] [1387634348.0, [1885.0, 2054902, 32837664, 130462, 25504800, 200147]]
Arch_Param: [64, 2048, 1024, 4, 512, 16]
Samsung_cost: [19900412338.0, [12827945.0, 25656353, 820922876, 6444065, 102001340, 797857]] [15533645838, [9891951, 19783791, 633078168, 4912239, 85328280, 668271]] [1295883320, [834570, 1669140, 53412240, 417300, 6676880, 52170]] [21138519792, [13613588, 27227176, 871269392, 6806824, 108909584, 850868]] [1592203916, [1025414, 2050822, 65626136, 512710, 8203288, 64094]] [1191272986350, [767192703, 1534385247, 49100323449, 383602047, 6138057081, 47954907]] [37386384246, [24086559, 48173115, 1541539680, 12112955, 192137056, 1505427]]
Model_cost: [14974887750.0, [29754.0, 20907553, 668963196, 5323873, 49399997, 386978]] [3919843422.0, [117711.0, 2666607, 85328280, 86895, 77870232, 608475]] [302379780, [95, 195220, 6246800, 13140, 6246800, 52170]] [5056813052, [39836, 3327912, 106001424, 38704, 103508112, 831389]] [924852060, [5654, 1098758, 34746392, 279814, 7768280, 60826]] [296827384302.0, [15831.0, 191813655, 6138011769, 5340891, 6137123253, 47946441]] [1383178286.0, [1885.0, 1027451, 32837664, 114723, 25504800, 200147]]
Arch_Param: [64, 2048, 1024, 4, 1024, 16]
Samsung_cost: [19849126322.0, [12827945.0, 12834849, 820922876, 6444065, 102001340, 797857]] [15494078478, [9891951, 9891951, 633078168, 4912239, 85328280, 668271]] [1292544820, [834570, 834570, 53412240, 417290, 6676880, 52170]] [21084065000, [13613588, 13613588, 871269392, 6806804, 108909584, 850868]] [1588102284, [1025414, 1025414, 65626136, 512710, 8203288, 64094]] [1188204216174, [767192703, 767192703, 49100323449, 383602047, 6138057081, 47954907]] [37290037406, [24086559, 24086559, 1541539680, 12112927, 192137056, 1505427]]
Model_cost: [14933658438.0, [29754.0, 10600225, 668963196, 5323873, 49399997, 386978]] [3914510430.0, [117711.0, 1333359, 85328280, 86895, 77870232, 608475]] [302014720, [95, 104010, 6246800, 13130, 6246800, 52170]] [5050223348, [39836, 1680596, 106001424, 38684, 103508112, 831389]] [922154876, [5646, 547334, 34713624, 288006, 7767768, 60762]] [296443758846.0, [15831.0, 95907291, 6138011769, 5340891, 6137123253, 47946441]] [1381021014.0, [1885.0, 522783, 32837664, 108423, 25504800, 200147]]
Arch_Param: [64, 2048, 1024, 8, 256, 16]
Samsung_cost: [10051042048.0, [6441257.0, 25765412, 412205564, 3236900, 51464892, 403041]] [15612780558, [9891951, 39567471, 633078168, 4912239, 85328280, 668271]] [1302560060, [834570, 3338270, 53412240, 417310, 6676880, 52170]] [21247429116, [13613588, 54454342, 871269392, 6806854, 108909584, 850868]] [1541772924, [987846, 3951366, 63221784, 493926, 7902744, 61746]] [1197410526702, [767192703, 3068770335, 49100323449, 383602047, 6138057081, 47954907]] [37114569076, [23779359, 95117430, 1521878880, 11924598, 190236512, 1490579]]
Model_cost: [8729578920.0, [15853.0, 22447780, 359125692, 2854308, 49399997, 386978]] [3930509406.0, [117711.0, 5333103, 85328280, 86895, 77870232, 608475]] [303160840, [95, 390430, 6246800, 13150, 6246800, 52170]] [5070043400, [39836, 6635334, 106001424, 38734, 103508112, 831389]] [574179708, [2830, 1085830, 17373208, 139910, 7768280, 60826]] [297594635214.0, [15831.0, 383626383, 6138011769, 5340891, 6137123253, 47946441]] [1298945896.0, [1334.0, 1783542, 28515872, 78110, 25504800, 200147]]
Arch_Param: [64, 2048, 1024, 8, 512, 16]
Samsung_cost: [9999512242.0, [6441257.0, 12882977, 412205564, 3236897, 51464892, 403041]] [15533645838, [9891951, 19783791, 633078168, 4912239, 85328280, 668271]] [1295883320, [834570, 1669140, 53412240, 417300, 6676880, 52170]] [21138519792, [13613588, 27227176, 871269392, 6806824, 108909584, 850868]] [1533870204, [987846, 1975686, 63221784, 493926, 7902744, 61746]] [1191272986350, [767192703, 1534385247, 49100323449, 383602047, 6138057081, 47954907]] [36924332918, [23779359, 47558715, 1521878880, 11924539, 190236512, 1490579]]
Model_cost: [8684684378.0, [15853.0, 11224161, 359125692, 2854305, 49399997, 386978]] [3919843422.0, [117711.0, 2666607, 85328280, 86895, 77870232, 608475]] [302379780, [95, 195220, 6246800, 13140, 6246800, 52170]] [5056813052, [39836, 3327912, 106001424, 38704, 103508112, 831389]] [572033916, [2830, 549382, 17373208, 139910, 7768280, 60826]] [296827384302.0, [15831.0, 191813655, 6138011769, 5340891, 6137123253, 47946441]] [1295201514.0, [1334.0, 891771, 28515872, 70051, 25504800, 200147]]
Arch_Param: [64, 2048, 1024, 8, 1024, 16]
Samsung_cost: [9973760690.0, [6441257.0, 6445089, 412205564, 3236897, 51464892, 403041]] [15494078478, [9891951, 9891951, 633078168, 4912239, 85328280, 668271]] [1292544820, [834570, 834570, 53412240, 417290, 6676880, 52170]] [21084065000, [13613588, 13613588, 871269392, 6806804, 108909584, 850868]] [1529918844, [987846, 987846, 63221784, 493926, 7902744, 61746]] [1188204216174, [767192703, 767192703, 49100323449, 383602047, 6138057081, 47954907]] [36829214878, [23779359, 23779359, 1521878880, 11924511, 190236512, 1490579]]
Model_cost: [8662530650.0, [15853.0, 5685729, 359125692, 2854305, 49399997, 386978]] [3914510430.0, [117711.0, 1333359, 85328280, 86895, 77870232, 608475]] [302014720, [95, 104010, 6246800, 13130, 6246800, 52170]] [5050223348, [39836, 1680596, 106001424, 38684, 103508112, 831389]] [570677260, [2826, 273670, 17356824, 144006, 7767768, 60762]] [296443758846.0, [15831.0, 95907291, 6138011769, 5340891, 6137123253, 47946441]] [1293366290.0, [1334.0, 450719, 28515872, 66823, 25504800, 200147]]
Arch_Param: [64, 2048, 1024, 16, 256, 16]
Samsung_cost: [9801681664.0, [6277929.0, 25112100, 401767932, 3146788, 50350780, 394337]] [15612780558, [9891951, 39567471, 633078168, 4912239, 85328280, 668271]] [1302560060, [834570, 3338270, 53412240, 417310, 6676880, 52170]] [21247429116, [13613588, 54454342, 871269392, 6806854, 108909584, 850868]] [1525241460, [977254, 3908998, 62543896, 488630, 7818008, 61084]] [1197410526702, [767192703, 3068770335, 49100323449, 383602047, 6138057081, 47954907]] [37063426420, [23746591, 94986358, 1519781728, 11908214, 189974368, 1488531]]
Model_cost: [5566261288.0, [8909.0, 12767908, 204263100, 1620132, 49399997, 386978]] [3930509406.0, [117711.0, 5333103, 85328280, 86895, 77870232, 608475]] [303160840, [95, 390430, 6246800, 13150, 6246800, 52170]] [5070043400, [39836, 6635334, 106001424, 38734, 103508112, 831389]] [395464332, [1418, 542918, 8686616, 13894, 7768280, 60826]] [297594635214.0, [15831.0, 383626383, 6138011769, 5340891, 6137123253, 47946441]] [1254457788.0, [1049.0, 1647862, 26354976, 45406, 25504800, 200147]]
Arch_Param: [64, 2048, 1024, 16, 512, 16]
Samsung_cost: [9751458482.0, [6277929.0, 12556321, 401767932, 3146785, 50350780, 394337]] [15533645838, [9891951, 19783791, 633078168, 4912239, 85328280, 668271]] [1295883320, [834570, 1669140, 53412240, 417300, 6676880, 52170]] [21138519792, [13613588, 27227176, 871269392, 6806824, 108909584, 850868]] [1517423476, [977254, 1954502, 62543896, 488630, 7818008, 61084]] [1191272986350, [767192703, 1534385247, 49100323449, 383602047, 6138057081, 47954907]] [36873452406, [23746591, 47493179, 1519781728, 11908155, 189974368, 1488531]]
Model_cost: [5540726490.0, [8909.0, 6384225, 204263100, 1620129, 49399997, 386978]] [3919843422.0, [117711.0, 2666607, 85328280, 86895, 77870232, 608475]] [302379780, [95, 195220, 6246800, 13140, 6246800, 52170]] [5056813052, [39836, 3327912, 106001424, 38704, 103508112, 831389]] [394383444, [1416, 272646, 8678424, 22086, 7767768, 60762]] [296827384302.0, [15831.0, 191813655, 6138011769, 5340891, 6137123253, 47946441]] [1251069246.0, [1049.0, 823931, 26354976, 41187, 25504800, 200147]]
Arch_Param: [64, 2048, 1024, 16, 1024, 16]
Samsung_cost: [9726354098.0, [6277929.0, 6280225, 401767932, 3146785, 50350780, 394337]] [15494078478, [9891951, 9891951, 633078168, 4912239, 85328280, 668271]] [1292544820, [834570, 834570, 53412240, 417290, 6676880, 52170]] [21084065000, [13613588, 13613588, 871269392, 6806804, 108909584, 850868]] [1513514484, [977254, 977254, 62543896, 488630, 7818008, 61084]] [1188204216174, [767192703, 767192703, 49100323449, 383602047, 6138057081, 47954907]] [36778465438, [23746591, 23746591, 1519781728, 11908127, 189974368, 1488531]]
Model_cost: [5528108250.0, [8909.0, 3229665, 204263100, 1620129, 49399997, 386978]] [3914510430.0, [117711.0, 1333359, 85328280, 86895, 77870232, 608475]] [302014720, [95, 104010, 6246800, 13130, 6246800, 52170]] [5050223348, [39836, 1680596, 106001424, 38684, 103508112, 831389]] [393705044, [1416, 136838, 8678424, 15942, 7767768, 60762]] [296443758846.0, [15831.0, 95907291, 6138011769, 5340891, 6137123253, 47946441]] [1249395046.0, [1049.0, 414687, 26354976, 39495, 25504800, 200147]]
Arch_Param: [64, 2048, 1024, 32, 256, 16]
Samsung_cost: [9677001472.0, [6196265.0, 24785444, 396549116, 3101732, 49793724, 389985]] [15612780558, [9891951, 39567471, 633078168, 4912239, 85328280, 668271]] [1302560060, [834570, 3338270, 53412240, 417310, 6676880, 52170]] [21247429116, [13613588, 54454342, 871269392, 6806854, 108909584, 850868]] [1516975728, [971958, 3887814, 62204952, 485982, 7775640, 60753]] [1197410526702, [767192703, 3068770335, 49100323449, 383602047, 6138057081, 47954907]] [37037855092, [23730207, 94920822, 1518733152, 11900022, 189843296, 1487507]]
Model_cost: [3486703872.0, [4519.0, 6404260, 102452412, 812580, 49399997, 386978]] [3930509406.0, [117711.0, 5333103, 85328280, 86895, 77870232, 608475]] [303160840, [95, 390430, 6246800, 13150, 6246800, 52170]] [5070043400, [39836, 6635334, 106001424, 38734, 103508112, 831389]] [384355188, [944, 509030, 8144408, 8614, 7768280, 60826]] [297594635214.0, [15831.0, 383626383, 6138011769, 5340891, 6137123253, 47946441]] [1243151792.0, [948.0, 1613302, 25807008, 36062, 25504800, 200147]]
Arch_Param: [64, 2048, 1024, 32, 512, 16]
Samsung_cost: [9627431602.0, [6196265.0, 12392993, 396549116, 3101729, 49793724, 389985]] [15533645838, [9891951, 19783791, 633078168, 4912239, 85328280, 668271]] [1295883320, [834570, 1669140, 53412240, 417300, 6676880, 52170]] [21138519792, [13613588, 27227176, 871269392, 6806824, 108909584, 850868]] [1509200112, [971958, 1943910, 62204952, 485982, 7775640, 60753]] [1191272986350, [767192703, 1534385247, 49100323449, 383602047, 6138057081, 47954907]] [36848012150, [23730207, 47460411, 1518733152, 11899963, 189843296, 1487507]]
Model_cost: [3473896370.0, [4519.0, 3202401, 102452412, 812577, 49399997, 386978]] [3919843422.0, [117711.0, 2666607, 85328280, 86895, 77870232, 608475]] [302379780, [95, 195220, 6246800, 13140, 6246800, 52170]] [5056813052, [39836, 3327912, 106001424, 38704, 103508112, 831389]] [383331544, [943, 255110, 8140312, 12710, 7767768, 60762]] [296827384302.0, [15831.0, 191813655, 6138011769, 5340891, 6137123253, 47946441]] [1239874610.0, [948.0, 806651, 25807008, 33763, 25504800, 200147]]
Arch_Param: [64, 2048, 1024, 32, 1024, 16]
Samsung_cost: [9602650802.0, [6196265.0, 6197793, 396549116, 3101729, 49793724, 389985]] [15494078478, [9891951, 9891951, 633078168, 4912239, 85328280, 668271]] [1292544820, [834570, 834570, 53412240, 417290, 6676880, 52170]] [21084065000, [13613588, 13613588, 871269392, 6806804, 108909584, 850868]] [1505312304, [971958, 971958, 62204952, 485982, 7775640, 60753]] [1188204216174, [767192703, 767192703, 49100323449, 383602047, 6138057081, 47954907]] [36753090718, [23730207, 23730207, 1518733152, 11899935, 189843296, 1487507]]
Model_cost: [3467569586.0, [4519.0, 1620705, 102452412, 812577, 49399997, 386978]] [3914510430.0, [117711.0, 1333359, 85328280, 86895, 77870232, 608475]] [302014720, [95, 104010, 6246800, 13130, 6246800, 52170]] [5050223348, [39836, 1680596, 106001424, 38684, 103508112, 831389]] [382754776, [943, 127814, 8140312, 9638, 7767768, 60762]] [296443758846.0, [15831.0, 95907291, 6138011769, 5340891, 6137123253, 47946441]] [1238246490.0, [948.0, 404703, 25807008, 32839, 25504800, 200147]]
