[[0, 0, 0, 0, 0, 0, 0, 0, 0, 0, 0], [0, 0, 0, 0, 0, 0, 0, 0, 0, 0, 0], [0, 0, 0, 0, 0, 0, 0, 0, 0, 0, 0], [0, 0, 0, 0, 0, 0, 0, 0, 0, 0, 0]]
Arch_Param: [64, 1024, 32768, 4, 256, 16]
Samsung_cost: [45414868248.77778, [400883.02777777775, 51312164, 820922876, 6444068, 817875644, 204916065]] [35391654414.0, [309231.0, 39567471, 633078168, 4912239, 631701912, 170265711]] [2960935100.0, [26090.0, 3338270, 53412240, 417310, 53412240, 13352970]] [48299290428.0, [425444.0, 54454342, 871269392, 6806854, 871269392, 217817108]] [3638021052.0, [32050.0, 4101638, 65626136, 512710, 65626136, 16406534]] [2721894254994.0, [23974926.0, 3068770335, 49100323449, 383602047, 49099264377, 12275812827]] [85161507360.0, [752720.0, 96346230, 1541539680, 12113014, 1533183840, 383164959]]
Model_cost: [15181410150.676666, [961.5241666666667, 41814564, 668963196, 10456676, 49399997, 771938]] [3944353362.0, [3786.0, 5333103, 85328280, 86895, 77870232, 1216827]] [304610054.375, [12.65625, 390430, 6246800, 13150, 6246800, 104010]] [5091650546.75, [1270.8125, 6635334, 106001424, 38734, 103508112, 1641638]] [937495644.0, [183.0, 2171654, 34713624, 619718, 7767768, 121433]] [298936705133.4001, [629.5500000000001, 383626383, 6138011769, 5340891, 6137123253, 95892711]] [1394351467.5, [74.125, 2054902, 32837664, 185566, 25504800, 398559]]
Arch_Param: [64, 1024, 32768, 4, 512, 16]
Samsung_cost: [45312244938.77778, [400883.02777777775, 25656353, 820922876, 6444065, 817875644, 204916065]] [35312519694.0, [309231.0, 19783791, 633078168, 4912239, 631701912, 170265711]] [2954258360.0, [26090.0, 1669140, 53412240, 417300, 53412240, 13352970]] [48190381104.0, [425444.0, 27227176, 871269392, 6806824, 871269392, 217817108]] [3629817788.0, [32050.0, 2050822, 65626136, 512710, 65626136, 16406534]] [2715756714642.0, [23974926.0, 1534385247, 49100323449, 383602047, 49099264377, 12275812827]] [84968813602.0, [752720.0, 48173115, 1541539680, 12112955, 1533183840, 383164959]]
Model_cost: [15097782040.676666, [961.5241666666667, 20907553, 668963196, 10456673, 49399997, 771938]] [3933687378.0, [3786.0, 2666607, 85328280, 86895, 77870232, 1216827]] [303828994.375, [12.65625, 195220, 6246800, 13140, 6246800, 104010]] [5078420198.75, [1270.8125, 3327912, 106001424, 38704, 103508112, 1641638]] [932079196.0, [183.0, 1087878, 34713624, 570566, 7767768, 121433]] [298169454221.4001, [629.5500000000001, 191813655, 6138011769, 5340891, 6137123253, 95892711]] [1389895405.5, [74.125, 1027451, 32837664, 169827, 25504800, 398559]]
Arch_Param: [64, 1024, 32768, 4, 1024, 16]
Samsung_cost: [45260958922.77778, [400883.02777777775, 12834849, 820922876, 6444065, 817875644, 204916065]] [35272952334.0, [309231.0, 9891951, 633078168, 4912239, 631701912, 170265711]] [2950919860.0, [26090.0, 834570, 53412240, 417290, 53412240, 13352970]] [48135926312.0, [425444.0, 13613588, 871269392, 6806804, 871269392, 217817108]] [3625716156.0, [32050.0, 1025414, 65626136, 512710, 65626136, 16406534]] [2712687944466.0, [23974926.0, 767192703, 49100323449, 383602047, 49099264377, 12275812827]] [84872466762.0, [752720.0, 24086559, 1541539680, 12112927, 1533183840, 383164959]]
Model_cost: [15055992856.676666, [961.5241666666667, 10460257, 668963196, 10456673, 49399997, 771938]] [3928354386.0, [3786.0, 1333359, 85328280, 86895, 77870232, 1216827]] [303463934.375, [12.65625, 104010, 6246800, 13130, 6246800, 104010]] [5071830494.75, [1270.8125, 1680596, 106001424, 38684, 103508112, 1641638]] [929370972.0, [183.0, 545990, 34713624, 545990, 7767768, 121433]] [297785828765.4001, [629.5500000000001, 95907291, 6138011769, 5340891, 6137123253, 95892711]] [1387708181.5, [74.125, 515295, 32837664, 163527, 25504800, 398559]]
Arch_Param: [64, 1024, 32768, 8, 256, 16]
Samsung_cost: [22804177091.444443, [201309.69444444444, 25765412, 412205564, 3236900, 410503868, 103073121]] [35391654414.0, [309231.0, 39567471, 633078168, 4912239, 631701912, 170265711]] [2960935100.0, [26090.0, 3338270, 53412240, 417310, 53412240, 13352970]] [48299290428.0, [425444.0, 54454342, 871269392, 6806854, 871269392, 217817108]] [3504734484.0, [30876.0, 3951366, 63221784, 493926, 63221784, 15805446]] [2721894254994.0, [23974926.0, 3068770335, 49100323449, 383602047, 49099264377, 12275812827]] [84226809888.0, [743120.0, 95117430, 1521878880, 11924598, 1517979488, 379363871]]
Model_cost: [8800595165.713333, [526.9183333333333, 22447780, 359125692, 5611876, 49399997, 771938]] [3944353362.0, [3786.0, 5333103, 85328280, 86895, 77870232, 1216827]] [304610054.375, [12.65625, 390430, 6246800, 13150, 6246800, 104010]] [5091650546.75, [1270.8125, 6635334, 106001424, 38734, 103508112, 1641638]] [579197052.0, [95.0, 1085830, 17356824, 309862, 7767768, 121433]] [298936705133.4001, [629.5500000000001, 383626383, 6138011769, 5340891, 6137123253, 95892711]] [1305083777.5, [56.625, 1783542, 28515872, 106206, 25504800, 398559]]
Arch_Param: [64, 1024, 32768, 8, 512, 16]
Samsung_cost: [22752647285.444443, [201309.69444444444, 12882977, 412205564, 3236897, 410503868, 103073121]] [35312519694.0, [309231.0, 19783791, 633078168, 4912239, 631701912, 170265711]] [2954258360.0, [26090.0, 1669140, 53412240, 417300, 53412240, 13352970]] [48190381104.0, [425444.0, 27227176, 871269392, 6806824, 871269392, 217817108]] [3496831764.0, [30876.0, 1975686, 63221784, 493926, 63221784, 15805446]] [2715756714642.0, [23974926.0, 1534385247, 49100323449, 383602047, 49099264377, 12275812827]] [84036573730.0, [743120.0, 47558715, 1521878880, 11924539, 1517979488, 379363871]]
Model_cost: [8755700623.713333, [526.9183333333333, 11224161, 359125692, 5611873, 49399997, 771938]] [3933687378.0, [3786.0, 2666607, 85328280, 86895, 77870232, 1216827]] [303828994.375, [12.65625, 195220, 6246800, 13140, 6246800, 104010]] [5078420198.75, [1270.8125, 3327912, 106001424, 38704, 103508112, 1641638]] [576488828.0, [95.0, 543942, 17356824, 285286, 7767768, 121433]] [298169454221.4001, [629.5500000000001, 191813655, 6138011769, 5340891, 6137123253, 95892711]] [1301339395.5, [56.625, 891771, 28515872, 98147, 25504800, 398559]]
Arch_Param: [64, 1024, 32768, 8, 1024, 16]
Samsung_cost: [22726895733.444443, [201309.69444444444, 6445089, 412205564, 3236897, 410503868, 103073121]] [35272952334.0, [309231.0, 9891951, 633078168, 4912239, 631701912, 170265711]] [2950919860.0, [26090.0, 834570, 53412240, 417290, 53412240, 13352970]] [48135926312.0, [425444.0, 13613588, 871269392, 6806804, 871269392, 217817108]] [3492880404.0, [30876.0, 987846, 63221784, 493926, 63221784, 15805446]] [2712687944466.0, [23974926.0, 767192703, 49100323449, 383602047, 49099264377, 12275812827]] [83941455690.0, [743120.0, 23779359, 1521878880, 11924511, 1517979488, 379363871]]
Model_cost: [8733265807.713333, [526.9183333333333, 5615457, 359125692, 5611873, 49399997, 771938]] [3928354386.0, [3786.0, 1333359, 85328280, 86895, 77870232, 1216827]] [303463934.375, [12.65625, 104010, 6246800, 13130, 6246800, 104010]] [5071830494.75, [1270.8125, 1680596, 106001424, 38684, 103508112, 1641638]] [575134716.0, [95.0, 272998, 17356824, 272998, 7767768, 121433]] [297785828765.4001, [629.5500000000001, 95907291, 6138011769, 5340891, 6137123253, 95892711]] [1299488043.5, [56.625, 446687, 28515872, 94919, 25504800, 398559]]
Arch_Param: [64, 1024, 32768, 16, 256, 16]
Samsung_cost: [22255797016.77778, [196211.02777777778, 25112100, 401767932, 3146788, 400935612, 100681057]] [35391654414.0, [309231.0, 39567471, 633078168, 4912239, 631701912, 170265711]] [2960935100.0, [26090.0, 3338270, 53412240, 417310, 53412240, 13352970]] [48299290428.0, [425444.0, 54454342, 871269392, 6806854, 871269392, 217817108]] [3467155392.0, [30545.0, 3908998, 62543896, 488630, 62543896, 15635974]] [2721894254994.0, [23974926.0, 3068770335, 49100323449, 383602047, 49099264377, 12275812827]] [84110553120.0, [742096.0, 94986358, 1519781728, 11908214, 1515882336, 378839583]]
Model_cost: [5611344673.293333, [309.9033333333333, 12767908, 204263100, 3190372, 49399997, 771938]] [3944353362.0, [3786.0, 5333103, 85328280, 86895, 77870232, 1216827]] [304610054.375, [12.65625, 390430, 6246800, 13150, 6246800, 104010]] [5091650546.75, [1270.8125, 6635334, 106001424, 38734, 103508112, 1641638]] [397507724.0, [51.0, 542918, 8678424, 39478, 7767768, 121433]] [298936705133.4001, [629.5500000000001, 383626383, 6138011769, 5340891, 6137123253, 95892711]] [1260081036.5, [47.875, 1647862, 26354976, 49758, 25504800, 398559]]
Arch_Param: [64, 1024, 32768, 16, 512, 16]
Samsung_cost: [22205573834.77778, [196211.02777777778, 12556321, 401767932, 3146785, 400935612, 100681057]] [35312519694.0, [309231.0, 19783791, 633078168, 4912239, 631701912, 170265711]] [2954258360.0, [26090.0, 1669140, 53412240, 417300, 53412240, 13352970]] [48190381104.0, [425444.0, 27227176, 871269392, 6806824, 871269392, 217817108]] [3459337408.0, [30545.0, 1954502, 62543896, 488630, 62543896, 15635974]] [2715756714642.0, [23974926.0, 1534385247, 49100323449, 383602047, 49099264377, 12275812827]] [83920579106.0, [742096.0, 47493179, 1519781728, 11908155, 1515882336, 378839583]]
Model_cost: [5585809875.293333, [309.9033333333333, 6384225, 204263100, 3190369, 49399997, 771938]] [3933687378.0, [3786.0, 2666607, 85328280, 86895, 77870232, 1216827]] [303828994.375, [12.65625, 195220, 6246800, 13140, 6246800, 104010]] [5078420198.75, [1270.8125, 3327912, 106001424, 38704, 103508112, 1641638]] [396153612.0, [51.0, 271974, 8678424, 27190, 7767768, 121433]] [298169454221.4001, [629.5500000000001, 191813655, 6138011769, 5340891, 6137123253, 95892711]] [1256692494.5, [47.875, 823931, 26354976, 45539, 25504800, 398559]]
Arch_Param: [64, 1024, 32768, 16, 1024, 16]
Samsung_cost: [22180469450.77778, [196211.02777777778, 6280225, 401767932, 3146785, 400935612, 100681057]] [35272952334.0, [309231.0, 9891951, 633078168, 4912239, 631701912, 170265711]] [2950919860.0, [26090.0, 834570, 53412240, 417290, 53412240, 13352970]] [48135926312.0, [425444.0, 13613588, 871269392, 6806804, 871269392, 217817108]] [3455428416.0, [30545.0, 977254, 62543896, 488630, 62543896, 15635974]] [2712687944466.0, [23974926.0, 767192703, 49100323449, 383602047, 49099264377, 12275812827]] [83825592138.0, [742096.0, 23746591, 1519781728, 11908127, 1515882336, 378839583]]
Model_cost: [5573048787.293333, [309.9033333333333, 3193953, 204263100, 3190369, 49399997, 771938]] [3928354386.0, [3786.0, 1333359, 85328280, 86895, 77870232, 1216827]] [303463934.375, [12.65625, 104010, 6246800, 13130, 6246800, 104010]] [5071830494.75, [1270.8125, 1680596, 106001424, 38684, 103508112, 1641638]] [395476556.0, [51.0, 136502, 8678424, 21046, 7767768, 121433]] [297785828765.4001, [629.5500000000001, 95907291, 6138011769, 5340891, 6137123253, 95892711]] [1255009078.5, [47.875, 412383, 26354976, 43847, 25504800, 398559]]
Arch_Param: [64, 1024, 32768, 32, 256, 16]
Samsung_cost: [21981606979.444443, [193661.69444444444, 24785444, 396549116, 3101732, 396151484, 99485025]] [35391654414.0, [309231.0, 39567471, 633078168, 4912239, 631701912, 170265711]] [2960935100.0, [26090.0, 3338270, 53412240, 417310, 53412240, 13352970]] [48299290428.0, [425444.0, 54454342, 871269392, 6806854, 871269392, 217817108]] [3448365846.0, [30379.5, 3887814, 62204952, 485982, 62204952, 15551238]] [2721894254994.0, [23974926.0, 3068770335, 49100323449, 383602047, 49099264377, 12275812827]] [84052424736.0, [741584.0, 94920822, 1518733152, 11900022, 1514833760, 378577439]]
Model_cost: [3514655519.833333, [172.70833333333331, 6404260, 102452412, 1598692, 49399997, 771938]] [3944353362.0, [3786.0, 5333103, 85328280, 86895, 77870232, 1216827]] [304610054.375, [12.65625, 390430, 6246800, 13150, 6246800, 104010]] [5091650546.75, [1270.8125, 6635334, 106001424, 38734, 103508112, 1641638]] [386211921.0, [35.75, 509030, 8140312, 21406, 7767768, 121433]] [298936705133.4001, [629.5500000000001, 383626383, 6138011769, 5340891, 6137123253, 95892711]] [1248729919.5, [45.125, 1613302, 25807008, 38238, 25504800, 398559]]
Arch_Param: [64, 1024, 32768, 32, 512, 16]
Samsung_cost: [21932037109.444443, [193661.69444444444, 12392993, 396549116, 3101729, 396151484, 99485025]] [35312519694.0, [309231.0, 19783791, 633078168, 4912239, 631701912, 170265711]] [2954258360.0, [26090.0, 1669140, 53412240, 417300, 53412240, 13352970]] [48190381104.0, [425444.0, 27227176, 871269392, 6806824, 871269392, 217817108]] [3440590230.0, [30379.5, 1943910, 62204952, 485982, 62204952, 15551238]] [2715756714642.0, [23974926.0, 1534385247, 49100323449, 383602047, 49099264377, 12275812827]] [83862581794.0, [741584.0, 47460411, 1518733152, 11899963, 1514833760, 378577439]]
Model_cost: [3501848017.833333, [172.70833333333331, 3202401, 102452412, 1598689, 49399997, 771938]] [3933687378.0, [3786.0, 2666607, 85328280, 86895, 77870232, 1216827]] [303828994.375, [12.65625, 195220, 6246800, 13140, 6246800, 104010]] [5078420198.75, [1270.8125, 3327912, 106001424, 38704, 103508112, 1641638]] [385059729.0, [35.75, 254774, 8140312, 15262, 7767768, 121433]] [298169454221.4001, [629.5500000000001, 191813655, 6138011769, 5340891, 6137123253, 95892711]] [1245452737.5, [45.125, 806651, 25807008, 35939, 25504800, 398559]]
Arch_Param: [64, 1024, 32768, 32, 1024, 16]
Samsung_cost: [21907256309.444443, [193661.69444444444, 6197793, 396549116, 3101729, 396151484, 99485025]] [35272952334.0, [309231.0, 9891951, 633078168, 4912239, 631701912, 170265711]] [2950919860.0, [26090.0, 834570, 53412240, 417290, 53412240, 13352970]] [48135926312.0, [425444.0, 13613588, 871269392, 6806804, 871269392, 217817108]] [3436702422.0, [30379.5, 971958, 62204952, 485982, 62204952, 15551238]] [2712687944466.0, [23974926.0, 767192703, 49100323449, 383602047, 49099264377, 12275812827]] [83767660362.0, [741584.0, 23730207, 1518733152, 11899935, 1514833760, 378577439]]
Model_cost: [3495447505.833333, [172.70833333333331, 1602273, 102452412, 1598689, 49399997, 771938]] [3928354386.0, [3786.0, 1333359, 85328280, 86895, 77870232, 1216827]] [303463934.375, [12.65625, 104010, 6246800, 13130, 6246800, 104010]] [5071830494.75, [1270.8125, 1680596, 106001424, 38684, 103508112, 1641638]] [384483633.0, [35.75, 127646, 8140312, 12190, 7767768, 121433]] [297785828765.4001, [629.5500000000001, 95907291, 6138011769, 5340891, 6137123253, 95892711]] [1243820009.5, [45.125, 403551, 25807008, 35015, 25504800, 398559]]
Arch_Param: [64, 1024, 16384, 4, 256, 16]
Samsung_cost: [45426093294.0, [801777.5, 51312164, 820922876, 6444068, 817875644, 204916065]] [35400309774.0, [618351.0, 39567471, 633078168, 4912239, 631701912, 170265711]] [2961665340.0, [52170.0, 3338270, 53412240, 417310, 53412240, 13352970]] [48311202300.0, [850868.0, 54454342, 871269392, 6806854, 871269392, 217817108]] [3638918284.0, [64094.0, 4101638, 65626136, 512710, 65626136, 16406534]] [2722565548470.0, [47949693.0, 3068770335, 49100323449, 383602047, 49099264377, 12275812827]] [85182583072.0, [1505424.0, 96346230, 1541539680, 12113014, 1533183840, 383164959]]
Model_cost: [15181436151.31081, [1890.1182432432433, 41814564, 668963196, 10456676, 49399997, 771938]] [3944456262.0, [7461.0, 5333103, 85328280, 86895, 77870232, 1216827]] [304610128.75, [15.3125, 390430, 6246800, 13150, 6246800, 104010]] [5091685289.5, [2511.625, 6635334, 106001424, 38734, 103508112, 1641638]] [937500572.0, [359.0, 2171654, 34713624, 619718, 7767768, 121433]] [298936718308.7999, [1100.1000000000001, 383626383, 6138011769, 5340891, 6137123253, 95892711]] [1394353095.0, [132.25, 2054902, 32837664, 185566, 25504800, 398559]]
Arch_Param: [64, 1024, 16384, 4, 512, 16]
Samsung_cost: [45323469984.0, [801777.5, 25656353, 820922876, 6444065, 817875644, 204916065]] [35321175054.0, [618351.0, 19783791, 633078168, 4912239, 631701912, 170265711]] [2954988600.0, [52170.0, 1669140, 53412240, 417300, 53412240, 13352970]] [48202292976.0, [850868.0, 27227176, 871269392, 6806824, 871269392, 217817108]] [3630715020.0, [64094.0, 2050822, 65626136, 512710, 65626136, 16406534]] [2716428008118.0, [47949693.0, 1534385247, 49100323449, 383602047, 49099264377, 12275812827]] [84989889314.0, [1505424.0, 48173115, 1541539680, 12112955, 1533183840, 383164959]]
Model_cost: [15097808041.31081, [1890.1182432432433, 20907553, 668963196, 10456673, 49399997, 771938]] [3933790278.0, [7461.0, 2666607, 85328280, 86895, 77870232, 1216827]] [303829068.75, [15.3125, 195220, 6246800, 13140, 6246800, 104010]] [5078454941.5, [2511.625, 3327912, 106001424, 38704, 103508112, 1641638]] [932084124.0, [359.0, 1087878, 34713624, 570566, 7767768, 121433]] [298169467396.7999, [1100.1000000000001, 191813655, 6138011769, 5340891, 6137123253, 95892711]] [1389897033.0, [132.25, 1027451, 32837664, 169827, 25504800, 398559]]
Arch_Param: [64, 1024, 16384, 4, 1024, 16]
Samsung_cost: [45272183968.0, [801777.5, 12834849, 820922876, 6444065, 817875644, 204916065]] [35281607694.0, [618351.0, 9891951, 633078168, 4912239, 631701912, 170265711]] [2951650100.0, [52170.0, 834570, 53412240, 417290, 53412240, 13352970]] [48147838184.0, [850868.0, 13613588, 871269392, 6806804, 871269392, 217817108]] [3626613388.0, [64094.0, 1025414, 65626136, 512710, 65626136, 16406534]] [2713359237942.0, [47949693.0, 767192703, 49100323449, 383602047, 49099264377, 12275812827]] [84893542474.0, [1505424.0, 24086559, 1541539680, 12112927, 1533183840, 383164959]]
Model_cost: [15056018857.31081, [1890.1182432432433, 10460257, 668963196, 10456673, 49399997, 771938]] [3928457286.0, [7461.0, 1333359, 85328280, 86895, 77870232, 1216827]] [303464008.75, [15.3125, 104010, 6246800, 13130, 6246800, 104010]] [5071865237.5, [2511.625, 1680596, 106001424, 38684, 103508112, 1641638]] [929375900.0, [359.0, 545990, 34713624, 545990, 7767768, 121433]] [297785841940.7999, [1100.1000000000001, 95907291, 6138011769, 5340891, 6137123253, 95892711]] [1387709809.0, [132.25, 515295, 32837664, 163527, 25504800, 398559]]
Arch_Param: [64, 1024, 16384, 8, 256, 16]
Samsung_cost: [22809813486.0, [402609.5, 25765412, 412205564, 3236900, 410503868, 103073121]] [35400309774.0, [618351.0, 39567471, 633078168, 4912239, 631701912, 170265711]] [2961665340.0, [52170.0, 3338270, 53412240, 417310, 53412240, 13352970]] [48311202300.0, [850868.0, 54454342, 871269392, 6806854, 871269392, 217817108]] [3505598844.0, [61746.0, 3951366, 63221784, 493926, 63221784, 15805446]] [2722565548470.0, [47949693.0, 3068770335, 49100323449, 383602047, 49099264377, 12275812827]] [84247616800.0, [1486224.0, 95117430, 1521878880, 11924598, 1517979488, 379363871]]
Model_cost: [8800608996.405405, [1020.8716216216217, 22447780, 359125692, 5611876, 49399997, 771938]] [3944456262.0, [7461.0, 5333103, 85328280, 86895, 77870232, 1216827]] [304610128.75, [15.3125, 390430, 6246800, 13150, 6246800, 104010]] [5091685289.5, [2511.625, 6635334, 106001424, 38734, 103508112, 1641638]] [579199516.0, [183.0, 1085830, 17356824, 309862, 7767768, 121433]] [298936718308.7999, [1100.1000000000001, 383626383, 6138011769, 5340891, 6137123253, 95892711]] [1305084915.0, [97.25, 1783542, 28515872, 106206, 25504800, 398559]]
Arch_Param: [64, 1024, 16384, 8, 512, 16]
Samsung_cost: [22758283680.0, [402609.5, 12882977, 412205564, 3236897, 410503868, 103073121]] [35321175054.0, [618351.0, 19783791, 633078168, 4912239, 631701912, 170265711]] [2954988600.0, [52170.0, 1669140, 53412240, 417300, 53412240, 13352970]] [48202292976.0, [850868.0, 27227176, 871269392, 6806824, 871269392, 217817108]] [3497696124.0, [61746.0, 1975686, 63221784, 493926, 63221784, 15805446]] [2716428008118.0, [47949693.0, 1534385247, 49100323449, 383602047, 49099264377, 12275812827]] [84057380642.0, [1486224.0, 47558715, 1521878880, 11924539, 1517979488, 379363871]]
Model_cost: [8755714454.405405, [1020.8716216216217, 11224161, 359125692, 5611873, 49399997, 771938]] [3933790278.0, [7461.0, 2666607, 85328280, 86895, 77870232, 1216827]] [303829068.75, [15.3125, 195220, 6246800, 13140, 6246800, 104010]] [5078454941.5, [2511.625, 3327912, 106001424, 38704, 103508112, 1641638]] [576491292.0, [183.0, 543942, 17356824, 285286, 7767768, 121433]] [298169467396.7999, [1100.1000000000001, 191813655, 6138011769, 5340891, 6137123253, 95892711]] [1301340533.0, [97.25, 891771, 28515872, 98147, 25504800, 398559]]
Arch_Param: [64, 1024, 16384, 8, 1024, 16]
Samsung_cost: [22732532128.0, [402609.5, 6445089, 412205564, 3236897, 410503868, 103073121]] [35281607694.0, [618351.0, 9891951, 633078168, 4912239, 631701912, 170265711]] [2951650100.0, [52170.0, 834570, 53412240, 417290, 53412240, 13352970]] [48147838184.0, [850868.0, 13613588, 871269392, 6806804, 871269392, 217817108]] [3493744764.0, [61746.0, 987846, 63221784, 493926, 63221784, 15805446]] [2713359237942.0, [47949693.0, 767192703, 49100323449, 383602047, 49099264377, 12275812827]] [83962262602.0, [1486224.0, 23779359, 1521878880, 11924511, 1517979488, 379363871]]
Model_cost: [8733279638.405405, [1020.8716216216217, 5615457, 359125692, 5611873, 49399997, 771938]] [3928457286.0, [7461.0, 1333359, 85328280, 86895, 77870232, 1216827]] [303464008.75, [15.3125, 104010, 6246800, 13130, 6246800, 104010]] [5071865237.5, [2511.625, 1680596, 106001424, 38684, 103508112, 1641638]] [575137180.0, [183.0, 272998, 17356824, 272998, 7767768, 121433]] [297785841940.7999, [1100.1000000000001, 95907291, 6138011769, 5340891, 6137123253, 95892711]] [1299489181.0, [97.25, 446687, 28515872, 94919, 25504800, 398559]]
Arch_Param: [64, 1024, 16384, 16, 256, 16]
Samsung_cost: [22261290350.0, [392401.5, 25112100, 401767932, 3146788, 400935612, 100681057]] [35400309774.0, [618351.0, 39567471, 633078168, 4912239, 631701912, 170265711]] [2961665340.0, [52170.0, 3338270, 53412240, 417310, 53412240, 13352970]] [48311202300.0, [850868.0, 54454342, 871269392, 6806854, 871269392, 217817108]] [3468010484.0, [61084.0, 3908998, 62543896, 488630, 62543896, 15635974]] [2722565548470.0, [47949693.0, 3068770335, 49100323449, 383602047, 49099264377, 12275812827]] [84131331360.0, [1484176.0, 94986358, 1519781728, 11908214, 1515882336, 378839583]]
Model_cost: [5611352427.081081, [586.8243243243244, 12767908, 204263100, 3190372, 49399997, 771938]] [3944456262.0, [7461.0, 5333103, 85328280, 86895, 77870232, 1216827]] [304610128.75, [15.3125, 390430, 6246800, 13150, 6246800, 104010]] [5091685289.5, [2511.625, 6635334, 106001424, 38734, 103508112, 1641638]] [397508956.0, [95.0, 542918, 8678424, 39478, 7767768, 121433]] [298936718308.7999, [1100.1000000000001, 383626383, 6138011769, 5340891, 6137123253, 95892711]] [1260081929.0, [79.75, 1647862, 26354976, 49758, 25504800, 398559]]
Arch_Param: [64, 1024, 16384, 16, 512, 16]
Samsung_cost: [22211067168.0, [392401.5, 12556321, 401767932, 3146785, 400935612, 100681057]] [35321175054.0, [618351.0, 19783791, 633078168, 4912239, 631701912, 170265711]] [2954988600.0, [52170.0, 1669140, 53412240, 417300, 53412240, 13352970]] [48202292976.0, [850868.0, 27227176, 871269392, 6806824, 871269392, 217817108]] [3460192500.0, [61084.0, 1954502, 62543896, 488630, 62543896, 15635974]] [2716428008118.0, [47949693.0, 1534385247, 49100323449, 383602047, 49099264377, 12275812827]] [83941357346.0, [1484176.0, 47493179, 1519781728, 11908155, 1515882336, 378839583]]
Model_cost: [5585817629.081081, [586.8243243243244, 6384225, 204263100, 3190369, 49399997, 771938]] [3933790278.0, [7461.0, 2666607, 85328280, 86895, 77870232, 1216827]] [303829068.75, [15.3125, 195220, 6246800, 13140, 6246800, 104010]] [5078454941.5, [2511.625, 3327912, 106001424, 38704, 103508112, 1641638]] [396154844.0, [95.0, 271974, 8678424, 27190, 7767768, 121433]] [298169467396.7999, [1100.1000000000001, 191813655, 6138011769, 5340891, 6137123253, 95892711]] [1256693387.0, [79.75, 823931, 26354976, 45539, 25504800, 398559]]
Arch_Param: [64, 1024, 16384, 16, 1024, 16]
Samsung_cost: [22185962784.0, [392401.5, 6280225, 401767932, 3146785, 400935612, 100681057]] [35281607694.0, [618351.0, 9891951, 633078168, 4912239, 631701912, 170265711]] [2951650100.0, [52170.0, 834570, 53412240, 417290, 53412240, 13352970]] [48147838184.0, [850868.0, 13613588, 871269392, 6806804, 871269392, 217817108]] [3456283508.0, [61084.0, 977254, 62543896, 488630, 62543896, 15635974]] [2713359237942.0, [47949693.0, 767192703, 49100323449, 383602047, 49099264377, 12275812827]] [83846370378.0, [1484176.0, 23746591, 1519781728, 11908127, 1515882336, 378839583]]
Model_cost: [5573056541.081081, [586.8243243243244, 3193953, 204263100, 3190369, 49399997, 771938]] [3928457286.0, [7461.0, 1333359, 85328280, 86895, 77870232, 1216827]] [303464008.75, [15.3125, 104010, 6246800, 13130, 6246800, 104010]] [5071865237.5, [2511.625, 1680596, 106001424, 38684, 103508112, 1641638]] [395477788.0, [95.0, 136502, 8678424, 21046, 7767768, 121433]] [297785841940.7999, [1100.1000000000001, 95907291, 6138011769, 5340891, 6137123253, 95892711]] [1255009971.0, [79.75, 412383, 26354976, 43847, 25504800, 398559]]
Arch_Param: [64, 1024, 16384, 32, 256, 16]
Samsung_cost: [21987028782.0, [387297.5, 24785444, 396549116, 3101732, 396151484, 99485025]] [35400309774.0, [618351.0, 39567471, 633078168, 4912239, 631701912, 170265711]] [2961665340.0, [52170.0, 3338270, 53412240, 417310, 53412240, 13352970]] [48311202300.0, [850868.0, 54454342, 871269392, 6806854, 871269392, 217817108]] [3449216304.0, [60753.0, 3887814, 62204952, 485982, 62204952, 15551238]] [2722565548470.0, [47949693.0, 3068770335, 49100323449, 383602047, 49099264377, 12275812827]] [84073188640.0, [1483152.0, 94920822, 1518733152, 11900022, 1514833760, 378577439]]
Model_cost: [3514659431.9189186, [312.4256756756757, 6404260, 102452412, 1598692, 49399997, 771938]] [3944456262.0, [7461.0, 5333103, 85328280, 86895, 77870232, 1216827]] [304610128.75, [15.3125, 390430, 6246800, 13150, 6246800, 104010]] [5091685289.5, [2511.625, 6635334, 106001424, 38734, 103508112, 1641638]] [386212754.0, [65.5, 509030, 8140312, 21406, 7767768, 121433]] [298936718308.7999, [1100.1000000000001, 383626383, 6138011769, 5340891, 6137123253, 95892711]] [1248730735.0, [74.25, 1613302, 25807008, 38238, 25504800, 398559]]
Arch_Param: [64, 1024, 16384, 32, 512, 16]
Samsung_cost: [21937458912.0, [387297.5, 12392993, 396549116, 3101729, 396151484, 99485025]] [35321175054.0, [618351.0, 19783791, 633078168, 4912239, 631701912, 170265711]] [2954988600.0, [52170.0, 1669140, 53412240, 417300, 53412240, 13352970]] [48202292976.0, [850868.0, 27227176, 871269392, 6806824, 871269392, 217817108]] [3441440688.0, [60753.0, 1943910, 62204952, 485982, 62204952, 15551238]] [2716428008118.0, [47949693.0, 1534385247, 49100323449, 383602047, 49099264377, 12275812827]] [83883345698.0, [1483152.0, 47460411, 1518733152, 11899963, 1514833760, 378577439]]
Model_cost: [3501851929.9189186, [312.4256756756757, 3202401, 102452412, 1598689, 49399997, 771938]] [3933790278.0, [7461.0, 2666607, 85328280, 86895, 77870232, 1216827]] [303829068.75, [15.3125, 195220, 6246800, 13140, 6246800, 104010]] [5078454941.5, [2511.625, 3327912, 106001424, 38704, 103508112, 1641638]] [385060562.0, [65.5, 254774, 8140312, 15262, 7767768, 121433]] [298169467396.7999, [1100.1000000000001, 191813655, 6138011769, 5340891, 6137123253, 95892711]] [1245453553.0, [74.25, 806651, 25807008, 35939, 25504800, 398559]]
Arch_Param: [64, 1024, 16384, 32, 1024, 16]
Samsung_cost: [21912678112.0, [387297.5, 6197793, 396549116, 3101729, 396151484, 99485025]] [35281607694.0, [618351.0, 9891951, 633078168, 4912239, 631701912, 170265711]] [2951650100.0, [52170.0, 834570, 53412240, 417290, 53412240, 13352970]] [48147838184.0, [850868.0, 13613588, 871269392, 6806804, 871269392, 217817108]] [3437552880.0, [60753.0, 971958, 62204952, 485982, 62204952, 15551238]] [2713359237942.0, [47949693.0, 767192703, 49100323449, 383602047, 49099264377, 12275812827]] [83788424266.0, [1483152.0, 23730207, 1518733152, 11899935, 1514833760, 378577439]]
Model_cost: [3495451417.9189186, [312.4256756756757, 1602273, 102452412, 1598689, 49399997, 771938]] [3928457286.0, [7461.0, 1333359, 85328280, 86895, 77870232, 1216827]] [303464008.75, [15.3125, 104010, 6246800, 13130, 6246800, 104010]] [5071865237.5, [2511.625, 1680596, 106001424, 38684, 103508112, 1641638]] [384484466.0, [65.5, 127646, 8140312, 12190, 7767768, 121433]] [297785841940.7999, [1100.1000000000001, 95907291, 6138011769, 5340891, 6137123253, 95892711]] [1243820825.0, [74.25, 403551, 25807008, 35015, 25504800, 398559]]
Arch_Param: [64, 1024, 8192, 4, 256, 16]
Samsung_cost: [45448542140.0, [1603522.0, 51312164, 820922876, 6444068, 817875644, 204916065]] [35417620494.0, [1236591.0, 39567471, 633078168, 4912239, 631701912, 170265711]] [2963125820, [104330, 3338270, 53412240, 417310, 53412240, 13352970]] [48335026044, [1701716, 54454342, 871269392, 6806854, 871269392, 217817108]] [3640712748, [128182, 4101638, 65626136, 512710, 65626136, 16406534]] [2723908135422.0, [95899227.0, 3068770335, 49100323449, 383602047, 49099264377, 12275812827]] [85224734496.0, [3010832.0, 96346230, 1541539680, 12113014, 1533183840, 383164959]]
Model_cost: [15181488158.777779, [3747.527777777778, 41814564, 668963196, 10456676, 49399997, 771938]] [3944662062.0, [14811.0, 5333103, 85328280, 86895, 77870232, 1216827]] [304610277.5, [20.625, 390430, 6246800, 13150, 6246800, 104010]] [5091755055.0, [5003.25, 6635334, 106001424, 38734, 103508112, 1641638]] [937510428.0, [711.0, 2171654, 34713624, 619718, 7767768, 121433]] [298936746810.0, [2118.0, 383626383, 6138011769, 5340891, 6137123253, 95892711]] [1394356322.0, [247.5, 2054902, 32837664, 185566, 25504800, 398559]]
Arch_Param: [64, 1024, 8192, 4, 512, 16]
Samsung_cost: [45345918830.0, [1603522.0, 25656353, 820922876, 6444065, 817875644, 204916065]] [35338485774.0, [1236591.0, 19783791, 633078168, 4912239, 631701912, 170265711]] [2956449080, [104330, 1669140, 53412240, 417300, 53412240, 13352970]] [48226116720, [1701716, 27227176, 871269392, 6806824, 871269392, 217817108]] [3632509484, [128182, 2050822, 65626136, 512710, 65626136, 16406534]] [2717770595070.0, [95899227.0, 1534385247, 49100323449, 383602047, 49099264377, 12275812827]] [85032040738.0, [3010832.0, 48173115, 1541539680, 12112955, 1533183840, 383164959]]
Model_cost: [15097860048.777779, [3747.527777777778, 20907553, 668963196, 10456673, 49399997, 771938]] [3933996078.0, [14811.0, 2666607, 85328280, 86895, 77870232, 1216827]] [303829217.5, [20.625, 195220, 6246800, 13140, 6246800, 104010]] [5078524707.0, [5003.25, 3327912, 106001424, 38704, 103508112, 1641638]] [932093980.0, [711.0, 1087878, 34713624, 570566, 7767768, 121433]] [298169495898.0, [2118.0, 191813655, 6138011769, 5340891, 6137123253, 95892711]] [1389900260.0, [247.5, 1027451, 32837664, 169827, 25504800, 398559]]
Arch_Param: [64, 1024, 8192, 4, 1024, 16]
Samsung_cost: [45294632814.0, [1603522.0, 12834849, 820922876, 6444065, 817875644, 204916065]] [35298918414.0, [1236591.0, 9891951, 633078168, 4912239, 631701912, 170265711]] [2953110580, [104330, 834570, 53412240, 417290, 53412240, 13352970]] [48171661928, [1701716, 13613588, 871269392, 6806804, 871269392, 217817108]] [3628407852, [128182, 1025414, 65626136, 512710, 65626136, 16406534]] [2714701824894.0, [95899227.0, 767192703, 49100323449, 383602047, 49099264377, 12275812827]] [84935693898.0, [3010832.0, 24086559, 1541539680, 12112927, 1533183840, 383164959]]
Model_cost: [15056070864.777779, [3747.527777777778, 10460257, 668963196, 10456673, 49399997, 771938]] [3928663086.0, [14811.0, 1333359, 85328280, 86895, 77870232, 1216827]] [303464157.5, [20.625, 104010, 6246800, 13130, 6246800, 104010]] [5071935003.0, [5003.25, 1680596, 106001424, 38684, 103508112, 1641638]] [929385756.0, [711.0, 545990, 34713624, 545990, 7767768, 121433]] [297785870442.0, [2118.0, 95907291, 6138011769, 5340891, 6137123253, 95892711]] [1387713036.0, [247.5, 515295, 32837664, 163527, 25504800, 398559]]
Arch_Param: [64, 1024, 8192, 8, 256, 16]
Samsung_cost: [22821085628.0, [805186.0, 25765412, 412205564, 3236900, 410503868, 103073121]] [35417620494.0, [1236591.0, 39567471, 633078168, 4912239, 631701912, 170265711]] [2963125820, [104330, 3338270, 53412240, 417310, 53412240, 13352970]] [48335026044, [1701716, 54454342, 871269392, 6806854, 871269392, 217817108]] [3507327564, [123486, 3951366, 63221784, 493926, 63221784, 15805446]] [2723908135422.0, [95899227.0, 3068770335, 49100323449, 383602047, 49099264377, 12275812827]] [84289230624.0, [2972432.0, 95117430, 1521878880, 11924598, 1517979488, 379363871]]
Model_cost: [8800636660.88889, [2008.888888888889, 22447780, 359125692, 5611876, 49399997, 771938]] [3944662062.0, [14811.0, 5333103, 85328280, 86895, 77870232, 1216827]] [304610277.5, [20.625, 390430, 6246800, 13150, 6246800, 104010]] [5091755055.0, [5003.25, 6635334, 106001424, 38734, 103508112, 1641638]] [579204444.0, [359.0, 1085830, 17356824, 309862, 7767768, 121433]] [298936746810.0, [2118.0, 383626383, 6138011769, 5340891, 6137123253, 95892711]] [1305087190.0, [178.5, 1783542, 28515872, 106206, 25504800, 398559]]
Arch_Param: [64, 1024, 8192, 8, 512, 16]
Samsung_cost: [22769555822.0, [805186.0, 12882977, 412205564, 3236897, 410503868, 103073121]] [35338485774.0, [1236591.0, 19783791, 633078168, 4912239, 631701912, 170265711]] [2956449080, [104330, 1669140, 53412240, 417300, 53412240, 13352970]] [48226116720, [1701716, 27227176, 871269392, 6806824, 871269392, 217817108]] [3499424844, [123486, 1975686, 63221784, 493926, 63221784, 15805446]] [2717770595070.0, [95899227.0, 1534385247, 49100323449, 383602047, 49099264377, 12275812827]] [84098994466.0, [2972432.0, 47558715, 1521878880, 11924539, 1517979488, 379363871]]
Model_cost: [8755742118.88889, [2008.888888888889, 11224161, 359125692, 5611873, 49399997, 771938]] [3933996078.0, [14811.0, 2666607, 85328280, 86895, 77870232, 1216827]] [303829217.5, [20.625, 195220, 6246800, 13140, 6246800, 104010]] [5078524707.0, [5003.25, 3327912, 106001424, 38704, 103508112, 1641638]] [576496220.0, [359.0, 543942, 17356824, 285286, 7767768, 121433]] [298169495898.0, [2118.0, 191813655, 6138011769, 5340891, 6137123253, 95892711]] [1301342808.0, [178.5, 891771, 28515872, 98147, 25504800, 398559]]
Arch_Param: [64, 1024, 8192, 8, 1024, 16]
Samsung_cost: [22743804270.0, [805186.0, 6445089, 412205564, 3236897, 410503868, 103073121]] [35298918414.0, [1236591.0, 9891951, 633078168, 4912239, 631701912, 170265711]] [2953110580, [104330, 834570, 53412240, 417290, 53412240, 13352970]] [48171661928, [1701716, 13613588, 871269392, 6806804, 871269392, 217817108]] [3495473484, [123486, 987846, 63221784, 493926, 63221784, 15805446]] [2714701824894.0, [95899227.0, 767192703, 49100323449, 383602047, 49099264377, 12275812827]] [84003876426.0, [2972432.0, 23779359, 1521878880, 11924511, 1517979488, 379363871]]
Model_cost: [8733307302.88889, [2008.888888888889, 5615457, 359125692, 5611873, 49399997, 771938]] [3928663086.0, [14811.0, 1333359, 85328280, 86895, 77870232, 1216827]] [303464157.5, [20.625, 104010, 6246800, 13130, 6246800, 104010]] [5071935003.0, [5003.25, 1680596, 106001424, 38684, 103508112, 1641638]] [575142108.0, [359.0, 272998, 17356824, 272998, 7767768, 121433]] [297785870442.0, [2118.0, 95907291, 6138011769, 5340891, 6137123253, 95892711]] [1299491456.0, [178.5, 446687, 28515872, 94919, 25504800, 398559]]
Arch_Param: [64, 1024, 8192, 16, 256, 16]
Samsung_cost: [22272276668.0, [784770.0, 25112100, 401767932, 3146788, 400935612, 100681057]] [35417620494.0, [1236591.0, 39567471, 633078168, 4912239, 631701912, 170265711]] [2963125820, [104330, 3338270, 53412240, 417310, 53412240, 13352970]] [48335026044, [1701716, 54454342, 871269392, 6806854, 871269392, 217817108]] [3469720668, [122162, 3908998, 62543896, 488630, 62543896, 15635974]] [2723908135422.0, [95899227.0, 3068770335, 49100323449, 383602047, 49099264377, 12275812827]] [84172887840.0, [2968336.0, 94986358, 1519781728, 11908214, 1515882336, 378839583]]
Model_cost: [5611367936.222222, [1140.7222222222222, 12767908, 204263100, 3190372, 49399997, 771938]] [3944662062.0, [14811.0, 5333103, 85328280, 86895, 77870232, 1216827]] [304610277.5, [20.625, 390430, 6246800, 13150, 6246800, 104010]] [5091755055.0, [5003.25, 6635334, 106001424, 38734, 103508112, 1641638]] [397511420.0, [183.0, 542918, 8678424, 39478, 7767768, 121433]] [298936746810.0, [2118.0, 383626383, 6138011769, 5340891, 6137123253, 95892711]] [1260083714.0, [143.5, 1647862, 26354976, 49758, 25504800, 398559]]
Arch_Param: [64, 1024, 8192, 16, 512, 16]
Samsung_cost: [22222053486.0, [784770.0, 12556321, 401767932, 3146785, 400935612, 100681057]] [35338485774.0, [1236591.0, 19783791, 633078168, 4912239, 631701912, 170265711]] [2956449080, [104330, 1669140, 53412240, 417300, 53412240, 13352970]] [48226116720, [1701716, 27227176, 871269392, 6806824, 871269392, 217817108]] [3461902684, [122162, 1954502, 62543896, 488630, 62543896, 15635974]] [2717770595070.0, [95899227.0, 1534385247, 49100323449, 383602047, 49099264377, 12275812827]] [83982913826.0, [2968336.0, 47493179, 1519781728, 11908155, 1515882336, 378839583]]
Model_cost: [5585833138.222222, [1140.7222222222222, 6384225, 204263100, 3190369, 49399997, 771938]] [3933996078.0, [14811.0, 2666607, 85328280, 86895, 77870232, 1216827]] [303829217.5, [20.625, 195220, 6246800, 13140, 6246800, 104010]] [5078524707.0, [5003.25, 3327912, 106001424, 38704, 103508112, 1641638]] [396157308.0, [183.0, 271974, 8678424, 27190, 7767768, 121433]] [298169495898.0, [2118.0, 191813655, 6138011769, 5340891, 6137123253, 95892711]] [1256695172.0, [143.5, 823931, 26354976, 45539, 25504800, 398559]]
Arch_Param: [64, 1024, 8192, 16, 1024, 16]
Samsung_cost: [22196949102.0, [784770.0, 6280225, 401767932, 3146785, 400935612, 100681057]] [35298918414.0, [1236591.0, 9891951, 633078168, 4912239, 631701912, 170265711]] [2953110580, [104330, 834570, 53412240, 417290, 53412240, 13352970]] [48171661928, [1701716, 13613588, 871269392, 6806804, 871269392, 217817108]] [3457993692, [122162, 977254, 62543896, 488630, 62543896, 15635974]] [2714701824894.0, [95899227.0, 767192703, 49100323449, 383602047, 49099264377, 12275812827]] [83887926858.0, [2968336.0, 23746591, 1519781728, 11908127, 1515882336, 378839583]]
Model_cost: [5573072050.222222, [1140.7222222222222, 3193953, 204263100, 3190369, 49399997, 771938]] [3928663086.0, [14811.0, 1333359, 85328280, 86895, 77870232, 1216827]] [303464157.5, [20.625, 104010, 6246800, 13130, 6246800, 104010]] [5071935003.0, [5003.25, 1680596, 106001424, 38684, 103508112, 1641638]] [395480252.0, [183.0, 136502, 8678424, 21046, 7767768, 121433]] [297785870442.0, [2118.0, 95907291, 6138011769, 5340891, 6137123253, 95892711]] [1255011756.0, [143.5, 412383, 26354976, 43847, 25504800, 398559]]
Arch_Param: [64, 1024, 8192, 32, 256, 16]
Samsung_cost: [21997872188.0, [774562.0, 24785444, 396549116, 3101732, 396151484, 99485025]] [35417620494.0, [1236591.0, 39567471, 633078168, 4912239, 631701912, 170265711]] [2963125820, [104330, 3338270, 53412240, 417310, 53412240, 13352970]] [48335026044, [1701716, 54454342, 871269392, 6806854, 871269392, 217817108]] [3450917220, [121500, 3887814, 62204952, 485982, 62204952, 15551238]] [2723908135422.0, [95899227.0, 3068770335, 49100323449, 383602047, 49099264377, 12275812827]] [84114716448.0, [2966288.0, 94920822, 1518733152, 11900022, 1514833760, 378577439]]
Model_cost: [3514667256.888889, [591.8888888888889, 6404260, 102452412, 1598692, 49399997, 771938]] [3944662062.0, [14811.0, 5333103, 85328280, 86895, 77870232, 1216827]] [304610277.5, [20.625, 390430, 6246800, 13150, 6246800, 104010]] [5091755055.0, [5003.25, 6635334, 106001424, 38734, 103508112, 1641638]] [386214392.0, [124.0, 509030, 8140312, 21406, 7767768, 121433]] [298936746810.0, [2118.0, 383626383, 6138011769, 5340891, 6137123253, 95892711]] [1248732338.0, [131.5, 1613302, 25807008, 38238, 25504800, 398559]]
Arch_Param: [64, 1024, 8192, 32, 512, 16]
Samsung_cost: [21948302318.0, [774562.0, 12392993, 396549116, 3101729, 396151484, 99485025]] [35338485774.0, [1236591.0, 19783791, 633078168, 4912239, 631701912, 170265711]] [2956449080, [104330, 1669140, 53412240, 417300, 53412240, 13352970]] [48226116720, [1701716, 27227176, 871269392, 6806824, 871269392, 217817108]] [3443141604, [121500, 1943910, 62204952, 485982, 62204952, 15551238]] [2717770595070.0, [95899227.0, 1534385247, 49100323449, 383602047, 49099264377, 12275812827]] [83924873506.0, [2966288.0, 47460411, 1518733152, 11899963, 1514833760, 378577439]]
Model_cost: [3501859754.888889, [591.8888888888889, 3202401, 102452412, 1598689, 49399997, 771938]] [3933996078.0, [14811.0, 2666607, 85328280, 86895, 77870232, 1216827]] [303829217.5, [20.625, 195220, 6246800, 13140, 6246800, 104010]] [5078524707.0, [5003.25, 3327912, 106001424, 38704, 103508112, 1641638]] [385062200.0, [124.0, 254774, 8140312, 15262, 7767768, 121433]] [298169495898.0, [2118.0, 191813655, 6138011769, 5340891, 6137123253, 95892711]] [1245455156.0, [131.5, 806651, 25807008, 35939, 25504800, 398559]]
Arch_Param: [64, 1024, 8192, 32, 1024, 16]
Samsung_cost: [21923521518.0, [774562.0, 6197793, 396549116, 3101729, 396151484, 99485025]] [35298918414.0, [1236591.0, 9891951, 633078168, 4912239, 631701912, 170265711]] [2953110580, [104330, 834570, 53412240, 417290, 53412240, 13352970]] [48171661928, [1701716, 13613588, 871269392, 6806804, 871269392, 217817108]] [3439253796, [121500, 971958, 62204952, 485982, 62204952, 15551238]] [2714701824894.0, [95899227.0, 767192703, 49100323449, 383602047, 49099264377, 12275812827]] [83829952074.0, [2966288.0, 23730207, 1518733152, 11899935, 1514833760, 378577439]]
Model_cost: [3495459242.888889, [591.8888888888889, 1602273, 102452412, 1598689, 49399997, 771938]] [3928663086.0, [14811.0, 1333359, 85328280, 86895, 77870232, 1216827]] [303464157.5, [20.625, 104010, 6246800, 13130, 6246800, 104010]] [5071935003.0, [5003.25, 1680596, 106001424, 38684, 103508112, 1641638]] [384486104.0, [124.0, 127646, 8140312, 12190, 7767768, 121433]] [297785870442.0, [2118.0, 95907291, 6138011769, 5340891, 6137123253, 95892711]] [1243822428.0, [131.5, 403551, 25807008, 35015, 25504800, 398559]]
Arch_Param: [64, 1024, 4096, 4, 256, 16]
Samsung_cost: [45493439832.0, [3207011.0, 51312164, 820922876, 6444068, 817875644, 204916065]] [35452241934.0, [2473071.0, 39567471, 633078168, 4912239, 631701912, 170265711]] [2966046780, [208650, 3338270, 53412240, 417310, 53412240, 13352970]] [48382673532, [3403412, 54454342, 871269392, 6806854, 871269392, 217817108]] [3644301676, [256358, 4101638, 65626136, 512710, 65626136, 16406534]] [2726593309326.0, [191798295.0, 3068770335, 49100323449, 383602047, 49099264377, 12275812827]] [85309037344, [6021648, 96346230, 1541539680, 12113014, 1533183840, 383164959]]
Model_cost: [15181592150.0, [7461.5, 41814564, 668963196, 10456676, 49399997, 771938]] [3945073662.0, [29511.0, 5333103, 85328280, 86895, 77870232, 1216827]] [304610575.0, [31.25, 390430, 6246800, 13150, 6246800, 104010]] [5091894306.0, [9976.5, 6635334, 106001424, 38734, 103508112, 1641638]] [937530168.0, [1416.0, 2171654, 34713624, 619718, 7767768, 121433]] [298936801662.0, [4077.0, 383626383, 6138011769, 5340891, 6137123253, 95892711]] [1394362776.0, [478.0, 2054902, 32837664, 185566, 25504800, 398559]]
Arch_Param: [64, 1024, 4096, 4, 512, 16]
Samsung_cost: [45390816522.0, [3207011.0, 25656353, 820922876, 6444065, 817875644, 204916065]] [35373107214.0, [2473071.0, 19783791, 633078168, 4912239, 631701912, 170265711]] [2959370040, [208650, 1669140, 53412240, 417300, 53412240, 13352970]] [48273764208, [3403412, 27227176, 871269392, 6806824, 871269392, 217817108]] [3636098412, [256358, 2050822, 65626136, 512710, 65626136, 16406534]] [2720455768974.0, [191798295.0, 1534385247, 49100323449, 383602047, 49099264377, 12275812827]] [85116343586, [6021648, 48173115, 1541539680, 12112955, 1533183840, 383164959]]
Model_cost: [15097964040.0, [7461.5, 20907553, 668963196, 10456673, 49399997, 771938]] [3934407678.0, [29511.0, 2666607, 85328280, 86895, 77870232, 1216827]] [303829515.0, [31.25, 195220, 6246800, 13140, 6246800, 104010]] [5078663958.0, [9976.5, 3327912, 106001424, 38704, 103508112, 1641638]] [932113720.0, [1416.0, 1087878, 34713624, 570566, 7767768, 121433]] [298169550750.0, [4077.0, 191813655, 6138011769, 5340891, 6137123253, 95892711]] [1389906714.0, [478.0, 1027451, 32837664, 169827, 25504800, 398559]]
Arch_Param: [64, 1024, 4096, 4, 1024, 16]
Samsung_cost: [45339530506.0, [3207011.0, 12834849, 820922876, 6444065, 817875644, 204916065]] [35333539854.0, [2473071.0, 9891951, 633078168, 4912239, 631701912, 170265711]] [2956031540, [208650, 834570, 53412240, 417290, 53412240, 13352970]] [48219309416, [3403412, 13613588, 871269392, 6806804, 871269392, 217817108]] [3631996780, [256358, 1025414, 65626136, 512710, 65626136, 16406534]] [2717386998798.0, [191798295.0, 767192703, 49100323449, 383602047, 49099264377, 12275812827]] [85019996746, [6021648, 24086559, 1541539680, 12112927, 1533183840, 383164959]]
Model_cost: [15056174856.0, [7461.5, 10460257, 668963196, 10456673, 49399997, 771938]] [3929074686.0, [29511.0, 1333359, 85328280, 86895, 77870232, 1216827]] [303464455.0, [31.25, 104010, 6246800, 13130, 6246800, 104010]] [5072074254.0, [9976.5, 1680596, 106001424, 38684, 103508112, 1641638]] [929405496.0, [1416.0, 545990, 34713624, 545990, 7767768, 121433]] [297785925294.0, [4077.0, 95907291, 6138011769, 5340891, 6137123253, 95892711]] [1387719490.0, [478.0, 515295, 32837664, 163527, 25504800, 398559]]
Arch_Param: [64, 1024, 4096, 8, 256, 16]
Samsung_cost: [22843629912.0, [1610339.0, 25765412, 412205564, 3236900, 410503868, 103073121]] [35452241934.0, [2473071.0, 39567471, 633078168, 4912239, 631701912, 170265711]] [2966046780, [208650, 3338270, 53412240, 417310, 53412240, 13352970]] [48382673532, [3403412, 54454342, 871269392, 6806854, 871269392, 217817108]] [3510785004, [246966, 3951366, 63221784, 493926, 63221784, 15805446]] [2726593309326.0, [191798295.0, 3068770335, 49100323449, 383602047, 49099264377, 12275812827]] [84372458272, [5944848, 95117430, 1521878880, 11924598, 1517979488, 379363871]]
Model_cost: [8800691985.777779, [3984.777777777778, 22447780, 359125692, 5611876, 49399997, 771938]] [3945073662.0, [29511.0, 5333103, 85328280, 86895, 77870232, 1216827]] [304610575.0, [31.25, 390430, 6246800, 13150, 6246800, 104010]] [5091894306.0, [9976.5, 6635334, 106001424, 38734, 103508112, 1641638]] [579214300.0, [711.0, 1085830, 17356824, 309862, 7767768, 121433]] [298936801662.0, [4077.0, 383626383, 6138011769, 5340891, 6137123253, 95892711]] [1305091712.0, [340.0, 1783542, 28515872, 106206, 25504800, 398559]]
Arch_Param: [64, 1024, 4096, 8, 512, 16]
Samsung_cost: [22792100106.0, [1610339.0, 12882977, 412205564, 3236897, 410503868, 103073121]] [35373107214.0, [2473071.0, 19783791, 633078168, 4912239, 631701912, 170265711]] [2959370040, [208650, 1669140, 53412240, 417300, 53412240, 13352970]] [48273764208, [3403412, 27227176, 871269392, 6806824, 871269392, 217817108]] [3502882284, [246966, 1975686, 63221784, 493926, 63221784, 15805446]] [2720455768974.0, [191798295.0, 1534385247, 49100323449, 383602047, 49099264377, 12275812827]] [84182222114, [5944848, 47558715, 1521878880, 11924539, 1517979488, 379363871]]
Model_cost: [8755797443.777779, [3984.777777777778, 11224161, 359125692, 5611873, 49399997, 771938]] [3934407678.0, [29511.0, 2666607, 85328280, 86895, 77870232, 1216827]] [303829515.0, [31.25, 195220, 6246800, 13140, 6246800, 104010]] [5078663958.0, [9976.5, 3327912, 106001424, 38704, 103508112, 1641638]] [576506076.0, [711.0, 543942, 17356824, 285286, 7767768, 121433]] [298169550750.0, [4077.0, 191813655, 6138011769, 5340891, 6137123253, 95892711]] [1301347330.0, [340.0, 891771, 28515872, 98147, 25504800, 398559]]
Arch_Param: [64, 1024, 4096, 8, 1024, 16]
Samsung_cost: [22766348554.0, [1610339.0, 6445089, 412205564, 3236897, 410503868, 103073121]] [35333539854.0, [2473071.0, 9891951, 633078168, 4912239, 631701912, 170265711]] [2956031540, [208650, 834570, 53412240, 417290, 53412240, 13352970]] [48219309416, [3403412, 13613588, 871269392, 6806804, 871269392, 217817108]] [3498930924, [246966, 987846, 63221784, 493926, 63221784, 15805446]] [2717386998798.0, [191798295.0, 767192703, 49100323449, 383602047, 49099264377, 12275812827]] [84087104074, [5944848, 23779359, 1521878880, 11924511, 1517979488, 379363871]]
Model_cost: [8733362627.777779, [3984.777777777778, 5615457, 359125692, 5611873, 49399997, 771938]] [3929074686.0, [29511.0, 1333359, 85328280, 86895, 77870232, 1216827]] [303464455.0, [31.25, 104010, 6246800, 13130, 6246800, 104010]] [5072074254.0, [9976.5, 1680596, 106001424, 38684, 103508112, 1641638]] [575151964.0, [711.0, 272998, 17356824, 272998, 7767768, 121433]] [297785925294.0, [4077.0, 95907291, 6138011769, 5340891, 6137123253, 95892711]] [1299495978.0, [340.0, 446687, 28515872, 94919, 25504800, 398559]]
Arch_Param: [64, 1024, 4096, 16, 256, 16]
Samsung_cost: [22294249304.0, [1569507.0, 25112100, 401767932, 3146788, 400935612, 100681057]] [35452241934.0, [2473071.0, 39567471, 633078168, 4912239, 631701912, 170265711]] [2966046780, [208650, 3338270, 53412240, 417310, 53412240, 13352970]] [48382673532, [3403412, 54454342, 871269392, 6806854, 871269392, 217817108]] [3473141036, [244318, 3908998, 62543896, 488630, 62543896, 15635974]] [2726593309326.0, [191798295.0, 3068770335, 49100323449, 383602047, 49099264377, 12275812827]] [84256000800, [5936656, 94986358, 1519781728, 11908214, 1515882336, 378839583]]
Model_cost: [5611398952.444445, [2248.4444444444443, 12767908, 204263100, 3190372, 49399997, 771938]] [3945073662.0, [29511.0, 5333103, 85328280, 86895, 77870232, 1216827]] [304610575.0, [31.25, 390430, 6246800, 13150, 6246800, 104010]] [5091894306.0, [9976.5, 6635334, 106001424, 38734, 103508112, 1641638]] [397516348.0, [359.0, 542918, 8678424, 39478, 7767768, 121433]] [298936801662.0, [4077.0, 383626383, 6138011769, 5340891, 6137123253, 95892711]] [1260087284.0, [271.0, 1647862, 26354976, 49758, 25504800, 398559]]
Arch_Param: [64, 1024, 4096, 16, 512, 16]
Samsung_cost: [22244026122.0, [1569507.0, 12556321, 401767932, 3146785, 400935612, 100681057]] [35373107214.0, [2473071.0, 19783791, 633078168, 4912239, 631701912, 170265711]] [2959370040, [208650, 1669140, 53412240, 417300, 53412240, 13352970]] [48273764208, [3403412, 27227176, 871269392, 6806824, 871269392, 217817108]] [3465323052, [244318, 1954502, 62543896, 488630, 62543896, 15635974]] [2720455768974.0, [191798295.0, 1534385247, 49100323449, 383602047, 49099264377, 12275812827]] [84066026786, [5936656, 47493179, 1519781728, 11908155, 1515882336, 378839583]]
Model_cost: [5585864154.444445, [2248.4444444444443, 6384225, 204263100, 3190369, 49399997, 771938]] [3934407678.0, [29511.0, 2666607, 85328280, 86895, 77870232, 1216827]] [303829515.0, [31.25, 195220, 6246800, 13140, 6246800, 104010]] [5078663958.0, [9976.5, 3327912, 106001424, 38704, 103508112, 1641638]] [396162236.0, [359.0, 271974, 8678424, 27190, 7767768, 121433]] [298169550750.0, [4077.0, 191813655, 6138011769, 5340891, 6137123253, 95892711]] [1256698742.0, [271.0, 823931, 26354976, 45539, 25504800, 398559]]
Arch_Param: [64, 1024, 4096, 16, 1024, 16]
Samsung_cost: [22218921738.0, [1569507.0, 6280225, 401767932, 3146785, 400935612, 100681057]] [35333539854.0, [2473071.0, 9891951, 633078168, 4912239, 631701912, 170265711]] [2956031540, [208650, 834570, 53412240, 417290, 53412240, 13352970]] [48219309416, [3403412, 13613588, 871269392, 6806804, 871269392, 217817108]] [3461414060, [244318, 977254, 62543896, 488630, 62543896, 15635974]] [2717386998798.0, [191798295.0, 767192703, 49100323449, 383602047, 49099264377, 12275812827]] [83971039818, [5936656, 23746591, 1519781728, 11908127, 1515882336, 378839583]]
Model_cost: [5573103066.444445, [2248.4444444444443, 3193953, 204263100, 3190369, 49399997, 771938]] [3929074686.0, [29511.0, 1333359, 85328280, 86895, 77870232, 1216827]] [303464455.0, [31.25, 104010, 6246800, 13130, 6246800, 104010]] [5072074254.0, [9976.5, 1680596, 106001424, 38684, 103508112, 1641638]] [395485180.0, [359.0, 136502, 8678424, 21046, 7767768, 121433]] [297785925294.0, [4077.0, 95907291, 6138011769, 5340891, 6137123253, 95892711]] [1255015326.0, [271.0, 412383, 26354976, 43847, 25504800, 398559]]
Arch_Param: [64, 1024, 4096, 32, 256, 16]
Samsung_cost: [22019559000.0, [1549091.0, 24785444, 396549116, 3101732, 396151484, 99485025]] [35452241934.0, [2473071.0, 39567471, 633078168, 4912239, 631701912, 170265711]] [2966046780, [208650, 3338270, 53412240, 417310, 53412240, 13352970]] [48382673532, [3403412, 54454342, 871269392, 6806854, 871269392, 217817108]] [3454319052, [242994, 3887814, 62204952, 485982, 62204952, 15551238]] [2726593309326.0, [191798295.0, 3068770335, 49100323449, 383602047, 49099264377, 12275812827]] [84197772064, [5932560, 94920822, 1518733152, 11900022, 1514833760, 378577439]]
Model_cost: [3514682905.7777777, [1150.7777777777778, 6404260, 102452412, 1598692, 49399997, 771938]] [3945073662.0, [29511.0, 5333103, 85328280, 86895, 77870232, 1216827]] [304610575.0, [31.25, 390430, 6246800, 13150, 6246800, 104010]] [5091894306.0, [9976.5, 6635334, 106001424, 38734, 103508112, 1641638]] [386217668.0, [241.0, 509030, 8140312, 21406, 7767768, 121433]] [298936801662.0, [4077.0, 383626383, 6138011769, 5340891, 6137123253, 95892711]] [1248735544.0, [246.0, 1613302, 25807008, 38238, 25504800, 398559]]
Arch_Param: [64, 1024, 4096, 32, 512, 16]
Samsung_cost: [21969989130.0, [1549091.0, 12392993, 396549116, 3101729, 396151484, 99485025]] [35373107214.0, [2473071.0, 19783791, 633078168, 4912239, 631701912, 170265711]] [2959370040, [208650, 1669140, 53412240, 417300, 53412240, 13352970]] [48273764208, [3403412, 27227176, 871269392, 6806824, 871269392, 217817108]] [3446543436, [242994, 1943910, 62204952, 485982, 62204952, 15551238]] [2720455768974.0, [191798295.0, 1534385247, 49100323449, 383602047, 49099264377, 12275812827]] [84007929122, [5932560, 47460411, 1518733152, 11899963, 1514833760, 378577439]]
Model_cost: [3501875403.7777777, [1150.7777777777778, 3202401, 102452412, 1598689, 49399997, 771938]] [3934407678.0, [29511.0, 2666607, 85328280, 86895, 77870232, 1216827]] [303829515.0, [31.25, 195220, 6246800, 13140, 6246800, 104010]] [5078663958.0, [9976.5, 3327912, 106001424, 38704, 103508112, 1641638]] [385065476.0, [241.0, 254774, 8140312, 15262, 7767768, 121433]] [298169550750.0, [4077.0, 191813655, 6138011769, 5340891, 6137123253, 95892711]] [1245458362.0, [246.0, 806651, 25807008, 35939, 25504800, 398559]]
Arch_Param: [64, 1024, 4096, 32, 1024, 16]
Samsung_cost: [21945208330.0, [1549091.0, 6197793, 396549116, 3101729, 396151484, 99485025]] [35333539854.0, [2473071.0, 9891951, 633078168, 4912239, 631701912, 170265711]] [2956031540, [208650, 834570, 53412240, 417290, 53412240, 13352970]] [48219309416, [3403412, 13613588, 871269392, 6806804, 871269392, 217817108]] [3442655628, [242994, 971958, 62204952, 485982, 62204952, 15551238]] [2717386998798.0, [191798295.0, 767192703, 49100323449, 383602047, 49099264377, 12275812827]] [83913007690, [5932560, 23730207, 1518733152, 11899935, 1514833760, 378577439]]
Model_cost: [3495474891.7777777, [1150.7777777777778, 1602273, 102452412, 1598689, 49399997, 771938]] [3929074686.0, [29511.0, 1333359, 85328280, 86895, 77870232, 1216827]] [303464455.0, [31.25, 104010, 6246800, 13130, 6246800, 104010]] [5072074254.0, [9976.5, 1680596, 106001424, 38684, 103508112, 1641638]] [384489380.0, [241.0, 127646, 8140312, 12190, 7767768, 121433]] [297785925294.0, [4077.0, 95907291, 6138011769, 5340891, 6137123253, 95892711]] [1243825634.0, [246.0, 403551, 25807008, 35015, 25504800, 398559]]
Arch_Param: [64, 1024, 2048, 4, 256, 16]
Samsung_cost: [45583235216.0, [6413989.0, 51312164, 820922876, 6444068, 817875644, 204916065]] [35521484814.0, [4946031.0, 39567471, 633078168, 4912239, 631701912, 170265711]] [2971888700, [417290, 3338270, 53412240, 417310, 53412240, 13352970]] [48477968508, [6806804, 54454342, 871269392, 6806854, 871269392, 217817108]] [3651479532, [512710, 4101638, 65626136, 512710, 65626136, 16406534]] [2731963657134.0, [383596431.0, 3068770335, 49100323449, 383602047, 49099264377, 12275812827]] [85477643124, [12043283, 96346230, 1541539680, 12113014, 1533183840, 383164959]]
Model_cost: [15181800120.0, [14889.0, 41814564, 668963196, 10456676, 49399997, 771938]] [3945896862.0, [58911.0, 5333103, 85328280, 86895, 77870232, 1216827]] [304611170.0, [52.5, 390430, 6246800, 13150, 6246800, 104010]] [5092173088.0, [19933.0, 6635334, 106001424, 38734, 103508112, 1641638]] [937569648.0, [2826.0, 2171654, 34713624, 619718, 7767768, 121433]] [298936911366.0, [7995.0, 383626383, 6138011769, 5340891, 6137123253, 95892711]] [1394375768.0, [942.0, 2054902, 32837664, 185566, 25504800, 398559]]
Arch_Param: [64, 1024, 2048, 4, 512, 16]
Samsung_cost: [45480611906.0, [6413989.0, 25656353, 820922876, 6444065, 817875644, 204916065]] [35442350094.0, [4946031.0, 19783791, 633078168, 4912239, 631701912, 170265711]] [2965211960, [417290, 1669140, 53412240, 417300, 53412240, 13352970]] [48369059184, [6806804, 27227176, 871269392, 6806824, 871269392, 217817108]] [3643276268, [512710, 2050822, 65626136, 512710, 65626136, 16406534]] [2725826116782.0, [383596431.0, 1534385247, 49100323449, 383602047, 49099264377, 12275812827]] [85284949366, [12043283, 48173115, 1541539680, 12112955, 1533183840, 383164959]]
Model_cost: [15098172010.0, [14889.0, 20907553, 668963196, 10456673, 49399997, 771938]] [3935230878.0, [58911.0, 2666607, 85328280, 86895, 77870232, 1216827]] [303830110.0, [52.5, 195220, 6246800, 13140, 6246800, 104010]] [5078942740.0, [19933.0, 3327912, 106001424, 38704, 103508112, 1641638]] [932153200.0, [2826.0, 1087878, 34713624, 570566, 7767768, 121433]] [298169660454.0, [7995.0, 191813655, 6138011769, 5340891, 6137123253, 95892711]] [1389919706.0, [942.0, 1027451, 32837664, 169827, 25504800, 398559]]
Arch_Param: [64, 1024, 2048, 4, 1024, 16]
Samsung_cost: [45429325890.0, [6413989.0, 12834849, 820922876, 6444065, 817875644, 204916065]] [35402782734.0, [4946031.0, 9891951, 633078168, 4912239, 631701912, 170265711]] [2961873460, [417290, 834570, 53412240, 417290, 53412240, 13352970]] [48314604392, [6806804, 13613588, 871269392, 6806804, 871269392, 217817108]] [3639174636, [512710, 1025414, 65626136, 512710, 65626136, 16406534]] [2722757346606.0, [383596431.0, 767192703, 49100323449, 383602047, 49099264377, 12275812827]] [85188602526, [12043283, 24086559, 1541539680, 12112927, 1533183840, 383164959]]
Model_cost: [15056382826.0, [14889.0, 10460257, 668963196, 10456673, 49399997, 771938]] [3929897886.0, [58911.0, 1333359, 85328280, 86895, 77870232, 1216827]] [303465050.0, [52.5, 104010, 6246800, 13130, 6246800, 104010]] [5072353036.0, [19933.0, 1680596, 106001424, 38684, 103508112, 1641638]] [929444976.0, [2826.0, 545990, 34713624, 545990, 7767768, 121433]] [297786034998.0, [7995.0, 95907291, 6138011769, 5340891, 6137123253, 95892711]] [1387732482.0, [942.0, 515295, 32837664, 163527, 25504800, 398559]]
Arch_Param: [64, 1024, 2048, 8, 256, 16]
Samsung_cost: [22888718480.0, [3220645.0, 25765412, 412205564, 3236900, 410503868, 103073121]] [35521484814.0, [4946031.0, 39567471, 633078168, 4912239, 631701912, 170265711]] [2971888700, [417290, 3338270, 53412240, 417310, 53412240, 13352970]] [48477968508, [6806804, 54454342, 871269392, 6806854, 871269392, 217817108]] [3517699884, [493926, 3951366, 63221784, 493926, 63221784, 15805446]] [2731963657134.0, [383596431.0, 3068770335, 49100323449, 383602047, 49099264377, 12275812827]] [84538913652, [11889683, 95117430, 1521878880, 11924598, 1517979488, 379363871]]
Model_cost: [8800802620.0, [7936.0, 22447780, 359125692, 5611876, 49399997, 771938]] [3945896862.0, [58911.0, 5333103, 85328280, 86895, 77870232, 1216827]] [304611170.0, [52.5, 390430, 6246800, 13150, 6246800, 104010]] [5092173088.0, [19933.0, 6635334, 106001424, 38734, 103508112, 1641638]] [579234040.0, [1416.0, 1085830, 17356824, 309862, 7767768, 121433]] [298936911366.0, [7995.0, 383626383, 6138011769, 5340891, 6137123253, 95892711]] [1305100840.0, [666.0, 1783542, 28515872, 106206, 25504800, 398559]]
Arch_Param: [64, 1024, 2048, 8, 512, 16]
Samsung_cost: [22837188674.0, [3220645.0, 12882977, 412205564, 3236897, 410503868, 103073121]] [35442350094.0, [4946031.0, 19783791, 633078168, 4912239, 631701912, 170265711]] [2965211960, [417290, 1669140, 53412240, 417300, 53412240, 13352970]] [48369059184, [6806804, 27227176, 871269392, 6806824, 871269392, 217817108]] [3509797164, [493926, 1975686, 63221784, 493926, 63221784, 15805446]] [2725826116782.0, [383596431.0, 1534385247, 49100323449, 383602047, 49099264377, 12275812827]] [84348677494, [11889683, 47558715, 1521878880, 11924539, 1517979488, 379363871]]
Model_cost: [8755908078.0, [7936.0, 11224161, 359125692, 5611873, 49399997, 771938]] [3935230878.0, [58911.0, 2666607, 85328280, 86895, 77870232, 1216827]] [303830110.0, [52.5, 195220, 6246800, 13140, 6246800, 104010]] [5078942740.0, [19933.0, 3327912, 106001424, 38704, 103508112, 1641638]] [576525816.0, [1416.0, 543942, 17356824, 285286, 7767768, 121433]] [298169660454.0, [7995.0, 191813655, 6138011769, 5340891, 6137123253, 95892711]] [1301356458.0, [666.0, 891771, 28515872, 98147, 25504800, 398559]]
Arch_Param: [64, 1024, 2048, 8, 1024, 16]
Samsung_cost: [22811437122.0, [3220645.0, 6445089, 412205564, 3236897, 410503868, 103073121]] [35402782734.0, [4946031.0, 9891951, 633078168, 4912239, 631701912, 170265711]] [2961873460, [417290, 834570, 53412240, 417290, 53412240, 13352970]] [48314604392, [6806804, 13613588, 871269392, 6806804, 871269392, 217817108]] [3505845804, [493926, 987846, 63221784, 493926, 63221784, 15805446]] [2722757346606.0, [383596431.0, 767192703, 49100323449, 383602047, 49099264377, 12275812827]] [84253559454, [11889683, 23779359, 1521878880, 11924511, 1517979488, 379363871]]
Model_cost: [8733473262.0, [7936.0, 5615457, 359125692, 5611873, 49399997, 771938]] [3929897886.0, [58911.0, 1333359, 85328280, 86895, 77870232, 1216827]] [303465050.0, [52.5, 104010, 6246800, 13130, 6246800, 104010]] [5072353036.0, [19933.0, 1680596, 106001424, 38684, 103508112, 1641638]] [575171704.0, [1416.0, 272998, 17356824, 272998, 7767768, 121433]] [297786034998.0, [7995.0, 95907291, 6138011769, 5340891, 6137123253, 95892711]] [1299505106.0, [666.0, 446687, 28515872, 94919, 25504800, 398559]]
Arch_Param: [64, 1024, 2048, 16, 256, 16]
Samsung_cost: [22338194576.0, [3138981.0, 25112100, 401767932, 3146788, 400935612, 100681057]] [35521484814.0, [4946031.0, 39567471, 633078168, 4912239, 631701912, 170265711]] [2971888700, [417290, 3338270, 53412240, 417310, 53412240, 13352970]] [48477968508, [6806804, 54454342, 871269392, 6806854, 871269392, 217817108]] [3479981772, [488630, 3908998, 62543896, 488630, 62543896, 15635974]] [2731963657134.0, [383596431.0, 3068770335, 49100323449, 383602047, 49099264377, 12275812827]] [84422226804, [11873299, 94986358, 1519781728, 11908214, 1515882336, 378839583]]
Model_cost: [5611460988.0, [4464.0, 12767908, 204263100, 3190372, 49399997, 771938]] [3945896862.0, [58911.0, 5333103, 85328280, 86895, 77870232, 1216827]] [304611170.0, [52.5, 390430, 6246800, 13150, 6246800, 104010]] [5092173088.0, [19933.0, 6635334, 106001424, 38734, 103508112, 1641638]] [397526204.0, [711.0, 542918, 8678424, 39478, 7767768, 121433]] [298936911366.0, [7995.0, 383626383, 6138011769, 5340891, 6137123253, 95892711]] [1260094480.0, [528.0, 1647862, 26354976, 49758, 25504800, 398559]]
Arch_Param: [64, 1024, 2048, 16, 512, 16]
Samsung_cost: [22287971394.0, [3138981.0, 12556321, 401767932, 3146785, 400935612, 100681057]] [35442350094.0, [4946031.0, 19783791, 633078168, 4912239, 631701912, 170265711]] [2965211960, [417290, 1669140, 53412240, 417300, 53412240, 13352970]] [48369059184, [6806804, 27227176, 871269392, 6806824, 871269392, 217817108]] [3472163788, [488630, 1954502, 62543896, 488630, 62543896, 15635974]] [2725826116782.0, [383596431.0, 1534385247, 49100323449, 383602047, 49099264377, 12275812827]] [84232252790, [11873299, 47493179, 1519781728, 11908155, 1515882336, 378839583]]
Model_cost: [5585926190.0, [4464.0, 6384225, 204263100, 3190369, 49399997, 771938]] [3935230878.0, [58911.0, 2666607, 85328280, 86895, 77870232, 1216827]] [303830110.0, [52.5, 195220, 6246800, 13140, 6246800, 104010]] [5078942740.0, [19933.0, 3327912, 106001424, 38704, 103508112, 1641638]] [396172092.0, [711.0, 271974, 8678424, 27190, 7767768, 121433]] [298169660454.0, [7995.0, 191813655, 6138011769, 5340891, 6137123253, 95892711]] [1256705938.0, [528.0, 823931, 26354976, 45539, 25504800, 398559]]
Arch_Param: [64, 1024, 2048, 16, 1024, 16]
Samsung_cost: [22262867010.0, [3138981.0, 6280225, 401767932, 3146785, 400935612, 100681057]] [35402782734.0, [4946031.0, 9891951, 633078168, 4912239, 631701912, 170265711]] [2961873460, [417290, 834570, 53412240, 417290, 53412240, 13352970]] [48314604392, [6806804, 13613588, 871269392, 6806804, 871269392, 217817108]] [3468254796, [488630, 977254, 62543896, 488630, 62543896, 15635974]] [2722757346606.0, [383596431.0, 767192703, 49100323449, 383602047, 49099264377, 12275812827]] [84137265822, [11873299, 23746591, 1519781728, 11908127, 1515882336, 378839583]]
Model_cost: [5573165102.0, [4464.0, 3193953, 204263100, 3190369, 49399997, 771938]] [3929897886.0, [58911.0, 1333359, 85328280, 86895, 77870232, 1216827]] [303465050.0, [52.5, 104010, 6246800, 13130, 6246800, 104010]] [5072353036.0, [19933.0, 1680596, 106001424, 38684, 103508112, 1641638]] [395495036.0, [711.0, 136502, 8678424, 21046, 7767768, 121433]] [297786034998.0, [7995.0, 95907291, 6138011769, 5340891, 6137123253, 95892711]] [1255022522.0, [528.0, 412383, 26354976, 43847, 25504800, 398559]]
Arch_Param: [64, 1024, 2048, 32, 256, 16]
Samsung_cost: [22062932624.0, [3098149.0, 24785444, 396549116, 3101732, 396151484, 99485025]] [35521484814.0, [4946031.0, 39567471, 633078168, 4912239, 631701912, 170265711]] [2971888700, [417290, 3338270, 53412240, 417310, 53412240, 13352970]] [48477968508, [6806804, 54454342, 871269392, 6806854, 871269392, 217817108]] [3461122716, [485982, 3887814, 62204952, 485982, 62204952, 15551238]] [2731963657134.0, [383596431.0, 3068770335, 49100323449, 383602047, 49099264377, 12275812827]] [84363883380, [11865107, 94920822, 1518733152, 11900022, 1514833760, 378577439]]
Model_cost: [3514714216.0, [2269.0, 6404260, 102452412, 1598692, 49399997, 771938]] [3945896862.0, [58911.0, 5333103, 85328280, 86895, 77870232, 1216827]] [304611170.0, [52.5, 390430, 6246800, 13150, 6246800, 104010]] [5092173088.0, [19933.0, 6635334, 106001424, 38734, 103508112, 1641638]] [386224220.0, [475.0, 509030, 8140312, 21406, 7767768, 121433]] [298936911366.0, [7995.0, 383626383, 6138011769, 5340891, 6137123253, 95892711]] [1248742040.0, [478.0, 1613302, 25807008, 38238, 25504800, 398559]]
Arch_Param: [64, 1024, 2048, 32, 512, 16]
Samsung_cost: [22013362754.0, [3098149.0, 12392993, 396549116, 3101729, 396151484, 99485025]] [35442350094.0, [4946031.0, 19783791, 633078168, 4912239, 631701912, 170265711]] [2965211960, [417290, 1669140, 53412240, 417300, 53412240, 13352970]] [48369059184, [6806804, 27227176, 871269392, 6806824, 871269392, 217817108]] [3453347100, [485982, 1943910, 62204952, 485982, 62204952, 15551238]] [2725826116782.0, [383596431.0, 1534385247, 49100323449, 383602047, 49099264377, 12275812827]] [84174040438, [11865107, 47460411, 1518733152, 11899963, 1514833760, 378577439]]
Model_cost: [3501906714.0, [2269.0, 3202401, 102452412, 1598689, 49399997, 771938]] [3935230878.0, [58911.0, 2666607, 85328280, 86895, 77870232, 1216827]] [303830110.0, [52.5, 195220, 6246800, 13140, 6246800, 104010]] [5078942740.0, [19933.0, 3327912, 106001424, 38704, 103508112, 1641638]] [385072028.0, [475.0, 254774, 8140312, 15262, 7767768, 121433]] [298169660454.0, [7995.0, 191813655, 6138011769, 5340891, 6137123253, 95892711]] [1245464858.0, [478.0, 806651, 25807008, 35939, 25504800, 398559]]
Arch_Param: [64, 1024, 2048, 32, 1024, 16]
Samsung_cost: [21988581954.0, [3098149.0, 6197793, 396549116, 3101729, 396151484, 99485025]] [35402782734.0, [4946031.0, 9891951, 633078168, 4912239, 631701912, 170265711]] [2961873460, [417290, 834570, 53412240, 417290, 53412240, 13352970]] [48314604392, [6806804, 13613588, 871269392, 6806804, 871269392, 217817108]] [3449459292, [485982, 971958, 62204952, 485982, 62204952, 15551238]] [2722757346606.0, [383596431.0, 767192703, 49100323449, 383602047, 49099264377, 12275812827]] [84079119006, [11865107, 23730207, 1518733152, 11899935, 1514833760, 378577439]]
Model_cost: [3495506202.0, [2269.0, 1602273, 102452412, 1598689, 49399997, 771938]] [3929897886.0, [58911.0, 1333359, 85328280, 86895, 77870232, 1216827]] [303465050.0, [52.5, 104010, 6246800, 13130, 6246800, 104010]] [5072353036.0, [19933.0, 1680596, 106001424, 38684, 103508112, 1641638]] [384495932.0, [475.0, 127646, 8140312, 12190, 7767768, 121433]] [297786034998.0, [7995.0, 95907291, 6138011769, 5340891, 6137123253, 95892711]] [1243832130.0, [478.0, 403551, 25807008, 35015, 25504800, 398559]]
Arch_Param: [64, 1024, 1024, 4, 256, 16]
Samsung_cost: [45762825984.0, [12827945.0, 51312164, 820922876, 6444068, 817875644, 204916065]] [35659970574, [9891951, 39567471, 633078168, 4912239, 631701912, 170265711]] [2983572540, [834570, 3338270, 53412240, 417310, 53412240, 13352970]] [48668558460, [13613588, 54454342, 871269392, 6806854, 871269392, 217817108]] [3665835244, [1025414, 4101638, 65626136, 512710, 65626136, 16406534]] [2742704352750, [767192703, 3068770335, 49100323449, 383602047, 49099264377, 12275812827]] [85814854852, [24086559, 96346230, 1541539680, 12113014, 1533183840, 383164959]]
Model_cost: [15182216088.0, [29745.0, 41814564, 668963196, 10456676, 49399997, 771938]] [3947543262.0, [117711.0, 5333103, 85328280, 86895, 77870232, 1216827]] [304612360.0, [95.0, 390430, 6246800, 13150, 6246800, 104010]] [5092730372.0, [39836.0, 6635334, 106001424, 38734, 103508112, 1641638]] [937648608.0, [5646.0, 2171654, 34713624, 619718, 7767768, 121433]] [298937130774.0, [15831.0, 383626383, 6138011769, 5340891, 6137123253, 95892711]] [1394401920.0, [1876.0, 2054902, 32837664, 185566, 25504800, 398559]]
Arch_Param: [64, 1024, 1024, 4, 512, 16]
Samsung_cost: [45660202674.0, [12827945.0, 25656353, 820922876, 6444065, 817875644, 204916065]] [35580835854, [9891951, 19783791, 633078168, 4912239, 631701912, 170265711]] [2976895800, [834570, 1669140, 53412240, 417300, 53412240, 13352970]] [48559649136, [13613588, 27227176, 871269392, 6806824, 871269392, 217817108]] [3657631980, [1025414, 2050822, 65626136, 512710, 65626136, 16406534]] [2736566812398, [767192703, 1534385247, 49100323449, 383602047, 49099264377, 12275812827]] [85622161094, [24086559, 48173115, 1541539680, 12112955, 1533183840, 383164959]]
Model_cost: [15098587978.0, [29745.0, 20907553, 668963196, 10456673, 49399997, 771938]] [3936877278.0, [117711.0, 2666607, 85328280, 86895, 77870232, 1216827]] [303831300.0, [95.0, 195220, 6246800, 13140, 6246800, 104010]] [5079500024.0, [39836.0, 3327912, 106001424, 38704, 103508112, 1641638]] [932232160.0, [5646.0, 1087878, 34713624, 570566, 7767768, 121433]] [298169879862.0, [15831.0, 191813655, 6138011769, 5340891, 6137123253, 95892711]] [1389945858.0, [1876.0, 1027451, 32837664, 169827, 25504800, 398559]]
Arch_Param: [64, 1024, 1024, 4, 1024, 16]
Samsung_cost: [45608916658.0, [12827945.0, 12834849, 820922876, 6444065, 817875644, 204916065]] [35541268494, [9891951, 9891951, 633078168, 4912239, 631701912, 170265711]] [2973557300, [834570, 834570, 53412240, 417290, 53412240, 13352970]] [48505194344, [13613588, 13613588, 871269392, 6806804, 871269392, 217817108]] [3653530348, [1025414, 1025414, 65626136, 512710, 65626136, 16406534]] [2733498042222, [767192703, 767192703, 49100323449, 383602047, 49099264377, 12275812827]] [85525814254, [24086559, 24086559, 1541539680, 12112927, 1533183840, 383164959]]
Model_cost: [15056798794.0, [29745.0, 10460257, 668963196, 10456673, 49399997, 771938]] [3931544286.0, [117711.0, 1333359, 85328280, 86895, 77870232, 1216827]] [303466240.0, [95.0, 104010, 6246800, 13130, 6246800, 104010]] [5072910320.0, [39836.0, 1680596, 106001424, 38684, 103508112, 1641638]] [929523936.0, [5646.0, 545990, 34713624, 545990, 7767768, 121433]] [297786254406.0, [15831.0, 95907291, 6138011769, 5340891, 6137123253, 95892711]] [1387758634.0, [1876.0, 515295, 32837664, 163527, 25504800, 398559]]
Arch_Param: [64, 1024, 1024, 8, 256, 16]
Samsung_cost: [22978895616.0, [6441257.0, 25765412, 412205564, 3236900, 410503868, 103073121]] [35659970574, [9891951, 39567471, 633078168, 4912239, 631701912, 170265711]] [2983572540, [834570, 3338270, 53412240, 417310, 53412240, 13352970]] [48668558460, [13613588, 54454342, 871269392, 6806854, 871269392, 217817108]] [3531529644, [987846, 3951366, 63221784, 493926, 63221784, 15805446]] [2742704352750, [767192703, 3068770335, 49100323449, 383602047, 49099264377, 12275812827]] [84871824580, [23779359, 95117430, 1521878880, 11924598, 1517979488, 379363871]]
Model_cost: [8801023876.0, [15838.0, 22447780, 359125692, 5611876, 49399997, 771938]] [3947543262.0, [117711.0, 5333103, 85328280, 86895, 77870232, 1216827]] [304612360.0, [95.0, 390430, 6246800, 13150, 6246800, 104010]] [5092730372.0, [39836.0, 6635334, 106001424, 38734, 103508112, 1641638]] [579273520.0, [2826.0, 1085830, 17356824, 309862, 7767768, 121433]] [298937130774.0, [15831.0, 383626383, 6138011769, 5340891, 6137123253, 95892711]] [1305119292.0, [1325.0, 1783542, 28515872, 106206, 25504800, 398559]]
Arch_Param: [64, 1024, 1024, 8, 512, 16]
Samsung_cost: [22927365810.0, [6441257.0, 12882977, 412205564, 3236897, 410503868, 103073121]] [35580835854, [9891951, 19783791, 633078168, 4912239, 631701912, 170265711]] [2976895800, [834570, 1669140, 53412240, 417300, 53412240, 13352970]] [48559649136, [13613588, 27227176, 871269392, 6806824, 871269392, 217817108]] [3523626924, [987846, 1975686, 63221784, 493926, 63221784, 15805446]] [2736566812398, [767192703, 1534385247, 49100323449, 383602047, 49099264377, 12275812827]] [84681588422, [23779359, 47558715, 1521878880, 11924539, 1517979488, 379363871]]
Model_cost: [8756129334.0, [15838.0, 11224161, 359125692, 5611873, 49399997, 771938]] [3936877278.0, [117711.0, 2666607, 85328280, 86895, 77870232, 1216827]] [303831300.0, [95.0, 195220, 6246800, 13140, 6246800, 104010]] [5079500024.0, [39836.0, 3327912, 106001424, 38704, 103508112, 1641638]] [576565296.0, [2826.0, 543942, 17356824, 285286, 7767768, 121433]] [298169879862.0, [15831.0, 191813655, 6138011769, 5340891, 6137123253, 95892711]] [1301374910.0, [1325.0, 891771, 28515872, 98147, 25504800, 398559]]
Arch_Param: [64, 1024, 1024, 8, 1024, 16]
Samsung_cost: [22901614258.0, [6441257.0, 6445089, 412205564, 3236897, 410503868, 103073121]] [35541268494, [9891951, 9891951, 633078168, 4912239, 631701912, 170265711]] [2973557300, [834570, 834570, 53412240, 417290, 53412240, 13352970]] [48505194344, [13613588, 13613588, 871269392, 6806804, 871269392, 217817108]] [3519675564, [987846, 987846, 63221784, 493926, 63221784, 15805446]] [2733498042222, [767192703, 767192703, 49100323449, 383602047, 49099264377, 12275812827]] [84586470382, [23779359, 23779359, 1521878880, 11924511, 1517979488, 379363871]]
Model_cost: [8733694518.0, [15838.0, 5615457, 359125692, 5611873, 49399997, 771938]] [3931544286.0, [117711.0, 1333359, 85328280, 86895, 77870232, 1216827]] [303466240.0, [95.0, 104010, 6246800, 13130, 6246800, 104010]] [5072910320.0, [39836.0, 1680596, 106001424, 38684, 103508112, 1641638]] [575211184.0, [2826.0, 272998, 17356824, 272998, 7767768, 121433]] [297786254406.0, [15831.0, 95907291, 6138011769, 5340891, 6137123253, 95892711]] [1299523558.0, [1325.0, 446687, 28515872, 94919, 25504800, 398559]]
Arch_Param: [64, 1024, 1024, 16, 256, 16]
Samsung_cost: [22426085120.0, [6277929.0, 25112100, 401767932, 3146788, 400935612, 100681057]] [35659970574, [9891951, 39567471, 633078168, 4912239, 631701912, 170265711]] [2983572540, [834570, 3338270, 53412240, 417310, 53412240, 13352970]] [48668558460, [13613588, 54454342, 871269392, 6806854, 871269392, 217817108]] [3493663244, [977254, 3908998, 62543896, 488630, 62543896, 15635974]] [2742704352750, [767192703, 3068770335, 49100323449, 383602047, 49099264377, 12275812827]] [84754678980, [23746591, 94986358, 1519781728, 11908214, 1515882336, 378839583]]
Model_cost: [5611585028.0, [8894.0, 12767908, 204263100, 3190372, 49399997, 771938]] [3947543262.0, [117711.0, 5333103, 85328280, 86895, 77870232, 1216827]] [304612360.0, [95.0, 390430, 6246800, 13150, 6246800, 104010]] [5092730372.0, [39836.0, 6635334, 106001424, 38734, 103508112, 1641638]] [397545944.0, [1416.0, 542918, 8678424, 39478, 7767768, 121433]] [298937130774.0, [15831.0, 383626383, 6138011769, 5340891, 6137123253, 95892711]] [1260109068.0, [1049.0, 1647862, 26354976, 49758, 25504800, 398559]]
Arch_Param: [64, 1024, 1024, 16, 512, 16]
Samsung_cost: [22375861938.0, [6277929.0, 12556321, 401767932, 3146785, 400935612, 100681057]] [35580835854, [9891951, 19783791, 633078168, 4912239, 631701912, 170265711]] [2976895800, [834570, 1669140, 53412240, 417300, 53412240, 13352970]] [48559649136, [13613588, 27227176, 871269392, 6806824, 871269392, 217817108]] [3485845260, [977254, 1954502, 62543896, 488630, 62543896, 15635974]] [2736566812398, [767192703, 1534385247, 49100323449, 383602047, 49099264377, 12275812827]] [84564704966, [23746591, 47493179, 1519781728, 11908155, 1515882336, 378839583]]
Model_cost: [5586050230.0, [8894.0, 6384225, 204263100, 3190369, 49399997, 771938]] [3936877278.0, [117711.0, 2666607, 85328280, 86895, 77870232, 1216827]] [303831300.0, [95.0, 195220, 6246800, 13140, 6246800, 104010]] [5079500024.0, [39836.0, 3327912, 106001424, 38704, 103508112, 1641638]] [396191832.0, [1416.0, 271974, 8678424, 27190, 7767768, 121433]] [298169879862.0, [15831.0, 191813655, 6138011769, 5340891, 6137123253, 95892711]] [1256720526.0, [1049.0, 823931, 26354976, 45539, 25504800, 398559]]
Arch_Param: [64, 1024, 1024, 16, 1024, 16]
Samsung_cost: [22350757554.0, [6277929.0, 6280225, 401767932, 3146785, 400935612, 100681057]] [35541268494, [9891951, 9891951, 633078168, 4912239, 631701912, 170265711]] [2973557300, [834570, 834570, 53412240, 417290, 53412240, 13352970]] [48505194344, [13613588, 13613588, 871269392, 6806804, 871269392, 217817108]] [3481936268, [977254, 977254, 62543896, 488630, 62543896, 15635974]] [2733498042222, [767192703, 767192703, 49100323449, 383602047, 49099264377, 12275812827]] [84469717998, [23746591, 23746591, 1519781728, 11908127, 1515882336, 378839583]]
Model_cost: [5573289142.0, [8894.0, 3193953, 204263100, 3190369, 49399997, 771938]] [3931544286.0, [117711.0, 1333359, 85328280, 86895, 77870232, 1216827]] [303466240.0, [95.0, 104010, 6246800, 13130, 6246800, 104010]] [5072910320.0, [39836.0, 1680596, 106001424, 38684, 103508112, 1641638]] [395514776.0, [1416.0, 136502, 8678424, 21046, 7767768, 121433]] [297786254406.0, [15831.0, 95907291, 6138011769, 5340891, 6137123253, 95892711]] [1255037110.0, [1049.0, 412383, 26354976, 43847, 25504800, 398559]]
Arch_Param: [64, 1024, 1024, 32, 256, 16]
Samsung_cost: [22149679872.0, [6196265.0, 24785444, 396549116, 3101732, 396151484, 99485025]] [35659970574, [9891951, 39567471, 633078168, 4912239, 631701912, 170265711]] [2983572540, [834570, 3338270, 53412240, 417310, 53412240, 13352970]] [48668558460, [13613588, 54454342, 871269392, 6806854, 871269392, 217817108]] [3474730044, [971958, 3887814, 62204952, 485982, 62204952, 15551238]] [2742704352750, [767192703, 3068770335, 49100323449, 383602047, 49099264377, 12275812827]] [84696106180, [23730207, 94920822, 1518733152, 11900022, 1514833760, 378577439]]
Model_cost: [3514776796.0, [4504.0, 6404260, 102452412, 1598692, 49399997, 771938]] [3947543262.0, [117711.0, 5333103, 85328280, 86895, 77870232, 1216827]] [304612360.0, [95.0, 390430, 6246800, 13150, 6246800, 104010]] [5092730372.0, [39836.0, 6635334, 106001424, 38734, 103508112, 1641638]] [386237324.0, [943.0, 509030, 8140312, 21406, 7767768, 121433]] [298937130774.0, [15831.0, 383626383, 6138011769, 5340891, 6137123253, 95892711]] [1248755200.0, [948.0, 1613302, 25807008, 38238, 25504800, 398559]]
Arch_Param: [64, 1024, 1024, 32, 512, 16]
Samsung_cost: [22100110002.0, [6196265.0, 12392993, 396549116, 3101729, 396151484, 99485025]] [35580835854, [9891951, 19783791, 633078168, 4912239, 631701912, 170265711]] [2976895800, [834570, 1669140, 53412240, 417300, 53412240, 13352970]] [48559649136, [13613588, 27227176, 871269392, 6806824, 871269392, 217817108]] [3466954428, [971958, 1943910, 62204952, 485982, 62204952, 15551238]] [2736566812398, [767192703, 1534385247, 49100323449, 383602047, 49099264377, 12275812827]] [84506263238, [23730207, 47460411, 1518733152, 11899963, 1514833760, 378577439]]
Model_cost: [3501969294.0, [4504.0, 3202401, 102452412, 1598689, 49399997, 771938]] [3936877278.0, [117711.0, 2666607, 85328280, 86895, 77870232, 1216827]] [303831300.0, [95.0, 195220, 6246800, 13140, 6246800, 104010]] [5079500024.0, [39836.0, 3327912, 106001424, 38704, 103508112, 1641638]] [385085132.0, [943.0, 254774, 8140312, 15262, 7767768, 121433]] [298169879862.0, [15831.0, 191813655, 6138011769, 5340891, 6137123253, 95892711]] [1245478018.0, [948.0, 806651, 25807008, 35939, 25504800, 398559]]
Arch_Param: [64, 1024, 1024, 32, 1024, 16]
Samsung_cost: [22075329202.0, [6196265.0, 6197793, 396549116, 3101729, 396151484, 99485025]] [35541268494, [9891951, 9891951, 633078168, 4912239, 631701912, 170265711]] [2973557300, [834570, 834570, 53412240, 417290, 53412240, 13352970]] [48505194344, [13613588, 13613588, 871269392, 6806804, 871269392, 217817108]] [3463066620, [971958, 971958, 62204952, 485982, 62204952, 15551238]] [2733498042222, [767192703, 767192703, 49100323449, 383602047, 49099264377, 12275812827]] [84411341806, [23730207, 23730207, 1518733152, 11899935, 1514833760, 378577439]]
Model_cost: [3495568782.0, [4504.0, 1602273, 102452412, 1598689, 49399997, 771938]] [3931544286.0, [117711.0, 1333359, 85328280, 86895, 77870232, 1216827]] [303466240.0, [95.0, 104010, 6246800, 13130, 6246800, 104010]] [5072910320.0, [39836.0, 1680596, 106001424, 38684, 103508112, 1641638]] [384509036.0, [943.0, 127646, 8140312, 12190, 7767768, 121433]] [297786254406.0, [15831.0, 95907291, 6138011769, 5340891, 6137123253, 95892711]] [1243845290.0, [948.0, 403551, 25807008, 35015, 25504800, 398559]]
