[[0, 0, 0, 0, 0, 0, 0, 0, 0, 0, 0], [0, 0, 0, 0, 0, 0, 0, 0, 0, 0, 0], [0, 0, 0, 0, 0, 0, 0, 0, 0, 0, 0], [0, 0, 0, 0, 0, 0, 0, 0, 0, 0, 0]]
Arch_Param: [32, 1024, 32768, 4, 256, 16]
Samsung_cost: [90636275701.44444, [800029.6944444445, 102405697, 1638358008, 12858433, 1632619704, 408601953]] [35391673422.0, [309231.0, 39567471, 633078564, 4912239, 631702308, 170265711]] [2960955100.0, [26090.0, 3338290, 53412640, 417330, 53412640, 13352980]] [48299342468.0, [425444.0, 54454402, 871270432, 6806914, 871270432, 217817128]] [3904595340.0, [34398.0, 4402182, 70434864, 550278, 70434864, 17608710]] [2721894277746.0, [23974926.0, 3068770335, 49100323923, 383602047, 49099264851, 12275812827]] [87030996780.0, [771920.0, 98803948, 1580863168, 12489964, 1563594432, 390767163]]
Model_cost: [27948548178.853333, [1832.1733333333334, 80564801, 1288904952, 20150465, 49400505, 771938]] [5581017030.0, [4005.0, 10223727, 163578660, 2450031, 77873700, 1216875]] [304630054.375, [12.65625, 390450, 6247200, 13170, 6247200, 104020]] [5091702586.75, [1270.8125, 6635394, 106002464, 38794, 103509152, 1641658]] [1654093980.0, [359.0, 4343302, 69427248, 1239430, 7767792, 121433]] [427321511932.80005, [812.1000000000001, 767215743, 12275433555, 191792151, 6137126091, 95892759]] [1702389011.0, [116.25, 2983404, 47652928, 547540, 25506688, 398587]]
Arch_Param: [32, 1024, 32768, 4, 512, 16]
Samsung_cost: [90431464707.44444, [800029.6944444445, 51203108, 1638358008, 12858404, 1632619704, 408601953]] [35312538702.0, [309231.0, 19783791, 633078564, 4912239, 631702308, 170265711]] [2954278100.0, [26090.0, 1669150, 53412640, 417310, 53412640, 13352980]] [48190432364.0, [425444.0, 27227206, 871270432, 6806854, 871270432, 217817128]] [3895790988.0, [34398.0, 2201094, 70434864, 550278, 70434864, 17608710]] [2715756737394.0, [23974926.0, 1534385247, 49100323923, 383602047, 49099264851, 12275812827]] [86833386288.0, [771920.0, 49401974, 1580863168, 12489846, 1563594432, 390767163]]
Model_cost: [27787418976.853333, [1832.1733333333334, 40282660, 1288904952, 20150436, 49400505, 771938]] [5560569798.0, [4005.0, 5111919, 163578660, 2450031, 77873700, 1216875]] [303848734.375, [12.65625, 195230, 6247200, 13150, 6247200, 104020]] [5078471458.75, [1270.8125, 3327942, 106002464, 38734, 103509152, 1641658]] [1643261084.0, [359.0, 2175750, 69427248, 1141126, 7767792, 121433]] [425787083836.80005, [812.1000000000001, 383608719, 12275433555, 191792151, 6137126091, 95892759]] [1695729687.0, [116.25, 1491702, 47652928, 516062, 25506688, 398587]]
Arch_Param: [32, 1024, 32768, 4, 1024, 16]
Samsung_cost: [90329109685.44444, [800029.6944444445, 25614369, 1638358008, 12858401, 1632619704, 408601953]] [35272971342.0, [309231.0, 9891951, 633078564, 4912239, 631702308, 170265711]] [2950939600.0, [26090.0, 834580, 53412640, 417300, 53412640, 13352980]] [48135977312.0, [425444.0, 13613608, 871270432, 6806824, 871270432, 217817128]] [3891388812.0, [34398.0, 1100550, 70434864, 550278, 70434864, 17608710]] [2712687967218.0, [23974926.0, 767192703, 49100323923, 383602047, 49099264851, 12275812827]] [86734581042.0, [771920.0, 24700987, 1580863168, 12489787, 1563594432, 390767163]]
Model_cost: [27706904338.853333, [1832.1733333333334, 20154017, 1288904952, 20150433, 49400505, 771938]] [5550346182.0, [4005.0, 2556015, 163578660, 2450031, 77873700, 1216875]] [303483674.375, [12.65625, 104020, 6247200, 13140, 6247200, 104020]] [5071881494.75, [1270.8125, 1680616, 106002464, 38704, 103509152, 1641658]] [1637844636.0, [359.0, 1091974, 69427248, 1091974, 7767792, 121433]] [425019869788.80005, [812.1000000000001, 191805207, 12275433555, 191792151, 6137126091, 95892759]] [1692481561.0, [116.25, 748987, 47652928, 503459, 25506688, 398587]]
Arch_Param: [32, 1024, 32768, 8, 256, 16]
Samsung_cost: [45414893386.77778, [400883.02777777775, 51312193, 820923384, 6444097, 817876152, 204916065]] [35391673422.0, [309231.0, 39567471, 633078564, 4912239, 631702308, 170265711]] [2960955100.0, [26090.0, 3338290, 53412640, 417330, 53412640, 13352980]] [48299342468.0, [425444.0, 54454402, 871270432, 6806914, 871270432, 217817128]] [3638022204.0, [32050.0, 4101638, 65626160, 512710, 65626160, 16406534]] [2721894277746.0, [23974926.0, 3068770335, 49100323923, 383602047, 49099264851, 12275812827]] [85161601836.0, [752720.0, 96346348, 1541541568, 12113132, 1533185728, 383164987]]
Model_cost: [15181435288.676666, [961.5241666666667, 41814593, 668963704, 10456705, 49400505, 771938]] [3944372370.0, [3786.0, 5333103, 85328676, 86895, 77870628, 1216827]] [304630054.375, [12.65625, 390450, 6247200, 13170, 6247200, 104020]] [5091702586.75, [1270.8125, 6635394, 106002464, 38794, 103509152, 1641658]] [937496796.0, [183.0, 2171654, 34713648, 619718, 7767792, 121433]] [298936727885.4001, [629.5500000000001, 383626383, 6138012243, 5340891, 6137123727, 95892711]] [1394445943.5, [74.125, 2055020, 32839552, 185684, 25506688, 398587]]
Arch_Param: [32, 1024, 32768, 8, 512, 16]
Samsung_cost: [45312269400.77778, [400883.02777777775, 25656356, 820923384, 6444068, 817876152, 204916065]] [35312538702.0, [309231.0, 19783791, 633078564, 4912239, 631702308, 170265711]] [2954278100.0, [26090.0, 1669150, 53412640, 417310, 53412640, 13352980]] [48190432364.0, [425444.0, 27227206, 871270432, 6806854, 871270432, 217817128]] [3629818940.0, [32050.0, 2050822, 65626160, 512710, 65626160, 16406534]] [2715756737394.0, [23974926.0, 1534385247, 49100323923, 383602047, 49099264851, 12275812827]] [84968906544.0, [752720.0, 48173174, 1541541568, 12113014, 1533185728, 383164987]]
Model_cost: [15097806502.676666, [961.5241666666667, 20907556, 668963704, 10456676, 49400505, 771938]] [3933706386.0, [3786.0, 2666607, 85328676, 86895, 77870628, 1216827]] [303848734.375, [12.65625, 195230, 6247200, 13150, 6247200, 104020]] [5078471458.75, [1270.8125, 3327942, 106002464, 38734, 103509152, 1641658]] [932080348.0, [183.0, 1087878, 34713648, 570566, 7767792, 121433]] [298169476973.4001, [629.5500000000001, 191813655, 6138012243, 5340891, 6137123727, 95892711]] [1389988347.5, [74.125, 1027510, 32839552, 169886, 25506688, 398587]]
Arch_Param: [32, 1024, 32768, 8, 1024, 16]
Samsung_cost: [45260983306.77778, [400883.02777777775, 12834849, 820923384, 6444065, 817876152, 204916065]] [35272971342.0, [309231.0, 9891951, 633078564, 4912239, 631702308, 170265711]] [2950939600.0, [26090.0, 834580, 53412640, 417300, 53412640, 13352980]] [48135977312.0, [425444.0, 13613608, 871270432, 6806824, 871270432, 217817128]] [3625717308.0, [32050.0, 1025414, 65626160, 512710, 65626160, 16406534]] [2712687967218.0, [23974926.0, 767192703, 49100323923, 383602047, 49099264851, 12275812827]] [84872558898.0, [752720.0, 24086587, 1541541568, 12112955, 1533185728, 383164987]]
Model_cost: [15056017240.676666, [961.5241666666667, 10460257, 668963704, 10456673, 49400505, 771938]] [3928373394.0, [3786.0, 1333359, 85328676, 86895, 77870628, 1216827]] [303483674.375, [12.65625, 104020, 6247200, 13140, 6247200, 104020]] [5071881494.75, [1270.8125, 1680616, 106002464, 38704, 103509152, 1641658]] [929372124.0, [183.0, 545990, 34713648, 545990, 7767792, 121433]] [297785851517.4001, [629.5500000000001, 95907291, 6138012243, 5340891, 6137123727, 95892711]] [1387800317.5, [74.125, 515323, 32839552, 163555, 25506688, 398587]]
Arch_Param: [32, 1024, 32768, 16, 256, 16]
Samsung_cost: [22804202229.444443, [201309.69444444444, 25765441, 412206072, 3236929, 410504376, 103073121]] [35391673422.0, [309231.0, 39567471, 633078564, 4912239, 631702308, 170265711]] [2960955100.0, [26090.0, 3338290, 53412640, 417330, 53412640, 13352980]] [48299342468.0, [425444.0, 54454402, 871270432, 6806914, 871270432, 217817128]] [3504735636.0, [30876.0, 3951366, 63221808, 493926, 63221808, 15805446]] [2721894277746.0, [23974926.0, 3068770335, 49100323923, 383602047, 49099264851, 12275812827]] [84226904364.0, [743120.0, 95117548, 1521880768, 11924716, 1517981376, 379363899]]
Model_cost: [8800620303.713333, [526.9183333333333, 22447809, 359126200, 5611905, 49400505, 771938]] [3944372370.0, [3786.0, 5333103, 85328676, 86895, 77870628, 1216827]] [304630054.375, [12.65625, 390450, 6247200, 13170, 6247200, 104020]] [5091702586.75, [1270.8125, 6635394, 106002464, 38794, 103509152, 1641658]] [579198204.0, [95.0, 1085830, 17356848, 309862, 7767792, 121433]] [298936727885.4001, [629.5500000000001, 383626383, 6138012243, 5340891, 6137123727, 95892711]] [1305178253.5, [56.625, 1783660, 28517760, 106324, 25506688, 398587]]
Arch_Param: [32, 1024, 32768, 16, 512, 16]
Samsung_cost: [22752671747.444443, [201309.69444444444, 12882980, 412206072, 3236900, 410504376, 103073121]] [35312538702.0, [309231.0, 19783791, 633078564, 4912239, 631702308, 170265711]] [2954278100.0, [26090.0, 1669150, 53412640, 417310, 53412640, 13352980]] [48190432364.0, [425444.0, 27227206, 871270432, 6806854, 871270432, 217817128]] [3496832916.0, [30876.0, 1975686, 63221808, 493926, 63221808, 15805446]] [2715756737394.0, [23974926.0, 1534385247, 49100323923, 383602047, 49099264851, 12275812827]] [84036666672.0, [743120.0, 47558774, 1521880768, 11924598, 1517981376, 379363899]]
Model_cost: [8755725085.713333, [526.9183333333333, 11224164, 359126200, 5611876, 49400505, 771938]] [3933706386.0, [3786.0, 2666607, 85328676, 86895, 77870628, 1216827]] [303848734.375, [12.65625, 195230, 6247200, 13150, 6247200, 104020]] [5078471458.75, [1270.8125, 3327942, 106002464, 38734, 103509152, 1641658]] [576489980.0, [95.0, 543942, 17356848, 285286, 7767792, 121433]] [298169476973.4001, [629.5500000000001, 191813655, 6138012243, 5340891, 6137123727, 95892711]] [1301432337.5, [56.625, 891830, 28517760, 98206, 25506688, 398587]]
Arch_Param: [32, 1024, 32768, 16, 1024, 16]
Samsung_cost: [22726920117.444443, [201309.69444444444, 6445089, 412206072, 3236897, 410504376, 103073121]] [35272971342.0, [309231.0, 9891951, 633078564, 4912239, 631702308, 170265711]] [2950939600.0, [26090.0, 834580, 53412640, 417300, 53412640, 13352980]] [48135977312.0, [425444.0, 13613608, 871270432, 6806824, 871270432, 217817128]] [3492881556.0, [30876.0, 987846, 63221808, 493926, 63221808, 15805446]] [2712687967218.0, [23974926.0, 767192703, 49100323923, 383602047, 49099264851, 12275812827]] [83941547826.0, [743120.0, 23779387, 1521880768, 11924539, 1517981376, 379363899]]
Model_cost: [8733290191.713333, [526.9183333333333, 5615457, 359126200, 5611873, 49400505, 771938]] [3928373394.0, [3786.0, 1333359, 85328676, 86895, 77870628, 1216827]] [303483674.375, [12.65625, 104020, 6247200, 13140, 6247200, 104020]] [5071881494.75, [1270.8125, 1680616, 106002464, 38704, 103509152, 1641658]] [575135868.0, [95.0, 272998, 17356848, 272998, 7767792, 121433]] [297785851517.4001, [629.5500000000001, 95907291, 6138012243, 5340891, 6137123727, 95892711]] [1299580179.5, [56.625, 446715, 28517760, 94947, 25506688, 398587]]
Arch_Param: [32, 1024, 32768, 32, 256, 16]
Samsung_cost: [22255822154.77778, [196211.02777777778, 25112129, 401768440, 3146817, 400936120, 100681057]] [35391673422.0, [309231.0, 39567471, 633078564, 4912239, 631702308, 170265711]] [2960955100.0, [26090.0, 3338290, 53412640, 417330, 53412640, 13352980]] [48299342468.0, [425444.0, 54454402, 871270432, 6806914, 871270432, 217817128]] [3467156544.0, [30545.0, 3908998, 62543920, 488630, 62543920, 15635974]] [2721894277746.0, [23974926.0, 3068770335, 49100323923, 383602047, 49099264851, 12275812827]] [84110647596.0, [742096.0, 94986476, 1519783616, 11908332, 1515884224, 378839611]]
Model_cost: [5611369811.293333, [309.9033333333333, 12767937, 204263608, 3190401, 49400505, 771938]] [3944372370.0, [3786.0, 5333103, 85328676, 86895, 77870628, 1216827]] [304630054.375, [12.65625, 390450, 6247200, 13170, 6247200, 104020]] [5091702586.75, [1270.8125, 6635394, 106002464, 38794, 103509152, 1641658]] [397508876.0, [51.0, 542918, 8678448, 39478, 7767792, 121433]] [298936727885.4001, [629.5500000000001, 383626383, 6138012243, 5340891, 6137123727, 95892711]] [1260175512.5, [47.875, 1647980, 26356864, 49876, 25506688, 398587]]
Arch_Param: [32, 1024, 32768, 32, 512, 16]
Samsung_cost: [22205598296.77778, [196211.02777777778, 12556324, 401768440, 3146788, 400936120, 100681057]] [35312538702.0, [309231.0, 19783791, 633078564, 4912239, 631702308, 170265711]] [2954278100.0, [26090.0, 1669150, 53412640, 417310, 53412640, 13352980]] [48190432364.0, [425444.0, 27227206, 871270432, 6806854, 871270432, 217817128]] [3459338560.0, [30545.0, 1954502, 62543920, 488630, 62543920, 15635974]] [2715756737394.0, [23974926.0, 1534385247, 49100323923, 383602047, 49099264851, 12275812827]] [83920672048.0, [742096.0, 47493238, 1519783616, 11908214, 1515884224, 378839611]]
Model_cost: [5585834337.293333, [309.9033333333333, 6384228, 204263608, 3190372, 49400505, 771938]] [3933706386.0, [3786.0, 2666607, 85328676, 86895, 77870628, 1216827]] [303848734.375, [12.65625, 195230, 6247200, 13150, 6247200, 104020]] [5078471458.75, [1270.8125, 3327942, 106002464, 38734, 103509152, 1641658]] [396154764.0, [51.0, 271974, 8678448, 27190, 7767792, 121433]] [298169476973.4001, [629.5500000000001, 191813655, 6138012243, 5340891, 6137123727, 95892711]] [1256785436.5, [47.875, 823990, 26356864, 45598, 25506688, 398587]]
Arch_Param: [32, 1024, 32768, 32, 1024, 16]
Samsung_cost: [22180493834.77778, [196211.02777777778, 6280225, 401768440, 3146785, 400936120, 100681057]] [35272971342.0, [309231.0, 9891951, 633078564, 4912239, 631702308, 170265711]] [2950939600.0, [26090.0, 834580, 53412640, 417300, 53412640, 13352980]] [48135977312.0, [425444.0, 13613608, 871270432, 6806824, 871270432, 217817128]] [3455429568.0, [30545.0, 977254, 62543920, 488630, 62543920, 15635974]] [2712687967218.0, [23974926.0, 767192703, 49100323923, 383602047, 49099264851, 12275812827]] [83825684274.0, [742096.0, 23746619, 1519783616, 11908155, 1515884224, 378839611]]
Model_cost: [5573073171.293333, [309.9033333333333, 3193953, 204263608, 3190369, 49400505, 771938]] [3928373394.0, [3786.0, 1333359, 85328676, 86895, 77870628, 1216827]] [303483674.375, [12.65625, 104020, 6247200, 13140, 6247200, 104020]] [5071881494.75, [1270.8125, 1680616, 106002464, 38704, 103509152, 1641658]] [395477708.0, [51.0, 136502, 8678448, 21046, 7767792, 121433]] [297785851517.4001, [629.5500000000001, 95907291, 6138012243, 5340891, 6137123727, 95892711]] [1255101214.5, [47.875, 412411, 26356864, 43875, 25506688, 398587]]
Arch_Param: [32, 1024, 16384, 4, 256, 16]
Samsung_cost: [90658678048.0, [1600113.5, 102405697, 1638358008, 12858433, 1632619704, 408601953]] [35400328782.0, [618351.0, 39567471, 633078564, 4912239, 631702308, 170265711]] [2961685340.0, [52170.0, 3338290, 53412640, 417330, 53412640, 13352980]] [48311254340.0, [850868.0, 54454402, 871270432, 6806914, 871270432, 217817128]] [3905558316.0, [68790.0, 4402182, 70434864, 550278, 70434864, 17608710]] [2722565571222.0, [47949693.0, 3068770335, 49100323923, 383602047, 49099264851, 12275812827]] [87052610092.0, [1543824.0, 98803948, 1580863168, 12489964, 1563594432, 390767163]]
Model_cost: [27948598559.62162, [3631.4864864864867, 80564801, 1288904952, 20150465, 49400505, 771938]] [5581126062.0, [7899.0, 10223727, 163578660, 2450031, 77873700, 1216875]] [304630128.75, [15.3125, 390450, 6247200, 13170, 6247200, 104020]] [5091737329.5, [2511.625, 6635394, 106002464, 38794, 103509152, 1641658]] [1654103836.0, [711.0, 4343302, 69427248, 1239430, 7767792, 121433]] [427321530219.5999, [1465.2000000000003, 767215743, 12275433555, 191792151, 6137126091, 95892759]] [1702391790.0, [215.5, 2983404, 47652928, 547540, 25506688, 398587]]
Arch_Param: [32, 1024, 16384, 4, 512, 16]
Samsung_cost: [90453867054.0, [1600113.5, 51203108, 1638358008, 12858404, 1632619704, 408601953]] [35321194062.0, [618351.0, 19783791, 633078564, 4912239, 631702308, 170265711]] [2955008340.0, [52170.0, 1669150, 53412640, 417310, 53412640, 13352980]] [48202344236.0, [850868.0, 27227206, 871270432, 6806854, 871270432, 217817128]] [3896753964.0, [68790.0, 2201094, 70434864, 550278, 70434864, 17608710]] [2716428030870.0, [47949693.0, 1534385247, 49100323923, 383602047, 49099264851, 12275812827]] [86854999600.0, [1543824.0, 49401974, 1580863168, 12489846, 1563594432, 390767163]]
Model_cost: [27787469357.62162, [3631.4864864864867, 40282660, 1288904952, 20150436, 49400505, 771938]] [5560678830.0, [7899.0, 5111919, 163578660, 2450031, 77873700, 1216875]] [303848808.75, [15.3125, 195230, 6247200, 13150, 6247200, 104020]] [5078506201.5, [2511.625, 3327942, 106002464, 38734, 103509152, 1641658]] [1643270940.0, [711.0, 2175750, 69427248, 1141126, 7767792, 121433]] [425787102123.5999, [1465.2000000000003, 383608719, 12275433555, 191792151, 6137126091, 95892759]] [1695732466.0, [215.5, 1491702, 47652928, 516062, 25506688, 398587]]
Arch_Param: [32, 1024, 16384, 4, 1024, 16]
Samsung_cost: [90351512032.0, [1600113.5, 25614369, 1638358008, 12858401, 1632619704, 408601953]] [35281626702.0, [618351.0, 9891951, 633078564, 4912239, 631702308, 170265711]] [2951669840.0, [52170.0, 834580, 53412640, 417300, 53412640, 13352980]] [48147889184.0, [850868.0, 13613608, 871270432, 6806824, 871270432, 217817128]] [3892351788.0, [68790.0, 1100550, 70434864, 550278, 70434864, 17608710]] [2713359260694.0, [47949693.0, 767192703, 49100323923, 383602047, 49099264851, 12275812827]] [86756194354.0, [1543824.0, 24700987, 1580863168, 12489787, 1563594432, 390767163]]
Model_cost: [27706954719.62162, [3631.4864864864867, 20154017, 1288904952, 20150433, 49400505, 771938]] [5550455214.0, [7899.0, 2556015, 163578660, 2450031, 77873700, 1216875]] [303483748.75, [15.3125, 104020, 6247200, 13140, 6247200, 104020]] [5071916237.5, [2511.625, 1680616, 106002464, 38704, 103509152, 1641658]] [1637854492.0, [711.0, 1091974, 69427248, 1091974, 7767792, 121433]] [425019888075.5999, [1465.2000000000003, 191805207, 12275433555, 191792151, 6137126091, 95892759]] [1692484340.0, [215.5, 748987, 47652928, 503459, 25506688, 398587]]
Arch_Param: [32, 1024, 16384, 8, 256, 16]
Samsung_cost: [45426118432.0, [801777.5, 51312193, 820923384, 6444097, 817876152, 204916065]] [35400328782.0, [618351.0, 39567471, 633078564, 4912239, 631702308, 170265711]] [2961685340.0, [52170.0, 3338290, 53412640, 417330, 53412640, 13352980]] [48311254340.0, [850868.0, 54454402, 871270432, 6806914, 871270432, 217817128]] [3638919436.0, [64094.0, 4101638, 65626160, 512710, 65626160, 16406534]] [2722565571222.0, [47949693.0, 3068770335, 49100323923, 383602047, 49099264851, 12275812827]] [85182677548.0, [1505424.0, 96346348, 1541541568, 12113132, 1533185728, 383164987]]
Model_cost: [15181461289.31081, [1890.1182432432433, 41814593, 668963704, 10456705, 49400505, 771938]] [3944475270.0, [7461.0, 5333103, 85328676, 86895, 77870628, 1216827]] [304630128.75, [15.3125, 390450, 6247200, 13170, 6247200, 104020]] [5091737329.5, [2511.625, 6635394, 106002464, 38794, 103509152, 1641658]] [937501724.0, [359.0, 2171654, 34713648, 619718, 7767792, 121433]] [298936741060.7999, [1100.1000000000001, 383626383, 6138012243, 5340891, 6137123727, 95892711]] [1394447571.0, [132.25, 2055020, 32839552, 185684, 25506688, 398587]]
Arch_Param: [32, 1024, 16384, 8, 512, 16]
Samsung_cost: [45323494446.0, [801777.5, 25656356, 820923384, 6444068, 817876152, 204916065]] [35321194062.0, [618351.0, 19783791, 633078564, 4912239, 631702308, 170265711]] [2955008340.0, [52170.0, 1669150, 53412640, 417310, 53412640, 13352980]] [48202344236.0, [850868.0, 27227206, 871270432, 6806854, 871270432, 217817128]] [3630716172.0, [64094.0, 2050822, 65626160, 512710, 65626160, 16406534]] [2716428030870.0, [47949693.0, 1534385247, 49100323923, 383602047, 49099264851, 12275812827]] [84989982256.0, [1505424.0, 48173174, 1541541568, 12113014, 1533185728, 383164987]]
Model_cost: [15097832503.31081, [1890.1182432432433, 20907556, 668963704, 10456676, 49400505, 771938]] [3933809286.0, [7461.0, 2666607, 85328676, 86895, 77870628, 1216827]] [303848808.75, [15.3125, 195230, 6247200, 13150, 6247200, 104020]] [5078506201.5, [2511.625, 3327942, 106002464, 38734, 103509152, 1641658]] [932085276.0, [359.0, 1087878, 34713648, 570566, 7767792, 121433]] [298169490148.7999, [1100.1000000000001, 191813655, 6138012243, 5340891, 6137123727, 95892711]] [1389989975.0, [132.25, 1027510, 32839552, 169886, 25506688, 398587]]
Arch_Param: [32, 1024, 16384, 8, 1024, 16]
Samsung_cost: [45272208352.0, [801777.5, 12834849, 820923384, 6444065, 817876152, 204916065]] [35281626702.0, [618351.0, 9891951, 633078564, 4912239, 631702308, 170265711]] [2951669840.0, [52170.0, 834580, 53412640, 417300, 53412640, 13352980]] [48147889184.0, [850868.0, 13613608, 871270432, 6806824, 871270432, 217817128]] [3626614540.0, [64094.0, 1025414, 65626160, 512710, 65626160, 16406534]] [2713359260694.0, [47949693.0, 767192703, 49100323923, 383602047, 49099264851, 12275812827]] [84893634610.0, [1505424.0, 24086587, 1541541568, 12112955, 1533185728, 383164987]]
Model_cost: [15056043241.31081, [1890.1182432432433, 10460257, 668963704, 10456673, 49400505, 771938]] [3928476294.0, [7461.0, 1333359, 85328676, 86895, 77870628, 1216827]] [303483748.75, [15.3125, 104020, 6247200, 13140, 6247200, 104020]] [5071916237.5, [2511.625, 1680616, 106002464, 38704, 103509152, 1641658]] [929377052.0, [359.0, 545990, 34713648, 545990, 7767792, 121433]] [297785864692.7999, [1100.1000000000001, 95907291, 6138012243, 5340891, 6137123727, 95892711]] [1387801945.0, [132.25, 515323, 32839552, 163555, 25506688, 398587]]
Arch_Param: [32, 1024, 16384, 16, 256, 16]
Samsung_cost: [22809838624.0, [402609.5, 25765441, 412206072, 3236929, 410504376, 103073121]] [35400328782.0, [618351.0, 39567471, 633078564, 4912239, 631702308, 170265711]] [2961685340.0, [52170.0, 3338290, 53412640, 417330, 53412640, 13352980]] [48311254340.0, [850868.0, 54454402, 871270432, 6806914, 871270432, 217817128]] [3505599996.0, [61746.0, 3951366, 63221808, 493926, 63221808, 15805446]] [2722565571222.0, [47949693.0, 3068770335, 49100323923, 383602047, 49099264851, 12275812827]] [84247711276.0, [1486224.0, 95117548, 1521880768, 11924716, 1517981376, 379363899]]
Model_cost: [8800634134.405405, [1020.8716216216217, 22447809, 359126200, 5611905, 49400505, 771938]] [3944475270.0, [7461.0, 5333103, 85328676, 86895, 77870628, 1216827]] [304630128.75, [15.3125, 390450, 6247200, 13170, 6247200, 104020]] [5091737329.5, [2511.625, 6635394, 106002464, 38794, 103509152, 1641658]] [579200668.0, [183.0, 1085830, 17356848, 309862, 7767792, 121433]] [298936741060.7999, [1100.1000000000001, 383626383, 6138012243, 5340891, 6137123727, 95892711]] [1305179391.0, [97.25, 1783660, 28517760, 106324, 25506688, 398587]]
Arch_Param: [32, 1024, 16384, 16, 512, 16]
Samsung_cost: [22758308142.0, [402609.5, 12882980, 412206072, 3236900, 410504376, 103073121]] [35321194062.0, [618351.0, 19783791, 633078564, 4912239, 631702308, 170265711]] [2955008340.0, [52170.0, 1669150, 53412640, 417310, 53412640, 13352980]] [48202344236.0, [850868.0, 27227206, 871270432, 6806854, 871270432, 217817128]] [3497697276.0, [61746.0, 1975686, 63221808, 493926, 63221808, 15805446]] [2716428030870.0, [47949693.0, 1534385247, 49100323923, 383602047, 49099264851, 12275812827]] [84057473584.0, [1486224.0, 47558774, 1521880768, 11924598, 1517981376, 379363899]]
Model_cost: [8755738916.405405, [1020.8716216216217, 11224164, 359126200, 5611876, 49400505, 771938]] [3933809286.0, [7461.0, 2666607, 85328676, 86895, 77870628, 1216827]] [303848808.75, [15.3125, 195230, 6247200, 13150, 6247200, 104020]] [5078506201.5, [2511.625, 3327942, 106002464, 38734, 103509152, 1641658]] [576492444.0, [183.0, 543942, 17356848, 285286, 7767792, 121433]] [298169490148.7999, [1100.1000000000001, 191813655, 6138012243, 5340891, 6137123727, 95892711]] [1301433475.0, [97.25, 891830, 28517760, 98206, 25506688, 398587]]
Arch_Param: [32, 1024, 16384, 16, 1024, 16]
Samsung_cost: [22732556512.0, [402609.5, 6445089, 412206072, 3236897, 410504376, 103073121]] [35281626702.0, [618351.0, 9891951, 633078564, 4912239, 631702308, 170265711]] [2951669840.0, [52170.0, 834580, 53412640, 417300, 53412640, 13352980]] [48147889184.0, [850868.0, 13613608, 871270432, 6806824, 871270432, 217817128]] [3493745916.0, [61746.0, 987846, 63221808, 493926, 63221808, 15805446]] [2713359260694.0, [47949693.0, 767192703, 49100323923, 383602047, 49099264851, 12275812827]] [83962354738.0, [1486224.0, 23779387, 1521880768, 11924539, 1517981376, 379363899]]
Model_cost: [8733304022.405405, [1020.8716216216217, 5615457, 359126200, 5611873, 49400505, 771938]] [3928476294.0, [7461.0, 1333359, 85328676, 86895, 77870628, 1216827]] [303483748.75, [15.3125, 104020, 6247200, 13140, 6247200, 104020]] [5071916237.5, [2511.625, 1680616, 106002464, 38704, 103509152, 1641658]] [575138332.0, [183.0, 272998, 17356848, 272998, 7767792, 121433]] [297785864692.7999, [1100.1000000000001, 95907291, 6138012243, 5340891, 6137123727, 95892711]] [1299581317.0, [97.25, 446715, 28517760, 94947, 25506688, 398587]]
Arch_Param: [32, 1024, 16384, 32, 256, 16]
Samsung_cost: [22261315488.0, [392401.5, 25112129, 401768440, 3146817, 400936120, 100681057]] [35400328782.0, [618351.0, 39567471, 633078564, 4912239, 631702308, 170265711]] [2961685340.0, [52170.0, 3338290, 53412640, 417330, 53412640, 13352980]] [48311254340.0, [850868.0, 54454402, 871270432, 6806914, 871270432, 217817128]] [3468011636.0, [61084.0, 3908998, 62543920, 488630, 62543920, 15635974]] [2722565571222.0, [47949693.0, 3068770335, 49100323923, 383602047, 49099264851, 12275812827]] [84131425836.0, [1484176.0, 94986476, 1519783616, 11908332, 1515884224, 378839611]]
Model_cost: [5611377565.081081, [586.8243243243244, 12767937, 204263608, 3190401, 49400505, 771938]] [3944475270.0, [7461.0, 5333103, 85328676, 86895, 77870628, 1216827]] [304630128.75, [15.3125, 390450, 6247200, 13170, 6247200, 104020]] [5091737329.5, [2511.625, 6635394, 106002464, 38794, 103509152, 1641658]] [397510108.0, [95.0, 542918, 8678448, 39478, 7767792, 121433]] [298936741060.7999, [1100.1000000000001, 383626383, 6138012243, 5340891, 6137123727, 95892711]] [1260176405.0, [79.75, 1647980, 26356864, 49876, 25506688, 398587]]
Arch_Param: [32, 1024, 16384, 32, 512, 16]
Samsung_cost: [22211091630.0, [392401.5, 12556324, 401768440, 3146788, 400936120, 100681057]] [35321194062.0, [618351.0, 19783791, 633078564, 4912239, 631702308, 170265711]] [2955008340.0, [52170.0, 1669150, 53412640, 417310, 53412640, 13352980]] [48202344236.0, [850868.0, 27227206, 871270432, 6806854, 871270432, 217817128]] [3460193652.0, [61084.0, 1954502, 62543920, 488630, 62543920, 15635974]] [2716428030870.0, [47949693.0, 1534385247, 49100323923, 383602047, 49099264851, 12275812827]] [83941450288.0, [1484176.0, 47493238, 1519783616, 11908214, 1515884224, 378839611]]
Model_cost: [5585842091.081081, [586.8243243243244, 6384228, 204263608, 3190372, 49400505, 771938]] [3933809286.0, [7461.0, 2666607, 85328676, 86895, 77870628, 1216827]] [303848808.75, [15.3125, 195230, 6247200, 13150, 6247200, 104020]] [5078506201.5, [2511.625, 3327942, 106002464, 38734, 103509152, 1641658]] [396155996.0, [95.0, 271974, 8678448, 27190, 7767792, 121433]] [298169490148.7999, [1100.1000000000001, 191813655, 6138012243, 5340891, 6137123727, 95892711]] [1256786329.0, [79.75, 823990, 26356864, 45598, 25506688, 398587]]
Arch_Param: [32, 1024, 16384, 32, 1024, 16]
Samsung_cost: [22185987168.0, [392401.5, 6280225, 401768440, 3146785, 400936120, 100681057]] [35281626702.0, [618351.0, 9891951, 633078564, 4912239, 631702308, 170265711]] [2951669840.0, [52170.0, 834580, 53412640, 417300, 53412640, 13352980]] [48147889184.0, [850868.0, 13613608, 871270432, 6806824, 871270432, 217817128]] [3456284660.0, [61084.0, 977254, 62543920, 488630, 62543920, 15635974]] [2713359260694.0, [47949693.0, 767192703, 49100323923, 383602047, 49099264851, 12275812827]] [83846462514.0, [1484176.0, 23746619, 1519783616, 11908155, 1515884224, 378839611]]
Model_cost: [5573080925.081081, [586.8243243243244, 3193953, 204263608, 3190369, 49400505, 771938]] [3928476294.0, [7461.0, 1333359, 85328676, 86895, 77870628, 1216827]] [303483748.75, [15.3125, 104020, 6247200, 13140, 6247200, 104020]] [5071916237.5, [2511.625, 1680616, 106002464, 38704, 103509152, 1641658]] [395478940.0, [95.0, 136502, 8678448, 21046, 7767792, 121433]] [297785864692.7999, [1100.1000000000001, 95907291, 6138012243, 5340891, 6137123727, 95892711]] [1255102107.0, [79.75, 412411, 26356864, 43875, 25506688, 398587]]
Arch_Param: [32, 1024, 8192, 4, 256, 16]
Samsung_cost: [90703480302.0, [3200194.0, 102405697, 1638358008, 12858433, 1632619704, 408601953]] [35417639502.0, [1236591.0, 39567471, 633078564, 4912239, 631702308, 170265711]] [2963145820, [104330, 3338290, 53412640, 417330, 53412640, 13352980]] [48335078084, [1701716, 54454402, 871270432, 6806914, 871270432, 217817128]] [3907484268, [137574, 4402182, 70434864, 550278, 70434864, 17608710]] [2723908158174.0, [95899227.0, 3068770335, 49100323923, 383602047, 49099264851, 12275812827]] [87095836716.0, [3087632.0, 98803948, 1580863168, 12489964, 1563594432, 390767163]]
Model_cost: [27948699318.0, [7230.0, 80564801, 1288904952, 20150465, 49400505, 771938]] [5581344126.0, [15687.0, 10223727, 163578660, 2450031, 77873700, 1216875]] [304630277.5, [20.625, 390450, 6247200, 13170, 6247200, 104020]] [5091807095.0, [5003.25, 6635394, 106002464, 38794, 103509152, 1641658]] [1654123576.0, [1416.0, 4343302, 69427248, 1239430, 7767792, 121433]] [427321571094.0, [2925.0, 767215743, 12275433555, 191792151, 6137126091, 95892759]] [1702397348.0, [414.0, 2983404, 47652928, 547540, 25506688, 398587]]
Arch_Param: [32, 1024, 8192, 4, 512, 16]
Samsung_cost: [90498669308.0, [3200194.0, 51203108, 1638358008, 12858404, 1632619704, 408601953]] [35338504782.0, [1236591.0, 19783791, 633078564, 4912239, 631702308, 170265711]] [2956468820, [104330, 1669150, 53412640, 417310, 53412640, 13352980]] [48226167980, [1701716, 27227206, 871270432, 6806854, 871270432, 217817128]] [3898679916, [137574, 2201094, 70434864, 550278, 70434864, 17608710]] [2717770617822.0, [95899227.0, 1534385247, 49100323923, 383602047, 49099264851, 12275812827]] [86898226224.0, [3087632.0, 49401974, 1580863168, 12489846, 1563594432, 390767163]]
Model_cost: [27787570116.0, [7230.0, 40282660, 1288904952, 20150436, 49400505, 771938]] [5560896894.0, [15687.0, 5111919, 163578660, 2450031, 77873700, 1216875]] [303848957.5, [20.625, 195230, 6247200, 13150, 6247200, 104020]] [5078575967.0, [5003.25, 3327942, 106002464, 38734, 103509152, 1641658]] [1643290680.0, [1416.0, 2175750, 69427248, 1141126, 7767792, 121433]] [425787142998.0, [2925.0, 383608719, 12275433555, 191792151, 6137126091, 95892759]] [1695738024.0, [414.0, 1491702, 47652928, 516062, 25506688, 398587]]
Arch_Param: [32, 1024, 8192, 4, 1024, 16]
Samsung_cost: [90396314286.0, [3200194.0, 25614369, 1638358008, 12858401, 1632619704, 408601953]] [35298937422.0, [1236591.0, 9891951, 633078564, 4912239, 631702308, 170265711]] [2953130320, [104330, 834580, 53412640, 417300, 53412640, 13352980]] [48171712928, [1701716, 13613608, 871270432, 6806824, 871270432, 217817128]] [3894277740, [137574, 1100550, 70434864, 550278, 70434864, 17608710]] [2714701847646.0, [95899227.0, 767192703, 49100323923, 383602047, 49099264851, 12275812827]] [86799420978.0, [3087632.0, 24700987, 1580863168, 12489787, 1563594432, 390767163]]
Model_cost: [27707055478.0, [7230.0, 20154017, 1288904952, 20150433, 49400505, 771938]] [5550673278.0, [15687.0, 2556015, 163578660, 2450031, 77873700, 1216875]] [303483897.5, [20.625, 104020, 6247200, 13140, 6247200, 104020]] [5071986003.0, [5003.25, 1680616, 106002464, 38704, 103509152, 1641658]] [1637874232.0, [1416.0, 1091974, 69427248, 1091974, 7767792, 121433]] [425019928950.0, [2925.0, 191805207, 12275433555, 191792151, 6137126091, 95892759]] [1692489898.0, [414.0, 748987, 47652928, 503459, 25506688, 398587]]
Arch_Param: [32, 1024, 8192, 8, 256, 16]
Samsung_cost: [45448567278.0, [1603522.0, 51312193, 820923384, 6444097, 817876152, 204916065]] [35417639502.0, [1236591.0, 39567471, 633078564, 4912239, 631702308, 170265711]] [2963145820, [104330, 3338290, 53412640, 417330, 53412640, 13352980]] [48335078084, [1701716, 54454402, 871270432, 6806914, 871270432, 217817128]] [3640713900, [128182, 4101638, 65626160, 512710, 65626160, 16406534]] [2723908158174.0, [95899227.0, 3068770335, 49100323923, 383602047, 49099264851, 12275812827]] [85224828972.0, [3010832.0, 96346348, 1541541568, 12113132, 1533185728, 383164987]]
Model_cost: [15181513296.777779, [3747.527777777778, 41814593, 668963704, 10456705, 49400505, 771938]] [3944681070.0, [14811.0, 5333103, 85328676, 86895, 77870628, 1216827]] [304630277.5, [20.625, 390450, 6247200, 13170, 6247200, 104020]] [5091807095.0, [5003.25, 6635394, 106002464, 38794, 103509152, 1641658]] [937511580.0, [711.0, 2171654, 34713648, 619718, 7767792, 121433]] [298936769562.0, [2118.0, 383626383, 6138012243, 5340891, 6137123727, 95892711]] [1394450798.0, [247.5, 2055020, 32839552, 185684, 25506688, 398587]]
Arch_Param: [32, 1024, 8192, 8, 512, 16]
Samsung_cost: [45345943292.0, [1603522.0, 25656356, 820923384, 6444068, 817876152, 204916065]] [35338504782.0, [1236591.0, 19783791, 633078564, 4912239, 631702308, 170265711]] [2956468820, [104330, 1669150, 53412640, 417310, 53412640, 13352980]] [48226167980, [1701716, 27227206, 871270432, 6806854, 871270432, 217817128]] [3632510636, [128182, 2050822, 65626160, 512710, 65626160, 16406534]] [2717770617822.0, [95899227.0, 1534385247, 49100323923, 383602047, 49099264851, 12275812827]] [85032133680.0, [3010832.0, 48173174, 1541541568, 12113014, 1533185728, 383164987]]
Model_cost: [15097884510.777779, [3747.527777777778, 20907556, 668963704, 10456676, 49400505, 771938]] [3934015086.0, [14811.0, 2666607, 85328676, 86895, 77870628, 1216827]] [303848957.5, [20.625, 195230, 6247200, 13150, 6247200, 104020]] [5078575967.0, [5003.25, 3327942, 106002464, 38734, 103509152, 1641658]] [932095132.0, [711.0, 1087878, 34713648, 570566, 7767792, 121433]] [298169518650.0, [2118.0, 191813655, 6138012243, 5340891, 6137123727, 95892711]] [1389993202.0, [247.5, 1027510, 32839552, 169886, 25506688, 398587]]
Arch_Param: [32, 1024, 8192, 8, 1024, 16]
Samsung_cost: [45294657198.0, [1603522.0, 12834849, 820923384, 6444065, 817876152, 204916065]] [35298937422.0, [1236591.0, 9891951, 633078564, 4912239, 631702308, 170265711]] [2953130320, [104330, 834580, 53412640, 417300, 53412640, 13352980]] [48171712928, [1701716, 13613608, 871270432, 6806824, 871270432, 217817128]] [3628409004, [128182, 1025414, 65626160, 512710, 65626160, 16406534]] [2714701847646.0, [95899227.0, 767192703, 49100323923, 383602047, 49099264851, 12275812827]] [84935786034.0, [3010832.0, 24086587, 1541541568, 12112955, 1533185728, 383164987]]
Model_cost: [15056095248.777779, [3747.527777777778, 10460257, 668963704, 10456673, 49400505, 771938]] [3928682094.0, [14811.0, 1333359, 85328676, 86895, 77870628, 1216827]] [303483897.5, [20.625, 104020, 6247200, 13140, 6247200, 104020]] [5071986003.0, [5003.25, 1680616, 106002464, 38704, 103509152, 1641658]] [929386908.0, [711.0, 545990, 34713648, 545990, 7767792, 121433]] [297785893194.0, [2118.0, 95907291, 6138012243, 5340891, 6137123727, 95892711]] [1387805172.0, [247.5, 515323, 32839552, 163555, 25506688, 398587]]
Arch_Param: [32, 1024, 8192, 16, 256, 16]
Samsung_cost: [22821110766.0, [805186.0, 25765441, 412206072, 3236929, 410504376, 103073121]] [35417639502.0, [1236591.0, 39567471, 633078564, 4912239, 631702308, 170265711]] [2963145820, [104330, 3338290, 53412640, 417330, 53412640, 13352980]] [48335078084, [1701716, 54454402, 871270432, 6806914, 871270432, 217817128]] [3507328716, [123486, 3951366, 63221808, 493926, 63221808, 15805446]] [2723908158174.0, [95899227.0, 3068770335, 49100323923, 383602047, 49099264851, 12275812827]] [84289325100.0, [2972432.0, 95117548, 1521880768, 11924716, 1517981376, 379363899]]
Model_cost: [8800661798.88889, [2008.888888888889, 22447809, 359126200, 5611905, 49400505, 771938]] [3944681070.0, [14811.0, 5333103, 85328676, 86895, 77870628, 1216827]] [304630277.5, [20.625, 390450, 6247200, 13170, 6247200, 104020]] [5091807095.0, [5003.25, 6635394, 106002464, 38794, 103509152, 1641658]] [579205596.0, [359.0, 1085830, 17356848, 309862, 7767792, 121433]] [298936769562.0, [2118.0, 383626383, 6138012243, 5340891, 6137123727, 95892711]] [1305181666.0, [178.5, 1783660, 28517760, 106324, 25506688, 398587]]
Arch_Param: [32, 1024, 8192, 16, 512, 16]
Samsung_cost: [22769580284.0, [805186.0, 12882980, 412206072, 3236900, 410504376, 103073121]] [35338504782.0, [1236591.0, 19783791, 633078564, 4912239, 631702308, 170265711]] [2956468820, [104330, 1669150, 53412640, 417310, 53412640, 13352980]] [48226167980, [1701716, 27227206, 871270432, 6806854, 871270432, 217817128]] [3499425996, [123486, 1975686, 63221808, 493926, 63221808, 15805446]] [2717770617822.0, [95899227.0, 1534385247, 49100323923, 383602047, 49099264851, 12275812827]] [84099087408.0, [2972432.0, 47558774, 1521880768, 11924598, 1517981376, 379363899]]
Model_cost: [8755766580.88889, [2008.888888888889, 11224164, 359126200, 5611876, 49400505, 771938]] [3934015086.0, [14811.0, 2666607, 85328676, 86895, 77870628, 1216827]] [303848957.5, [20.625, 195230, 6247200, 13150, 6247200, 104020]] [5078575967.0, [5003.25, 3327942, 106002464, 38734, 103509152, 1641658]] [576497372.0, [359.0, 543942, 17356848, 285286, 7767792, 121433]] [298169518650.0, [2118.0, 191813655, 6138012243, 5340891, 6137123727, 95892711]] [1301435750.0, [178.5, 891830, 28517760, 98206, 25506688, 398587]]
Arch_Param: [32, 1024, 8192, 16, 1024, 16]
Samsung_cost: [22743828654.0, [805186.0, 6445089, 412206072, 3236897, 410504376, 103073121]] [35298937422.0, [1236591.0, 9891951, 633078564, 4912239, 631702308, 170265711]] [2953130320, [104330, 834580, 53412640, 417300, 53412640, 13352980]] [48171712928, [1701716, 13613608, 871270432, 6806824, 871270432, 217817128]] [3495474636, [123486, 987846, 63221808, 493926, 63221808, 15805446]] [2714701847646.0, [95899227.0, 767192703, 49100323923, 383602047, 49099264851, 12275812827]] [84003968562.0, [2972432.0, 23779387, 1521880768, 11924539, 1517981376, 379363899]]
Model_cost: [8733331686.88889, [2008.888888888889, 5615457, 359126200, 5611873, 49400505, 771938]] [3928682094.0, [14811.0, 1333359, 85328676, 86895, 77870628, 1216827]] [303483897.5, [20.625, 104020, 6247200, 13140, 6247200, 104020]] [5071986003.0, [5003.25, 1680616, 106002464, 38704, 103509152, 1641658]] [575143260.0, [359.0, 272998, 17356848, 272998, 7767792, 121433]] [297785893194.0, [2118.0, 95907291, 6138012243, 5340891, 6137123727, 95892711]] [1299583592.0, [178.5, 446715, 28517760, 94947, 25506688, 398587]]
Arch_Param: [32, 1024, 8192, 32, 256, 16]
Samsung_cost: [22272301806.0, [784770.0, 25112129, 401768440, 3146817, 400936120, 100681057]] [35417639502.0, [1236591.0, 39567471, 633078564, 4912239, 631702308, 170265711]] [2963145820, [104330, 3338290, 53412640, 417330, 53412640, 13352980]] [48335078084, [1701716, 54454402, 871270432, 6806914, 871270432, 217817128]] [3469721820, [122162, 3908998, 62543920, 488630, 62543920, 15635974]] [2723908158174.0, [95899227.0, 3068770335, 49100323923, 383602047, 49099264851, 12275812827]] [84172982316.0, [2968336.0, 94986476, 1519783616, 11908332, 1515884224, 378839611]]
Model_cost: [5611393074.222222, [1140.7222222222222, 12767937, 204263608, 3190401, 49400505, 771938]] [3944681070.0, [14811.0, 5333103, 85328676, 86895, 77870628, 1216827]] [304630277.5, [20.625, 390450, 6247200, 13170, 6247200, 104020]] [5091807095.0, [5003.25, 6635394, 106002464, 38794, 103509152, 1641658]] [397512572.0, [183.0, 542918, 8678448, 39478, 7767792, 121433]] [298936769562.0, [2118.0, 383626383, 6138012243, 5340891, 6137123727, 95892711]] [1260178190.0, [143.5, 1647980, 26356864, 49876, 25506688, 398587]]
Arch_Param: [32, 1024, 8192, 32, 512, 16]
Samsung_cost: [22222077948.0, [784770.0, 12556324, 401768440, 3146788, 400936120, 100681057]] [35338504782.0, [1236591.0, 19783791, 633078564, 4912239, 631702308, 170265711]] [2956468820, [104330, 1669150, 53412640, 417310, 53412640, 13352980]] [48226167980, [1701716, 27227206, 871270432, 6806854, 871270432, 217817128]] [3461903836, [122162, 1954502, 62543920, 488630, 62543920, 15635974]] [2717770617822.0, [95899227.0, 1534385247, 49100323923, 383602047, 49099264851, 12275812827]] [83983006768.0, [2968336.0, 47493238, 1519783616, 11908214, 1515884224, 378839611]]
Model_cost: [5585857600.222222, [1140.7222222222222, 6384228, 204263608, 3190372, 49400505, 771938]] [3934015086.0, [14811.0, 2666607, 85328676, 86895, 77870628, 1216827]] [303848957.5, [20.625, 195230, 6247200, 13150, 6247200, 104020]] [5078575967.0, [5003.25, 3327942, 106002464, 38734, 103509152, 1641658]] [396158460.0, [183.0, 271974, 8678448, 27190, 7767792, 121433]] [298169518650.0, [2118.0, 191813655, 6138012243, 5340891, 6137123727, 95892711]] [1256788114.0, [143.5, 823990, 26356864, 45598, 25506688, 398587]]
Arch_Param: [32, 1024, 8192, 32, 1024, 16]
Samsung_cost: [22196973486.0, [784770.0, 6280225, 401768440, 3146785, 400936120, 100681057]] [35298937422.0, [1236591.0, 9891951, 633078564, 4912239, 631702308, 170265711]] [2953130320, [104330, 834580, 53412640, 417300, 53412640, 13352980]] [48171712928, [1701716, 13613608, 871270432, 6806824, 871270432, 217817128]] [3457994844, [122162, 977254, 62543920, 488630, 62543920, 15635974]] [2714701847646.0, [95899227.0, 767192703, 49100323923, 383602047, 49099264851, 12275812827]] [83888018994.0, [2968336.0, 23746619, 1519783616, 11908155, 1515884224, 378839611]]
Model_cost: [5573096434.222222, [1140.7222222222222, 3193953, 204263608, 3190369, 49400505, 771938]] [3928682094.0, [14811.0, 1333359, 85328676, 86895, 77870628, 1216827]] [303483897.5, [20.625, 104020, 6247200, 13140, 6247200, 104020]] [5071986003.0, [5003.25, 1680616, 106002464, 38704, 103509152, 1641658]] [395481404.0, [183.0, 136502, 8678448, 21046, 7767792, 121433]] [297785893194.0, [2118.0, 95907291, 6138012243, 5340891, 6137123727, 95892711]] [1255103892.0, [143.5, 412411, 26356864, 43875, 25506688, 398587]]
Arch_Param: [32, 1024, 4096, 4, 256, 16]
Samsung_cost: [90793084810.0, [6400355.0, 102405697, 1638358008, 12858433, 1632619704, 408601953]] [35452260942.0, [2473071.0, 39567471, 633078564, 4912239, 631702308, 170265711]] [2966066780, [208650, 3338290, 53412640, 417330, 53412640, 13352980]] [48382725572, [3403412, 54454402, 871270432, 6806914, 871270432, 217817128]] [3911336172, [275142, 4402182, 70434864, 550278, 70434864, 17608710]] [2726593332078.0, [191798295.0, 3068770335, 49100323923, 383602047, 49099264851, 12275812827]] [87182290048, [6175251, 98803948, 1580863168, 12489964, 1563594432, 390767163]]
Model_cost: [27948900806.0, [14426.0, 80564801, 1288904952, 20150465, 49400505, 771938]] [5581780254.0, [31263.0, 10223727, 163578660, 2450031, 77873700, 1216875]] [304630575.0, [31.25, 390450, 6247200, 13170, 6247200, 104020]] [5091946346.0, [9976.5, 6635394, 106002464, 38794, 103509152, 1641658]] [1654163056.0, [2826.0, 4343302, 69427248, 1239430, 7767792, 121433]] [427321648542.0, [5691.0, 767215743, 12275433555, 191792151, 6137126091, 95892759]] [1702408548.0, [814.0, 2983404, 47652928, 547540, 25506688, 398587]]
Arch_Param: [32, 1024, 4096, 4, 512, 16]
Samsung_cost: [90588273816.0, [6400355.0, 51203108, 1638358008, 12858404, 1632619704, 408601953]] [35373126222.0, [2473071.0, 19783791, 633078564, 4912239, 631702308, 170265711]] [2959389780, [208650, 1669150, 53412640, 417310, 53412640, 13352980]] [48273815468, [3403412, 27227206, 871270432, 6806854, 871270432, 217817128]] [3902531820, [275142, 2201094, 70434864, 550278, 70434864, 17608710]] [2720455791726.0, [191798295.0, 1534385247, 49100323923, 383602047, 49099264851, 12275812827]] [86984679556, [6175251, 49401974, 1580863168, 12489846, 1563594432, 390767163]]
Model_cost: [27787771604.0, [14426.0, 40282660, 1288904952, 20150436, 49400505, 771938]] [5561333022.0, [31263.0, 5111919, 163578660, 2450031, 77873700, 1216875]] [303849255.0, [31.25, 195230, 6247200, 13150, 6247200, 104020]] [5078715218.0, [9976.5, 3327942, 106002464, 38734, 103509152, 1641658]] [1643330160.0, [2826.0, 2175750, 69427248, 1141126, 7767792, 121433]] [425787220446.0, [5691.0, 383608719, 12275433555, 191792151, 6137126091, 95892759]] [1695749224.0, [814.0, 1491702, 47652928, 516062, 25506688, 398587]]
Arch_Param: [32, 1024, 4096, 4, 1024, 16]
Samsung_cost: [90485918794.0, [6400355.0, 25614369, 1638358008, 12858401, 1632619704, 408601953]] [35333558862.0, [2473071.0, 9891951, 633078564, 4912239, 631702308, 170265711]] [2956051280, [208650, 834580, 53412640, 417300, 53412640, 13352980]] [48219360416, [3403412, 13613608, 871270432, 6806824, 871270432, 217817128]] [3898129644, [275142, 1100550, 70434864, 550278, 70434864, 17608710]] [2717387021550.0, [191798295.0, 767192703, 49100323923, 383602047, 49099264851, 12275812827]] [86885874310, [6175251, 24700987, 1580863168, 12489787, 1563594432, 390767163]]
Model_cost: [27707256966.0, [14426.0, 20154017, 1288904952, 20150433, 49400505, 771938]] [5551109406.0, [31263.0, 2556015, 163578660, 2450031, 77873700, 1216875]] [303484195.0, [31.25, 104020, 6247200, 13140, 6247200, 104020]] [5072125254.0, [9976.5, 1680616, 106002464, 38704, 103509152, 1641658]] [1637913712.0, [2826.0, 1091974, 69427248, 1091974, 7767792, 121433]] [425020006398.0, [5691.0, 191805207, 12275433555, 191792151, 6137126091, 95892759]] [1692501098.0, [814.0, 748987, 47652928, 503459, 25506688, 398587]]
Arch_Param: [32, 1024, 4096, 8, 256, 16]
Samsung_cost: [45493464970.0, [3207011.0, 51312193, 820923384, 6444097, 817876152, 204916065]] [35452260942.0, [2473071.0, 39567471, 633078564, 4912239, 631702308, 170265711]] [2966066780, [208650, 3338290, 53412640, 417330, 53412640, 13352980]] [48382725572, [3403412, 54454402, 871270432, 6806914, 871270432, 217817128]] [3644302828, [256358, 4101638, 65626160, 512710, 65626160, 16406534]] [2726593332078.0, [191798295.0, 3068770335, 49100323923, 383602047, 49099264851, 12275812827]] [85309131904, [6021651, 96346348, 1541541568, 12113132, 1533185728, 383164987]]
Model_cost: [15181617288.0, [7461.5, 41814593, 668963704, 10456705, 49400505, 771938]] [3945092670.0, [29511.0, 5333103, 85328676, 86895, 77870628, 1216827]] [304630575.0, [31.25, 390450, 6247200, 13170, 6247200, 104020]] [5091946346.0, [9976.5, 6635394, 106002464, 38794, 103509152, 1641658]] [937531320.0, [1416.0, 2171654, 34713648, 619718, 7767792, 121433]] [298936824414.0, [4077.0, 383626383, 6138012243, 5340891, 6137123727, 95892711]] [1394457336.0, [481.0, 2055020, 32839552, 185684, 25506688, 398587]]
Arch_Param: [32, 1024, 4096, 8, 512, 16]
Samsung_cost: [45390840984.0, [3207011.0, 25656356, 820923384, 6444068, 817876152, 204916065]] [35373126222.0, [2473071.0, 19783791, 633078564, 4912239, 631702308, 170265711]] [2959389780, [208650, 1669150, 53412640, 417310, 53412640, 13352980]] [48273815468, [3403412, 27227206, 871270432, 6806854, 871270432, 217817128]] [3636099564, [256358, 2050822, 65626160, 512710, 65626160, 16406534]] [2720455791726.0, [191798295.0, 1534385247, 49100323923, 383602047, 49099264851, 12275812827]] [85116436612, [6021651, 48173174, 1541541568, 12113014, 1533185728, 383164987]]
Model_cost: [15097988502.0, [7461.5, 20907556, 668963704, 10456676, 49400505, 771938]] [3934426686.0, [29511.0, 2666607, 85328676, 86895, 77870628, 1216827]] [303849255.0, [31.25, 195230, 6247200, 13150, 6247200, 104020]] [5078715218.0, [9976.5, 3327942, 106002464, 38734, 103509152, 1641658]] [932114872.0, [1416.0, 1087878, 34713648, 570566, 7767792, 121433]] [298169573502.0, [4077.0, 191813655, 6138012243, 5340891, 6137123727, 95892711]] [1389999740.0, [481.0, 1027510, 32839552, 169886, 25506688, 398587]]
Arch_Param: [32, 1024, 4096, 8, 1024, 16]
Samsung_cost: [45339554890.0, [3207011.0, 12834849, 820923384, 6444065, 817876152, 204916065]] [35333558862.0, [2473071.0, 9891951, 633078564, 4912239, 631702308, 170265711]] [2956051280, [208650, 834580, 53412640, 417300, 53412640, 13352980]] [48219360416, [3403412, 13613608, 871270432, 6806824, 871270432, 217817128]] [3631997932, [256358, 1025414, 65626160, 512710, 65626160, 16406534]] [2717387021550.0, [191798295.0, 767192703, 49100323923, 383602047, 49099264851, 12275812827]] [85020088966, [6021651, 24086587, 1541541568, 12112955, 1533185728, 383164987]]
Model_cost: [15056199240.0, [7461.5, 10460257, 668963704, 10456673, 49400505, 771938]] [3929093694.0, [29511.0, 1333359, 85328676, 86895, 77870628, 1216827]] [303484195.0, [31.25, 104020, 6247200, 13140, 6247200, 104020]] [5072125254.0, [9976.5, 1680616, 106002464, 38704, 103509152, 1641658]] [929406648.0, [1416.0, 545990, 34713648, 545990, 7767792, 121433]] [297785948046.0, [4077.0, 95907291, 6138012243, 5340891, 6137123727, 95892711]] [1387811710.0, [481.0, 515323, 32839552, 163555, 25506688, 398587]]
Arch_Param: [32, 1024, 4096, 16, 256, 16]
Samsung_cost: [22843655050.0, [1610339.0, 25765441, 412206072, 3236929, 410504376, 103073121]] [35452260942.0, [2473071.0, 39567471, 633078564, 4912239, 631702308, 170265711]] [2966066780, [208650, 3338290, 53412640, 417330, 53412640, 13352980]] [48382725572, [3403412, 54454402, 871270432, 6806914, 871270432, 217817128]] [3510786156, [246966, 3951366, 63221808, 493926, 63221808, 15805446]] [2726593332078.0, [191798295.0, 3068770335, 49100323923, 383602047, 49099264851, 12275812827]] [84372552832, [5944851, 95117548, 1521880768, 11924716, 1517981376, 379363899]]
Model_cost: [8800717123.777779, [3984.777777777778, 22447809, 359126200, 5611905, 49400505, 771938]] [3945092670.0, [29511.0, 5333103, 85328676, 86895, 77870628, 1216827]] [304630575.0, [31.25, 390450, 6247200, 13170, 6247200, 104020]] [5091946346.0, [9976.5, 6635394, 106002464, 38794, 103509152, 1641658]] [579215452.0, [711.0, 1085830, 17356848, 309862, 7767792, 121433]] [298936824414.0, [4077.0, 383626383, 6138012243, 5340891, 6137123727, 95892711]] [1305186272.0, [343.0, 1783660, 28517760, 106324, 25506688, 398587]]
Arch_Param: [32, 1024, 4096, 16, 512, 16]
Samsung_cost: [22792124568.0, [1610339.0, 12882980, 412206072, 3236900, 410504376, 103073121]] [35373126222.0, [2473071.0, 19783791, 633078564, 4912239, 631702308, 170265711]] [2959389780, [208650, 1669150, 53412640, 417310, 53412640, 13352980]] [48273815468, [3403412, 27227206, 871270432, 6806854, 871270432, 217817128]] [3502883436, [246966, 1975686, 63221808, 493926, 63221808, 15805446]] [2720455791726.0, [191798295.0, 1534385247, 49100323923, 383602047, 49099264851, 12275812827]] [84182315140, [5944851, 47558774, 1521880768, 11924598, 1517981376, 379363899]]
Model_cost: [8755821905.777779, [3984.777777777778, 11224164, 359126200, 5611876, 49400505, 771938]] [3934426686.0, [29511.0, 2666607, 85328676, 86895, 77870628, 1216827]] [303849255.0, [31.25, 195230, 6247200, 13150, 6247200, 104020]] [5078715218.0, [9976.5, 3327942, 106002464, 38734, 103509152, 1641658]] [576507228.0, [711.0, 543942, 17356848, 285286, 7767792, 121433]] [298169573502.0, [4077.0, 191813655, 6138012243, 5340891, 6137123727, 95892711]] [1301440356.0, [343.0, 891830, 28517760, 98206, 25506688, 398587]]
Arch_Param: [32, 1024, 4096, 16, 1024, 16]
Samsung_cost: [22766372938.0, [1610339.0, 6445089, 412206072, 3236897, 410504376, 103073121]] [35333558862.0, [2473071.0, 9891951, 633078564, 4912239, 631702308, 170265711]] [2956051280, [208650, 834580, 53412640, 417300, 53412640, 13352980]] [48219360416, [3403412, 13613608, 871270432, 6806824, 871270432, 217817128]] [3498932076, [246966, 987846, 63221808, 493926, 63221808, 15805446]] [2717387021550.0, [191798295.0, 767192703, 49100323923, 383602047, 49099264851, 12275812827]] [84087196294, [5944851, 23779387, 1521880768, 11924539, 1517981376, 379363899]]
Model_cost: [8733387011.777779, [3984.777777777778, 5615457, 359126200, 5611873, 49400505, 771938]] [3929093694.0, [29511.0, 1333359, 85328676, 86895, 77870628, 1216827]] [303484195.0, [31.25, 104020, 6247200, 13140, 6247200, 104020]] [5072125254.0, [9976.5, 1680616, 106002464, 38704, 103509152, 1641658]] [575153116.0, [711.0, 272998, 17356848, 272998, 7767792, 121433]] [297785948046.0, [4077.0, 95907291, 6138012243, 5340891, 6137123727, 95892711]] [1299588198.0, [343.0, 446715, 28517760, 94947, 25506688, 398587]]
Arch_Param: [32, 1024, 4096, 32, 256, 16]
Samsung_cost: [22294274442.0, [1569507.0, 25112129, 401768440, 3146817, 400936120, 100681057]] [35452260942.0, [2473071.0, 39567471, 633078564, 4912239, 631702308, 170265711]] [2966066780, [208650, 3338290, 53412640, 417330, 53412640, 13352980]] [48382725572, [3403412, 54454402, 871270432, 6806914, 871270432, 217817128]] [3473142188, [244318, 3908998, 62543920, 488630, 62543920, 15635974]] [2726593332078.0, [191798295.0, 3068770335, 49100323923, 383602047, 49099264851, 12275812827]] [84256095360, [5936659, 94986476, 1519783616, 11908332, 1515884224, 378839611]]
Model_cost: [5611424090.444445, [2248.4444444444443, 12767937, 204263608, 3190401, 49400505, 771938]] [3945092670.0, [29511.0, 5333103, 85328676, 86895, 77870628, 1216827]] [304630575.0, [31.25, 390450, 6247200, 13170, 6247200, 104020]] [5091946346.0, [9976.5, 6635394, 106002464, 38794, 103509152, 1641658]] [397517500.0, [359.0, 542918, 8678448, 39478, 7767792, 121433]] [298936824414.0, [4077.0, 383626383, 6138012243, 5340891, 6137123727, 95892711]] [1260181844.0, [274.0, 1647980, 26356864, 49876, 25506688, 398587]]
Arch_Param: [32, 1024, 4096, 32, 512, 16]
Samsung_cost: [22244050584.0, [1569507.0, 12556324, 401768440, 3146788, 400936120, 100681057]] [35373126222.0, [2473071.0, 19783791, 633078564, 4912239, 631702308, 170265711]] [2959389780, [208650, 1669150, 53412640, 417310, 53412640, 13352980]] [48273815468, [3403412, 27227206, 871270432, 6806854, 871270432, 217817128]] [3465324204, [244318, 1954502, 62543920, 488630, 62543920, 15635974]] [2720455791726.0, [191798295.0, 1534385247, 49100323923, 383602047, 49099264851, 12275812827]] [84066119812, [5936659, 47493238, 1519783616, 11908214, 1515884224, 378839611]]
Model_cost: [5585888616.444445, [2248.4444444444443, 6384228, 204263608, 3190372, 49400505, 771938]] [3934426686.0, [29511.0, 2666607, 85328676, 86895, 77870628, 1216827]] [303849255.0, [31.25, 195230, 6247200, 13150, 6247200, 104020]] [5078715218.0, [9976.5, 3327942, 106002464, 38734, 103509152, 1641658]] [396163388.0, [359.0, 271974, 8678448, 27190, 7767792, 121433]] [298169573502.0, [4077.0, 191813655, 6138012243, 5340891, 6137123727, 95892711]] [1256791768.0, [274.0, 823990, 26356864, 45598, 25506688, 398587]]
Arch_Param: [32, 1024, 4096, 32, 1024, 16]
Samsung_cost: [22218946122.0, [1569507.0, 6280225, 401768440, 3146785, 400936120, 100681057]] [35333558862.0, [2473071.0, 9891951, 633078564, 4912239, 631702308, 170265711]] [2956051280, [208650, 834580, 53412640, 417300, 53412640, 13352980]] [48219360416, [3403412, 13613608, 871270432, 6806824, 871270432, 217817128]] [3461415212, [244318, 977254, 62543920, 488630, 62543920, 15635974]] [2717387021550.0, [191798295.0, 767192703, 49100323923, 383602047, 49099264851, 12275812827]] [83971132038, [5936659, 23746619, 1519783616, 11908155, 1515884224, 378839611]]
Model_cost: [5573127450.444445, [2248.4444444444443, 3193953, 204263608, 3190369, 49400505, 771938]] [3929093694.0, [29511.0, 1333359, 85328676, 86895, 77870628, 1216827]] [303484195.0, [31.25, 104020, 6247200, 13140, 6247200, 104020]] [5072125254.0, [9976.5, 1680616, 106002464, 38704, 103509152, 1641658]] [395486332.0, [359.0, 136502, 8678448, 21046, 7767792, 121433]] [297785948046.0, [4077.0, 95907291, 6138012243, 5340891, 6137123727, 95892711]] [1255107546.0, [274.0, 412411, 26356864, 43875, 25506688, 398587]]
Arch_Param: [32, 1024, 2048, 4, 256, 16]
Samsung_cost: [90972293826.0, [12800677.0, 102405697, 1638358008, 12858433, 1632619704, 408601953]] [35521503822.0, [4946031.0, 39567471, 633078564, 4912239, 631702308, 170265711]] [2971908700, [417290, 3338290, 53412640, 417330, 53412640, 13352980]] [48478020548, [6806804, 54454402, 871270432, 6806914, 871270432, 217817128]] [3919039980, [550278, 4402182, 70434864, 550278, 70434864, 17608710]] [2731963679886.0, [383596431.0, 3068770335, 49100323923, 383602047, 49099264851, 12275812827]] [87355196880, [12350495, 98803948, 1580863168, 12489964, 1563594432, 390767163]]
Model_cost: [27949303810.0, [28819.0, 80564801, 1288904952, 20150465, 49400505, 771938]] [5582652510.0, [62415.0, 10223727, 163578660, 2450031, 77873700, 1216875]] [304631170.0, [52.5, 390450, 6247200, 13170, 6247200, 104020]] [5092225128.0, [19933.0, 6635394, 106002464, 38794, 103509152, 1641658]] [1654242016.0, [5646.0, 4343302, 69427248, 1239430, 7767792, 121433]] [427321803438.0, [11223.0, 767215743, 12275433555, 191792151, 6137126091, 95892759]] [1702431116.0, [1620.0, 2983404, 47652928, 547540, 25506688, 398587]]
Arch_Param: [32, 1024, 2048, 4, 512, 16]
Samsung_cost: [90767482832.0, [12800677.0, 51203108, 1638358008, 12858404, 1632619704, 408601953]] [35442369102.0, [4946031.0, 19783791, 633078564, 4912239, 631702308, 170265711]] [2965231700, [417290, 1669150, 53412640, 417310, 53412640, 13352980]] [48369110444, [6806804, 27227206, 871270432, 6806854, 871270432, 217817128]] [3910235628, [550278, 2201094, 70434864, 550278, 70434864, 17608710]] [2725826139534.0, [383596431.0, 1534385247, 49100323923, 383602047, 49099264851, 12275812827]] [87157586388, [12350495, 49401974, 1580863168, 12489846, 1563594432, 390767163]]
Model_cost: [27788174608.0, [28819.0, 40282660, 1288904952, 20150436, 49400505, 771938]] [5562205278.0, [62415.0, 5111919, 163578660, 2450031, 77873700, 1216875]] [303849850.0, [52.5, 195230, 6247200, 13150, 6247200, 104020]] [5078994000.0, [19933.0, 3327942, 106002464, 38734, 103509152, 1641658]] [1643409120.0, [5646.0, 2175750, 69427248, 1141126, 7767792, 121433]] [425787375342.0, [11223.0, 383608719, 12275433555, 191792151, 6137126091, 95892759]] [1695771792.0, [1620.0, 1491702, 47652928, 516062, 25506688, 398587]]
Arch_Param: [32, 1024, 2048, 4, 1024, 16]
Samsung_cost: [90665127810.0, [12800677.0, 25614369, 1638358008, 12858401, 1632619704, 408601953]] [35402801742.0, [4946031.0, 9891951, 633078564, 4912239, 631702308, 170265711]] [2961893200, [417290, 834580, 53412640, 417300, 53412640, 13352980]] [48314655392, [6806804, 13613608, 871270432, 6806824, 871270432, 217817128]] [3905833452, [550278, 1100550, 70434864, 550278, 70434864, 17608710]] [2722757369358.0, [383596431.0, 767192703, 49100323923, 383602047, 49099264851, 12275812827]] [87058781142, [12350495, 24700987, 1580863168, 12489787, 1563594432, 390767163]]
Model_cost: [27707659970.0, [28819.0, 20154017, 1288904952, 20150433, 49400505, 771938]] [5551981662.0, [62415.0, 2556015, 163578660, 2450031, 77873700, 1216875]] [303484790.0, [52.5, 104020, 6247200, 13140, 6247200, 104020]] [5072404036.0, [19933.0, 1680616, 106002464, 38704, 103509152, 1641658]] [1637992672.0, [5646.0, 1091974, 69427248, 1091974, 7767792, 121433]] [425020161294.0, [11223.0, 191805207, 12275433555, 191792151, 6137126091, 95892759]] [1692523666.0, [1620.0, 748987, 47652928, 503459, 25506688, 398587]]
Arch_Param: [32, 1024, 2048, 8, 256, 16]
Samsung_cost: [45583260354.0, [6413989.0, 51312193, 820923384, 6444097, 817876152, 204916065]] [35521503822.0, [4946031.0, 39567471, 633078564, 4912239, 631702308, 170265711]] [2971908700, [417290, 3338290, 53412640, 417330, 53412640, 13352980]] [48478020548, [6806804, 54454402, 871270432, 6806914, 871270432, 217817128]] [3651480684, [512710, 4101638, 65626160, 512710, 65626160, 16406534]] [2731963679886.0, [383596431.0, 3068770335, 49100323923, 383602047, 49099264851, 12275812827]] [85477737936, [12043295, 96346348, 1541541568, 12113132, 1533185728, 383164987]]
Model_cost: [15181825258.0, [14889.0, 41814593, 668963704, 10456705, 49400505, 771938]] [3945915870.0, [58911.0, 5333103, 85328676, 86895, 77870628, 1216827]] [304631170.0, [52.5, 390450, 6247200, 13170, 6247200, 104020]] [5092225128.0, [19933.0, 6635394, 106002464, 38794, 103509152, 1641658]] [937570800.0, [2826.0, 2171654, 34713648, 619718, 7767792, 121433]] [298936934118.0, [7995.0, 383626383, 6138012243, 5340891, 6137123727, 95892711]] [1394470580.0, [954.0, 2055020, 32839552, 185684, 25506688, 398587]]
Arch_Param: [32, 1024, 2048, 8, 512, 16]
Samsung_cost: [45480636368.0, [6413989.0, 25656356, 820923384, 6444068, 817876152, 204916065]] [35442369102.0, [4946031.0, 19783791, 633078564, 4912239, 631702308, 170265711]] [2965231700, [417290, 1669150, 53412640, 417310, 53412640, 13352980]] [48369110444, [6806804, 27227206, 871270432, 6806854, 871270432, 217817128]] [3643277420, [512710, 2050822, 65626160, 512710, 65626160, 16406534]] [2725826139534.0, [383596431.0, 1534385247, 49100323923, 383602047, 49099264851, 12275812827]] [85285042644, [12043295, 48173174, 1541541568, 12113014, 1533185728, 383164987]]
Model_cost: [15098196472.0, [14889.0, 20907556, 668963704, 10456676, 49400505, 771938]] [3935249886.0, [58911.0, 2666607, 85328676, 86895, 77870628, 1216827]] [303849850.0, [52.5, 195230, 6247200, 13150, 6247200, 104020]] [5078994000.0, [19933.0, 3327942, 106002464, 38734, 103509152, 1641658]] [932154352.0, [2826.0, 1087878, 34713648, 570566, 7767792, 121433]] [298169683206.0, [7995.0, 191813655, 6138012243, 5340891, 6137123727, 95892711]] [1390012984.0, [954.0, 1027510, 32839552, 169886, 25506688, 398587]]
Arch_Param: [32, 1024, 2048, 8, 1024, 16]
Samsung_cost: [45429350274.0, [6413989.0, 12834849, 820923384, 6444065, 817876152, 204916065]] [35402801742.0, [4946031.0, 9891951, 633078564, 4912239, 631702308, 170265711]] [2961893200, [417290, 834580, 53412640, 417300, 53412640, 13352980]] [48314655392, [6806804, 13613608, 871270432, 6806824, 871270432, 217817128]] [3639175788, [512710, 1025414, 65626160, 512710, 65626160, 16406534]] [2722757369358.0, [383596431.0, 767192703, 49100323923, 383602047, 49099264851, 12275812827]] [85188694998, [12043295, 24086587, 1541541568, 12112955, 1533185728, 383164987]]
Model_cost: [15056407210.0, [14889.0, 10460257, 668963704, 10456673, 49400505, 771938]] [3929916894.0, [58911.0, 1333359, 85328676, 86895, 77870628, 1216827]] [303484790.0, [52.5, 104020, 6247200, 13140, 6247200, 104020]] [5072404036.0, [19933.0, 1680616, 106002464, 38704, 103509152, 1641658]] [929446128.0, [2826.0, 545990, 34713648, 545990, 7767792, 121433]] [297786057750.0, [7995.0, 95907291, 6138012243, 5340891, 6137123727, 95892711]] [1387824954.0, [954.0, 515323, 32839552, 163555, 25506688, 398587]]
Arch_Param: [32, 1024, 2048, 16, 256, 16]
Samsung_cost: [22888743618.0, [3220645.0, 25765441, 412206072, 3236929, 410504376, 103073121]] [35521503822.0, [4946031.0, 39567471, 633078564, 4912239, 631702308, 170265711]] [2971908700, [417290, 3338290, 53412640, 417330, 53412640, 13352980]] [48478020548, [6806804, 54454402, 871270432, 6806914, 871270432, 217817128]] [3517701036, [493926, 3951366, 63221808, 493926, 63221808, 15805446]] [2731963679886.0, [383596431.0, 3068770335, 49100323923, 383602047, 49099264851, 12275812827]] [84539008464, [11889695, 95117548, 1521880768, 11924716, 1517981376, 379363899]]
Model_cost: [8800827758.0, [7936.0, 22447809, 359126200, 5611905, 49400505, 771938]] [3945915870.0, [58911.0, 5333103, 85328676, 86895, 77870628, 1216827]] [304631170.0, [52.5, 390450, 6247200, 13170, 6247200, 104020]] [5092225128.0, [19933.0, 6635394, 106002464, 38794, 103509152, 1641658]] [579235192.0, [1416.0, 1085830, 17356848, 309862, 7767792, 121433]] [298936934118.0, [7995.0, 383626383, 6138012243, 5340891, 6137123727, 95892711]] [1305195652.0, [678.0, 1783660, 28517760, 106324, 25506688, 398587]]
Arch_Param: [32, 1024, 2048, 16, 512, 16]
Samsung_cost: [22837213136.0, [3220645.0, 12882980, 412206072, 3236900, 410504376, 103073121]] [35442369102.0, [4946031.0, 19783791, 633078564, 4912239, 631702308, 170265711]] [2965231700, [417290, 1669150, 53412640, 417310, 53412640, 13352980]] [48369110444, [6806804, 27227206, 871270432, 6806854, 871270432, 217817128]] [3509798316, [493926, 1975686, 63221808, 493926, 63221808, 15805446]] [2725826139534.0, [383596431.0, 1534385247, 49100323923, 383602047, 49099264851, 12275812827]] [84348770772, [11889695, 47558774, 1521880768, 11924598, 1517981376, 379363899]]
Model_cost: [8755932540.0, [7936.0, 11224164, 359126200, 5611876, 49400505, 771938]] [3935249886.0, [58911.0, 2666607, 85328676, 86895, 77870628, 1216827]] [303849850.0, [52.5, 195230, 6247200, 13150, 6247200, 104020]] [5078994000.0, [19933.0, 3327942, 106002464, 38734, 103509152, 1641658]] [576526968.0, [1416.0, 543942, 17356848, 285286, 7767792, 121433]] [298169683206.0, [7995.0, 191813655, 6138012243, 5340891, 6137123727, 95892711]] [1301449736.0, [678.0, 891830, 28517760, 98206, 25506688, 398587]]
Arch_Param: [32, 1024, 2048, 16, 1024, 16]
Samsung_cost: [22811461506.0, [3220645.0, 6445089, 412206072, 3236897, 410504376, 103073121]] [35402801742.0, [4946031.0, 9891951, 633078564, 4912239, 631702308, 170265711]] [2961893200, [417290, 834580, 53412640, 417300, 53412640, 13352980]] [48314655392, [6806804, 13613608, 871270432, 6806824, 871270432, 217817128]] [3505846956, [493926, 987846, 63221808, 493926, 63221808, 15805446]] [2722757369358.0, [383596431.0, 767192703, 49100323923, 383602047, 49099264851, 12275812827]] [84253651926, [11889695, 23779387, 1521880768, 11924539, 1517981376, 379363899]]
Model_cost: [8733497646.0, [7936.0, 5615457, 359126200, 5611873, 49400505, 771938]] [3929916894.0, [58911.0, 1333359, 85328676, 86895, 77870628, 1216827]] [303484790.0, [52.5, 104020, 6247200, 13140, 6247200, 104020]] [5072404036.0, [19933.0, 1680616, 106002464, 38704, 103509152, 1641658]] [575172856.0, [1416.0, 272998, 17356848, 272998, 7767792, 121433]] [297786057750.0, [7995.0, 95907291, 6138012243, 5340891, 6137123727, 95892711]] [1299597578.0, [678.0, 446715, 28517760, 94947, 25506688, 398587]]
Arch_Param: [32, 1024, 2048, 32, 256, 16]
Samsung_cost: [22338219714.0, [3138981.0, 25112129, 401768440, 3146817, 400936120, 100681057]] [35521503822.0, [4946031.0, 39567471, 633078564, 4912239, 631702308, 170265711]] [2971908700, [417290, 3338290, 53412640, 417330, 53412640, 13352980]] [48478020548, [6806804, 54454402, 871270432, 6806914, 871270432, 217817128]] [3479982924, [488630, 3908998, 62543920, 488630, 62543920, 15635974]] [2731963679886.0, [383596431.0, 3068770335, 49100323923, 383602047, 49099264851, 12275812827]] [84422321616, [11873311, 94986476, 1519783616, 11908332, 1515884224, 378839611]]
Model_cost: [5611486126.0, [4464.0, 12767937, 204263608, 3190401, 49400505, 771938]] [3945915870.0, [58911.0, 5333103, 85328676, 86895, 77870628, 1216827]] [304631170.0, [52.5, 390450, 6247200, 13170, 6247200, 104020]] [5092225128.0, [19933.0, 6635394, 106002464, 38794, 103509152, 1641658]] [397527356.0, [711.0, 542918, 8678448, 39478, 7767792, 121433]] [298936934118.0, [7995.0, 383626383, 6138012243, 5340891, 6137123727, 95892711]] [1260189292.0, [540.0, 1647980, 26356864, 49876, 25506688, 398587]]
Arch_Param: [32, 1024, 2048, 32, 512, 16]
Samsung_cost: [22287995856.0, [3138981.0, 12556324, 401768440, 3146788, 400936120, 100681057]] [35442369102.0, [4946031.0, 19783791, 633078564, 4912239, 631702308, 170265711]] [2965231700, [417290, 1669150, 53412640, 417310, 53412640, 13352980]] [48369110444, [6806804, 27227206, 871270432, 6806854, 871270432, 217817128]] [3472164940, [488630, 1954502, 62543920, 488630, 62543920, 15635974]] [2725826139534.0, [383596431.0, 1534385247, 49100323923, 383602047, 49099264851, 12275812827]] [84232346068, [11873311, 47493238, 1519783616, 11908214, 1515884224, 378839611]]
Model_cost: [5585950652.0, [4464.0, 6384228, 204263608, 3190372, 49400505, 771938]] [3935249886.0, [58911.0, 2666607, 85328676, 86895, 77870628, 1216827]] [303849850.0, [52.5, 195230, 6247200, 13150, 6247200, 104020]] [5078994000.0, [19933.0, 3327942, 106002464, 38734, 103509152, 1641658]] [396173244.0, [711.0, 271974, 8678448, 27190, 7767792, 121433]] [298169683206.0, [7995.0, 191813655, 6138012243, 5340891, 6137123727, 95892711]] [1256799216.0, [540.0, 823990, 26356864, 45598, 25506688, 398587]]
Arch_Param: [32, 1024, 2048, 32, 1024, 16]
Samsung_cost: [22262891394.0, [3138981.0, 6280225, 401768440, 3146785, 400936120, 100681057]] [35402801742.0, [4946031.0, 9891951, 633078564, 4912239, 631702308, 170265711]] [2961893200, [417290, 834580, 53412640, 417300, 53412640, 13352980]] [48314655392, [6806804, 13613608, 871270432, 6806824, 871270432, 217817128]] [3468255948, [488630, 977254, 62543920, 488630, 62543920, 15635974]] [2722757369358.0, [383596431.0, 767192703, 49100323923, 383602047, 49099264851, 12275812827]] [84137358294, [11873311, 23746619, 1519783616, 11908155, 1515884224, 378839611]]
Model_cost: [5573189486.0, [4464.0, 3193953, 204263608, 3190369, 49400505, 771938]] [3929916894.0, [58911.0, 1333359, 85328676, 86895, 77870628, 1216827]] [303484790.0, [52.5, 104020, 6247200, 13140, 6247200, 104020]] [5072404036.0, [19933.0, 1680616, 106002464, 38704, 103509152, 1641658]] [395496188.0, [711.0, 136502, 8678448, 21046, 7767792, 121433]] [297786057750.0, [7995.0, 95907291, 6138012243, 5340891, 6137123727, 95892711]] [1255114994.0, [540.0, 412411, 26356864, 43875, 25506688, 398587]]
Arch_Param: [32, 1024, 1024, 4, 256, 16]
Samsung_cost: [91330711858.0, [25601321.0, 102405697, 1638358008, 12858433, 1632619704, 408601953]] [35659989582, [9891951, 39567471, 633078564, 4912239, 631702308, 170265711]] [2983592820, [834580, 3338290, 53412640, 417330, 53412640, 13352980]] [48668611060, [13613608, 54454402, 871270432, 6806914, 871270432, 217817128]] [3934447596, [1100550, 4402182, 70434864, 550278, 70434864, 17608710]] [2742704375502, [767192703, 3068770335, 49100323923, 383602047, 49099264851, 12275812827]] [87701010656, [24700987, 98803948, 1580863168, 12489964, 1563594432, 390767163]]
Model_cost: [27950109818.0, [57605.0, 80564801, 1288904952, 20150465, 49400505, 771938]] [5584397022.0, [124719.0, 10223727, 163578660, 2450031, 77873700, 1216875]] [304632640.0, [105.0, 390450, 6247200, 13170, 6247200, 104020]] [5092782972.0, [39856.0, 6635394, 106002464, 38794, 103509152, 1641658]] [1654399936.0, [11286.0, 4343302, 69427248, 1239430, 7767792, 121433]] [427322091726.0, [21519.0, 767215743, 12275433555, 191792151, 6137126091, 95892759]] [1702476392.0, [3237.0, 2983404, 47652928, 547540, 25506688, 398587]]
Arch_Param: [32, 1024, 1024, 4, 512, 16]
Samsung_cost: [91125900864.0, [25601321.0, 51203108, 1638358008, 12858404, 1632619704, 408601953]] [35580854862, [9891951, 19783791, 633078564, 4912239, 631702308, 170265711]] [2976915820, [834580, 1669150, 53412640, 417310, 53412640, 13352980]] [48559700956, [13613608, 27227206, 871270432, 6806854, 871270432, 217817128]] [3925643244, [1100550, 2201094, 70434864, 550278, 70434864, 17608710]] [2736566835150, [767192703, 1534385247, 49100323923, 383602047, 49099264851, 12275812827]] [87503400164, [24700987, 49401974, 1580863168, 12489846, 1563594432, 390767163]]
Model_cost: [27788980616.0, [57605.0, 40282660, 1288904952, 20150436, 49400505, 771938]] [5563949790.0, [124719.0, 5111919, 163578660, 2450031, 77873700, 1216875]] [303851320.0, [105.0, 195230, 6247200, 13150, 6247200, 104020]] [5079551844.0, [39856.0, 3327942, 106002464, 38734, 103509152, 1641658]] [1643567040.0, [11286.0, 2175750, 69427248, 1141126, 7767792, 121433]] [425787663630.0, [21519.0, 383608719, 12275433555, 191792151, 6137126091, 95892759]] [1695817068.0, [3237.0, 1491702, 47652928, 516062, 25506688, 398587]]
Arch_Param: [32, 1024, 1024, 4, 1024, 16]
Samsung_cost: [91023545842.0, [25601321.0, 25614369, 1638358008, 12858401, 1632619704, 408601953]] [35541287502, [9891951, 9891951, 633078564, 4912239, 631702308, 170265711]] [2973577320, [834580, 834580, 53412640, 417300, 53412640, 13352980]] [48505245904, [13613608, 13613608, 871270432, 6806824, 871270432, 217817128]] [3921241068, [1100550, 1100550, 70434864, 550278, 70434864, 17608710]] [2733498064974, [767192703, 767192703, 49100323923, 383602047, 49099264851, 12275812827]] [87404594918, [24700987, 24700987, 1580863168, 12489787, 1563594432, 390767163]]
Model_cost: [27708465978.0, [57605.0, 20154017, 1288904952, 20150433, 49400505, 771938]] [5553726174.0, [124719.0, 2556015, 163578660, 2450031, 77873700, 1216875]] [303486260.0, [105.0, 104020, 6247200, 13140, 6247200, 104020]] [5072961880.0, [39856.0, 1680616, 106002464, 38704, 103509152, 1641658]] [1638150592.0, [11286.0, 1091974, 69427248, 1091974, 7767792, 121433]] [425020449582.0, [21519.0, 191805207, 12275433555, 191792151, 6137126091, 95892759]] [1692568942.0, [3237.0, 748987, 47652928, 503459, 25506688, 398587]]
Arch_Param: [32, 1024, 1024, 8, 256, 16]
Samsung_cost: [45762851122.0, [12827945.0, 51312193, 820923384, 6444097, 817876152, 204916065]] [35659989582, [9891951, 39567471, 633078564, 4912239, 631702308, 170265711]] [2983592820, [834580, 3338290, 53412640, 417330, 53412640, 13352980]] [48668611060, [13613608, 54454402, 871270432, 6806914, 871270432, 217817128]] [3665836396, [1025414, 4101638, 65626160, 512710, 65626160, 16406534]] [2742704375502, [767192703, 3068770335, 49100323923, 383602047, 49099264851, 12275812827]] [85814950112, [24086587, 96346348, 1541541568, 12113132, 1533185728, 383164987]]
Model_cost: [15182241226.0, [29745.0, 41814593, 668963704, 10456705, 49400505, 771938]] [3947562270.0, [117711.0, 5333103, 85328676, 86895, 77870628, 1216827]] [304632640.0, [105.0, 390450, 6247200, 13170, 6247200, 104020]] [5092782972.0, [39856.0, 6635394, 106002464, 38794, 103509152, 1641658]] [937649760.0, [5646.0, 2171654, 34713648, 619718, 7767792, 121433]] [298937153526.0, [15831.0, 383626383, 6138012243, 5340891, 6137123727, 95892711]] [1394497180.0, [1904.0, 2055020, 32839552, 185684, 25506688, 398587]]
Arch_Param: [32, 1024, 1024, 8, 512, 16]
Samsung_cost: [45660227136.0, [12827945.0, 25656356, 820923384, 6444068, 817876152, 204916065]] [35580854862, [9891951, 19783791, 633078564, 4912239, 631702308, 170265711]] [2976915820, [834580, 1669150, 53412640, 417310, 53412640, 13352980]] [48559700956, [13613608, 27227206, 871270432, 6806854, 871270432, 217817128]] [3657633132, [1025414, 2050822, 65626160, 512710, 65626160, 16406534]] [2736566835150, [767192703, 1534385247, 49100323923, 383602047, 49099264851, 12275812827]] [85622254820, [24086587, 48173174, 1541541568, 12113014, 1533185728, 383164987]]
Model_cost: [15098612440.0, [29745.0, 20907556, 668963704, 10456676, 49400505, 771938]] [3936896286.0, [117711.0, 2666607, 85328676, 86895, 77870628, 1216827]] [303851320.0, [105.0, 195230, 6247200, 13150, 6247200, 104020]] [5079551844.0, [39856.0, 3327942, 106002464, 38734, 103509152, 1641658]] [932233312.0, [5646.0, 1087878, 34713648, 570566, 7767792, 121433]] [298169902614.0, [15831.0, 191813655, 6138012243, 5340891, 6137123727, 95892711]] [1390039584.0, [1904.0, 1027510, 32839552, 169886, 25506688, 398587]]
Arch_Param: [32, 1024, 1024, 8, 1024, 16]
Samsung_cost: [45608941042.0, [12827945.0, 12834849, 820923384, 6444065, 817876152, 204916065]] [35541287502, [9891951, 9891951, 633078564, 4912239, 631702308, 170265711]] [2973577320, [834580, 834580, 53412640, 417300, 53412640, 13352980]] [48505245904, [13613608, 13613608, 871270432, 6806824, 871270432, 217817128]] [3653531500, [1025414, 1025414, 65626160, 512710, 65626160, 16406534]] [2733498064974, [767192703, 767192703, 49100323923, 383602047, 49099264851, 12275812827]] [85525907174, [24086587, 24086587, 1541541568, 12112955, 1533185728, 383164987]]
Model_cost: [15056823178.0, [29745.0, 10460257, 668963704, 10456673, 49400505, 771938]] [3931563294.0, [117711.0, 1333359, 85328676, 86895, 77870628, 1216827]] [303486260.0, [105.0, 104020, 6247200, 13140, 6247200, 104020]] [5072961880.0, [39856.0, 1680616, 106002464, 38704, 103509152, 1641658]] [929525088.0, [5646.0, 545990, 34713648, 545990, 7767792, 121433]] [297786277158.0, [15831.0, 95907291, 6138012243, 5340891, 6137123727, 95892711]] [1387851554.0, [1904.0, 515323, 32839552, 163555, 25506688, 398587]]
Arch_Param: [32, 1024, 1024, 16, 256, 16]
Samsung_cost: [22978920754.0, [6441257.0, 25765441, 412206072, 3236929, 410504376, 103073121]] [35659989582, [9891951, 39567471, 633078564, 4912239, 631702308, 170265711]] [2983592820, [834580, 3338290, 53412640, 417330, 53412640, 13352980]] [48668611060, [13613608, 54454402, 871270432, 6806914, 871270432, 217817128]] [3531530796, [987846, 3951366, 63221808, 493926, 63221808, 15805446]] [2742704375502, [767192703, 3068770335, 49100323923, 383602047, 49099264851, 12275812827]] [84871919840, [23779387, 95117548, 1521880768, 11924716, 1517981376, 379363899]]
Model_cost: [8801049014.0, [15838.0, 22447809, 359126200, 5611905, 49400505, 771938]] [3947562270.0, [117711.0, 5333103, 85328676, 86895, 77870628, 1216827]] [304632640.0, [105.0, 390450, 6247200, 13170, 6247200, 104020]] [5092782972.0, [39856.0, 6635394, 106002464, 38794, 103509152, 1641658]] [579274672.0, [2826.0, 1085830, 17356848, 309862, 7767792, 121433]] [298937153526.0, [15831.0, 383626383, 6138012243, 5340891, 6137123727, 95892711]] [1305214552.0, [1353.0, 1783660, 28517760, 106324, 25506688, 398587]]
Arch_Param: [32, 1024, 1024, 16, 512, 16]
Samsung_cost: [22927390272.0, [6441257.0, 12882980, 412206072, 3236900, 410504376, 103073121]] [35580854862, [9891951, 19783791, 633078564, 4912239, 631702308, 170265711]] [2976915820, [834580, 1669150, 53412640, 417310, 53412640, 13352980]] [48559700956, [13613608, 27227206, 871270432, 6806854, 871270432, 217817128]] [3523628076, [987846, 1975686, 63221808, 493926, 63221808, 15805446]] [2736566835150, [767192703, 1534385247, 49100323923, 383602047, 49099264851, 12275812827]] [84681682148, [23779387, 47558774, 1521880768, 11924598, 1517981376, 379363899]]
Model_cost: [8756153796.0, [15838.0, 11224164, 359126200, 5611876, 49400505, 771938]] [3936896286.0, [117711.0, 2666607, 85328676, 86895, 77870628, 1216827]] [303851320.0, [105.0, 195230, 6247200, 13150, 6247200, 104020]] [5079551844.0, [39856.0, 3327942, 106002464, 38734, 103509152, 1641658]] [576566448.0, [2826.0, 543942, 17356848, 285286, 7767792, 121433]] [298169902614.0, [15831.0, 191813655, 6138012243, 5340891, 6137123727, 95892711]] [1301468636.0, [1353.0, 891830, 28517760, 98206, 25506688, 398587]]
Arch_Param: [32, 1024, 1024, 16, 1024, 16]
Samsung_cost: [22901638642.0, [6441257.0, 6445089, 412206072, 3236897, 410504376, 103073121]] [35541287502, [9891951, 9891951, 633078564, 4912239, 631702308, 170265711]] [2973577320, [834580, 834580, 53412640, 417300, 53412640, 13352980]] [48505245904, [13613608, 13613608, 871270432, 6806824, 871270432, 217817128]] [3519676716, [987846, 987846, 63221808, 493926, 63221808, 15805446]] [2733498064974, [767192703, 767192703, 49100323923, 383602047, 49099264851, 12275812827]] [84586563302, [23779387, 23779387, 1521880768, 11924539, 1517981376, 379363899]]
Model_cost: [8733718902.0, [15838.0, 5615457, 359126200, 5611873, 49400505, 771938]] [3931563294.0, [117711.0, 1333359, 85328676, 86895, 77870628, 1216827]] [303486260.0, [105.0, 104020, 6247200, 13140, 6247200, 104020]] [5072961880.0, [39856.0, 1680616, 106002464, 38704, 103509152, 1641658]] [575212336.0, [2826.0, 272998, 17356848, 272998, 7767792, 121433]] [297786277158.0, [15831.0, 95907291, 6138012243, 5340891, 6137123727, 95892711]] [1299616478.0, [1353.0, 446715, 28517760, 94947, 25506688, 398587]]
Arch_Param: [32, 1024, 1024, 32, 256, 16]
Samsung_cost: [22426110258.0, [6277929.0, 25112129, 401768440, 3146817, 400936120, 100681057]] [35659989582, [9891951, 39567471, 633078564, 4912239, 631702308, 170265711]] [2983592820, [834580, 3338290, 53412640, 417330, 53412640, 13352980]] [48668611060, [13613608, 54454402, 871270432, 6806914, 871270432, 217817128]] [3493664396, [977254, 3908998, 62543920, 488630, 62543920, 15635974]] [2742704375502, [767192703, 3068770335, 49100323923, 383602047, 49099264851, 12275812827]] [84754774240, [23746619, 94986476, 1519783616, 11908332, 1515884224, 378839611]]
Model_cost: [5611610166.0, [8894.0, 12767937, 204263608, 3190401, 49400505, 771938]] [3947562270.0, [117711.0, 5333103, 85328676, 86895, 77870628, 1216827]] [304632640.0, [105.0, 390450, 6247200, 13170, 6247200, 104020]] [5092782972.0, [39856.0, 6635394, 106002464, 38794, 103509152, 1641658]] [397547096.0, [1416.0, 542918, 8678448, 39478, 7767792, 121433]] [298937153526.0, [15831.0, 383626383, 6138012243, 5340891, 6137123727, 95892711]] [1260204328.0, [1077.0, 1647980, 26356864, 49876, 25506688, 398587]]
Arch_Param: [32, 1024, 1024, 32, 512, 16]
Samsung_cost: [22375886400.0, [6277929.0, 12556324, 401768440, 3146788, 400936120, 100681057]] [35580854862, [9891951, 19783791, 633078564, 4912239, 631702308, 170265711]] [2976915820, [834580, 1669150, 53412640, 417310, 53412640, 13352980]] [48559700956, [13613608, 27227206, 871270432, 6806854, 871270432, 217817128]] [3485846412, [977254, 1954502, 62543920, 488630, 62543920, 15635974]] [2736566835150, [767192703, 1534385247, 49100323923, 383602047, 49099264851, 12275812827]] [84564798692, [23746619, 47493238, 1519783616, 11908214, 1515884224, 378839611]]
Model_cost: [5586074692.0, [8894.0, 6384228, 204263608, 3190372, 49400505, 771938]] [3936896286.0, [117711.0, 2666607, 85328676, 86895, 77870628, 1216827]] [303851320.0, [105.0, 195230, 6247200, 13150, 6247200, 104020]] [5079551844.0, [39856.0, 3327942, 106002464, 38734, 103509152, 1641658]] [396192984.0, [1416.0, 271974, 8678448, 27190, 7767792, 121433]] [298169902614.0, [15831.0, 191813655, 6138012243, 5340891, 6137123727, 95892711]] [1256814252.0, [1077.0, 823990, 26356864, 45598, 25506688, 398587]]
Arch_Param: [32, 1024, 1024, 32, 1024, 16]
Samsung_cost: [22350781938.0, [6277929.0, 6280225, 401768440, 3146785, 400936120, 100681057]] [35541287502, [9891951, 9891951, 633078564, 4912239, 631702308, 170265711]] [2973577320, [834580, 834580, 53412640, 417300, 53412640, 13352980]] [48505245904, [13613608, 13613608, 871270432, 6806824, 871270432, 217817128]] [3481937420, [977254, 977254, 62543920, 488630, 62543920, 15635974]] [2733498064974, [767192703, 767192703, 49100323923, 383602047, 49099264851, 12275812827]] [84469810918, [23746619, 23746619, 1519783616, 11908155, 1515884224, 378839611]]
Model_cost: [5573313526.0, [8894.0, 3193953, 204263608, 3190369, 49400505, 771938]] [3931563294.0, [117711.0, 1333359, 85328676, 86895, 77870628, 1216827]] [303486260.0, [105.0, 104020, 6247200, 13140, 6247200, 104020]] [5072961880.0, [39856.0, 1680616, 106002464, 38704, 103509152, 1641658]] [395515928.0, [1416.0, 136502, 8678448, 21046, 7767792, 121433]] [297786277158.0, [15831.0, 95907291, 6138012243, 5340891, 6137123727, 95892711]] [1255130030.0, [1077.0, 412411, 26356864, 43875, 25506688, 398587]]
