[[0, 0, 0, 0, 0, 0, 0, 0, 0, 0, 0], [0, 0, 0, 0, 0, 0, 0, 0, 0, 0, 0], [0, 0, 0, 0, 0, 0, 0, 0, 0, 0, 0], [0, 0, 0, 0, 0, 0, 0, 0, 0, 0, 0]]
Arch_Param: [64, 16384, 32768, 4, 256, 16]
Samsung_cost: [19655077912.77778, [400883.02777777775, 51312164, 820922876, 6444068, 102001340, 797857]] [15344464398.0, [309231.0, 39567471, 633078168, 4912239, 85328280, 668271]] [1279922620.0, [26090.0, 3338270, 53412240, 417310, 6676880, 52170]] [20878161084.0, [425444.0, 54454342, 871269392, 6806854, 108909584, 850868]] [1572592988.0, [32050.0, 4101638, 65626136, 512710, 8203288, 64094]] [1176600428946.0, [23974926.0, 3068770335, 49100323449, 383602047, 6138057081, 47954907]] [36925730428.0, [752720.0, 96346230, 1541539680, 12113014, 192137056, 1505424]]
Model_cost: [14958530605.385, [977.7637500000001, 41814564, 668963196, 1200100, 49399997, 84962]] [3912867558.0, [3789.0, 5333103, 85328280, 86895, 77870232, 92331]] [302065414.6666667, [12.666666666666666, 390430, 6246800, 13150, 6246800, 13130]] [5048928931.333334, [1270.8333333333333, 6635334, 106001424, 38734, 103508112, 115866]] [921748802.4, [202.8, 2171654, 34713624, 45830, 7767768, 9938]] [296450691074.9001, [634.1750000000001, 383626383, 6138011769, 5340891, 6137123253, 7106490]] [1381582794.5801282, [81.09214743589743, 2054902, 32837664, 62366, 25504800, 39328]]
Arch_Param: [64, 16384, 32768, 4, 512, 16]
Samsung_cost: [19552454602.77778, [400883.02777777775, 25656353, 820922876, 6444065, 102001340, 797857]] [15265329678.0, [309231.0, 19783791, 633078168, 4912239, 85328280, 668271]] [1273245880.0, [26090.0, 1669140, 53412240, 417300, 6676880, 52170]] [20769251760.0, [425444.0, 27227176, 871269392, 6806824, 108909584, 850868]] [1564389724.0, [32050.0, 2050822, 65626136, 512710, 8203288, 64094]] [1170462888594.0, [23974926.0, 1534385247, 49100323449, 383602047, 6138057081, 47954907]] [36733036670.0, [752720.0, 48173115, 1541539680, 12112955, 192137056, 1505424]]
Model_cost: [14874902495.385, [977.7637500000001, 20907553, 668963196, 1200097, 49399997, 84962]] [3902201574.0, [3789.0, 2666607, 85328280, 86895, 77870232, 92331]] [301284354.6666667, [12.666666666666666, 195220, 6246800, 13140, 6246800, 13130]] [5035698583.333334, [1270.8333333333333, 3327912, 106001424, 38704, 103508112, 115866]] [917415234.4, [202.8, 1088262, 34713624, 45830, 7767768, 9938]] [295683440162.9001, [634.1750000000001, 191813655, 6138011769, 5340891, 6137123253, 7106490]] [1377471692.5801282, [81.09214743589743, 1027451, 32837664, 62307, 25504800, 39328]]
Arch_Param: [64, 16384, 32768, 4, 1024, 16]
Samsung_cost: [19501168586.77778, [400883.02777777775, 12834849, 820922876, 6444065, 102001340, 797857]] [15225762318.0, [309231.0, 9891951, 633078168, 4912239, 85328280, 668271]] [1269907380.0, [26090.0, 834570, 53412240, 417290, 6676880, 52170]] [20714796968.0, [425444.0, 13613588, 871269392, 6806804, 108909584, 850868]] [1560288092.0, [32050.0, 1025414, 65626136, 512710, 8203288, 64094]] [1167394118418.0, [23974926.0, 767192703, 49100323449, 383602047, 6138057081, 47954907]] [36636689830.0, [752720.0, 24086559, 1541539680, 12112927, 192137056, 1505424]]
Model_cost: [14833113311.385, [977.7637500000001, 10460257, 668963196, 1200097, 49399997, 84962]] [3896868582.0, [3789.0, 1333359, 85328280, 86895, 77870232, 92331]] [300919294.6666667, [12.666666666666666, 104010, 6246800, 13130, 6246800, 13130]] [5029108879.333334, [1270.8333333333333, 1680596, 106001424, 38684, 103508112, 115866]] [915248450.4, [202.8, 546566, 34713624, 45830, 7767768, 9938]] [295299814706.9001, [634.1750000000001, 95907291, 6138011769, 5340891, 6137123253, 7106490]] [1375422452.5801282, [81.09214743589743, 515295, 32837664, 62279, 25504800, 39328]]
Arch_Param: [64, 16384, 32768, 8, 256, 16]
Samsung_cost: [9876323523.444445, [201309.69444444444, 25765412, 412205564, 3236900, 51464892, 403041]] [15344464398.0, [309231.0, 39567471, 633078168, 4912239, 85328280, 668271]] [1279922620.0, [26090.0, 3338270, 53412240, 417310, 6676880, 52170]] [20878161084.0, [425444.0, 54454342, 871269392, 6806854, 108909584, 850868]] [1514977764.0, [30876.0, 3951366, 63221784, 493926, 7902744, 61746]] [1176600428946.0, [23974926.0, 3068770335, 49100323449, 383602047, 6138057081, 47954907]] [36469554300.0, [743120.0, 95117430, 1521878880, 11924598, 190236512, 1490576]]
Model_cost: [8672038144.171667, [564.7204166666667, 22447780, 359125692, 642660, 49399997, 84962]] [3912867558.0, [3789.0, 5333103, 85328280, 86895, 77870232, 92331]] [302065414.6666667, [12.666666666666666, 390430, 6246800, 13150, 6246800, 13130]] [5048928931.333334, [1270.8333333333333, 6635334, 106001424, 38734, 103508112, 115866]] [569762743.2, [106.4, 1085830, 17356824, 22918, 7767768, 9938]] [296450691074.9001, [634.1750000000001, 383626383, 6138011769, 5340891, 6137123253, 7106490]] [1293638579.3044872, [61.975160256410255, 1783542, 28515872, 43166, 25504800, 39328]]
Arch_Param: [64, 16384, 32768, 8, 512, 16]
Samsung_cost: [9824793717.444445, [201309.69444444444, 12882977, 412205564, 3236897, 51464892, 403041]] [15265329678.0, [309231.0, 19783791, 633078168, 4912239, 85328280, 668271]] [1273245880.0, [26090.0, 1669140, 53412240, 417300, 6676880, 52170]] [20769251760.0, [425444.0, 27227176, 871269392, 6806824, 108909584, 850868]] [1507075044.0, [30876.0, 1975686, 63221784, 493926, 7902744, 61746]] [1170462888594.0, [23974926.0, 1534385247, 49100323449, 383602047, 6138057081, 47954907]] [36279318142.0, [743120.0, 47558715, 1521878880, 11924539, 190236512, 1490576]]
Model_cost: [8627143602.171665, [564.7204166666667, 11224161, 359125692, 642657, 49399997, 84962]] [3902201574.0, [3789.0, 2666607, 85328280, 86895, 77870232, 92331]] [301284354.6666667, [12.666666666666666, 195220, 6246800, 13140, 6246800, 13130]] [5035698583.333334, [1270.8333333333333, 3327912, 106001424, 38704, 103508112, 115866]] [567595959.2, [106.4, 544134, 17356824, 22918, 7767768, 9938]] [295683440162.9001, [634.1750000000001, 191813655, 6138011769, 5340891, 6137123253, 7106490]] [1290070197.3044872, [61.975160256410255, 891771, 28515872, 43107, 25504800, 39328]]
Arch_Param: [64, 16384, 32768, 8, 1024, 16]
Samsung_cost: [9799042165.444445, [201309.69444444444, 6445089, 412205564, 3236897, 51464892, 403041]] [15225762318.0, [309231.0, 9891951, 633078168, 4912239, 85328280, 668271]] [1269907380.0, [26090.0, 834570, 53412240, 417290, 6676880, 52170]] [20714796968.0, [425444.0, 13613588, 871269392, 6806804, 108909584, 850868]] [1503123684.0, [30876.0, 987846, 63221784, 493926, 7902744, 61746]] [1167394118418.0, [23974926.0, 767192703, 49100323449, 383602047, 6138057081, 47954907]] [36184200102.0, [743120.0, 23779359, 1521878880, 11924511, 190236512, 1490576]]
Model_cost: [8604708786.171665, [564.7204166666667, 5615457, 359125692, 642657, 49399997, 84962]] [3896868582.0, [3789.0, 1333359, 85328280, 86895, 77870232, 92331]] [300919294.6666667, [12.666666666666666, 104010, 6246800, 13130, 6246800, 13130]] [5029108879.333334, [1270.8333333333333, 1680596, 106001424, 38684, 103508112, 115866]] [566512567.2, [106.4, 273286, 17356824, 22918, 7767768, 9938]] [295299814706.9001, [634.1750000000001, 95907291, 6138011769, 5340891, 6137123253, 7106490]] [1288289245.3044872, [61.975160256410255, 446687, 28515872, 43079, 25504800, 39328]]
Arch_Param: [64, 16384, 32768, 16, 256, 16]
Samsung_cost: [9631393560.777779, [196211.02777777778, 25112100, 401767932, 3146788, 50350780, 394337]] [15344464398.0, [309231.0, 39567471, 633078168, 4912239, 85328280, 668271]] [1279922620.0, [26090.0, 3338270, 53412240, 417310, 6676880, 52170]] [20878161084.0, [425444.0, 54454342, 871269392, 6806854, 108909584, 850868]] [1498733608.0, [30545.0, 3908998, 62543896, 488630, 7818008, 61084]] [1176600428946.0, [23974926.0, 3068770335, 49100323449, 383602047, 6138057081, 47954907]] [36419300476.0, [742096.0, 94986358, 1519781728, 11908214, 189974368, 1488528]]
Model_cost: [5529931972.418333, [356.8720833333333, 12767908, 204263100, 364068, 49399997, 84962]] [3912867558.0, [3789.0, 5333103, 85328280, 86895, 77870232, 92331]] [302065414.6666667, [12.666666666666666, 390430, 6246800, 13150, 6246800, 13130]] [5048928931.333334, [1270.8333333333333, 6635334, 106001424, 38734, 103508112, 115866]] [393628913.6, [58.2, 542918, 8678424, 5062, 7767768, 9938]] [296450691074.9001, [634.1750000000001, 383626383, 6138011769, 5340891, 6137123253, 7106490]] [1249655235.6666667, [53.416666666666664, 1647862, 26354976, 33054, 25504800, 39328]]
Arch_Param: [64, 16384, 32768, 16, 512, 16]
Samsung_cost: [9581170378.777779, [196211.02777777778, 12556321, 401767932, 3146785, 50350780, 394337]] [15265329678.0, [309231.0, 19783791, 633078168, 4912239, 85328280, 668271]] [1273245880.0, [26090.0, 1669140, 53412240, 417300, 6676880, 52170]] [20769251760.0, [425444.0, 27227176, 871269392, 6806824, 108909584, 850868]] [1490915624.0, [30545.0, 1954502, 62543896, 488630, 7818008, 61084]] [1170462888594.0, [23974926.0, 1534385247, 49100323449, 383602047, 6138057081, 47954907]] [36229326462.0, [742096.0, 47493179, 1519781728, 11908155, 189974368, 1488528]]
Model_cost: [5504397174.418333, [356.8720833333333, 6384225, 204263100, 364065, 49399997, 84962]] [3902201574.0, [3789.0, 2666607, 85328280, 86895, 77870232, 92331]] [301284354.6666667, [12.666666666666666, 195220, 6246800, 13140, 6246800, 13130]] [5035698583.333334, [1270.8333333333333, 3327912, 106001424, 38704, 103508112, 115866]] [392545521.6, [58.2, 272070, 8678424, 5062, 7767768, 9938]] [295683440162.9001, [634.1750000000001, 191813655, 6138011769, 5340891, 6137123253, 7106490]] [1246358213.6666667, [53.416666666666664, 823931, 26354976, 32995, 25504800, 39328]]
Arch_Param: [64, 16384, 32768, 16, 1024, 16]
Samsung_cost: [9556065994.777779, [196211.02777777778, 6280225, 401767932, 3146785, 50350780, 394337]] [15225762318.0, [309231.0, 9891951, 633078168, 4912239, 85328280, 668271]] [1269907380.0, [26090.0, 834570, 53412240, 417290, 6676880, 52170]] [20714796968.0, [425444.0, 13613588, 871269392, 6806804, 108909584, 850868]] [1487006632.0, [30545.0, 977254, 62543896, 488630, 7818008, 61084]] [1167394118418.0, [23974926.0, 767192703, 49100323449, 383602047, 6138057081, 47954907]] [36134339494.0, [742096.0, 23746591, 1519781728, 11908127, 189974368, 1488528]]
Model_cost: [5491636086.418333, [356.8720833333333, 3193953, 204263100, 364065, 49399997, 84962]] [3896868582.0, [3789.0, 1333359, 85328280, 86895, 77870232, 92331]] [300919294.6666667, [12.666666666666666, 104010, 6246800, 13130, 6246800, 13130]] [5029108879.333334, [1270.8333333333333, 1680596, 106001424, 38684, 103508112, 115866]] [392003825.6, [58.2, 136646, 8678424, 5062, 7767768, 9938]] [295299814706.9001, [634.1750000000001, 95907291, 6138011769, 5340891, 6137123253, 7106490]] [1244711405.6666667, [53.416666666666664, 412383, 26354976, 32967, 25504800, 39328]]
Arch_Param: [64, 16384, 32768, 32, 256, 16]
Samsung_cost: [9508928579.444445, [193661.69444444444, 24785444, 396549116, 3101732, 49793724, 389985]] [15344464398.0, [309231.0, 39567471, 633078168, 4912239, 85328280, 668271]] [1279922620.0, [26090.0, 3338270, 53412240, 417310, 6676880, 52170]] [20878161084.0, [425444.0, 54454342, 871269392, 6806854, 108909584, 850868]] [1490611530.0, [30379.5, 3887814, 62204952, 485982, 7775640, 60753]] [1176600428946.0, [23974926.0, 3068770335, 49100323449, 383602047, 6138057081, 47954907]] [36394173564.0, [741584.0, 94920822, 1518733152, 11900022, 189843296, 1487504]]
Model_cost: [3464285781.7083335, [197.48958333333331, 6404260, 102452412, 183460, 49399997, 84962]] [3912867558.0, [3789.0, 5333103, 85328280, 86895, 77870232, 92331]] [302065414.6666667, [12.666666666666666, 390430, 6246800, 13150, 6246800, 13130]] [5048928931.333334, [1270.8333333333333, 6635334, 106001424, 38734, 103508112, 115866]] [382711704.8, [43.6, 509030, 8140312, 4198, 7767768, 9938]] [296450691074.9001, [634.1750000000001, 383626383, 6138011769, 5340891, 6137123253, 7106490]] [1238481504.9935899, [49.892628205128204, 1613302, 25807008, 29598, 25504800, 39328]]
Arch_Param: [64, 16384, 32768, 32, 512, 16]
Samsung_cost: [9459358709.444445, [193661.69444444444, 12392993, 396549116, 3101729, 49793724, 389985]] [15265329678.0, [309231.0, 19783791, 633078168, 4912239, 85328280, 668271]] [1273245880.0, [26090.0, 1669140, 53412240, 417300, 6676880, 52170]] [20769251760.0, [425444.0, 27227176, 871269392, 6806824, 108909584, 850868]] [1482835914.0, [30379.5, 1943910, 62204952, 485982, 7775640, 60753]] [1170462888594.0, [23974926.0, 1534385247, 49100323449, 383602047, 6138057081, 47954907]] [36204330622.0, [741584.0, 47460411, 1518733152, 11899963, 189843296, 1487504]]
Model_cost: [3451478279.7083335, [197.48958333333331, 3202401, 102452412, 183457, 49399997, 84962]] [3902201574.0, [3789.0, 2666607, 85328280, 86895, 77870232, 92331]] [301284354.6666667, [12.666666666666666, 195220, 6246800, 13140, 6246800, 13130]] [5035698583.333334, [1270.8333333333333, 3327912, 106001424, 38704, 103508112, 115866]] [381694872.8, [43.6, 254822, 8140312, 4198, 7767768, 9938]] [295683440162.9001, [634.1750000000001, 191813655, 6138011769, 5340891, 6137123253, 7106490]] [1235253602.9935899, [49.892628205128204, 806651, 25807008, 29539, 25504800, 39328]]
Arch_Param: [64, 16384, 32768, 32, 1024, 16]
Samsung_cost: [9434577909.444445, [193661.69444444444, 6197793, 396549116, 3101729, 49793724, 389985]] [15225762318.0, [309231.0, 9891951, 633078168, 4912239, 85328280, 668271]] [1269907380.0, [26090.0, 834570, 53412240, 417290, 6676880, 52170]] [20714796968.0, [425444.0, 13613588, 871269392, 6806804, 108909584, 850868]] [1478948106.0, [30379.5, 971958, 62204952, 485982, 7775640, 60753]] [1167394118418.0, [23974926.0, 767192703, 49100323449, 383602047, 6138057081, 47954907]] [36109409190.0, [741584.0, 23730207, 1518733152, 11899935, 189843296, 1487504]]
Model_cost: [3445077767.7083335, [197.48958333333331, 1602273, 102452412, 183457, 49399997, 84962]] [3896868582.0, [3789.0, 1333359, 85328280, 86895, 77870232, 92331]] [300919294.6666667, [12.666666666666666, 104010, 6246800, 13130, 6246800, 13130]] [5029108879.333334, [1270.8333333333333, 1680596, 106001424, 38684, 103508112, 115866]] [381186456.8, [43.6, 127718, 8140312, 4198, 7767768, 9938]] [295299814706.9001, [634.1750000000001, 95907291, 6138011769, 5340891, 6137123253, 7106490]] [1233640586.9935899, [49.892628205128204, 403551, 25807008, 29511, 25504800, 39328]]
Arch_Param: [64, 16384, 16384, 4, 256, 16]
Samsung_cost: [19666302958.0, [801777.5, 51312164, 820922876, 6444068, 102001340, 797857]] [15353119758.0, [618351.0, 39567471, 633078168, 4912239, 85328280, 668271]] [1280652860.0, [52170.0, 3338270, 53412240, 417310, 6676880, 52170]] [20890072956.0, [850868.0, 54454342, 871269392, 6806854, 108909584, 850868]] [1573490220.0, [64094.0, 4101638, 65626136, 512710, 8203288, 64094]] [1177271722422.0, [47949693.0, 3068770335, 49100323449, 383602047, 6138057081, 47954907]] [36946806140.0, [1505424.0, 96346230, 1541539680, 12113014, 192137056, 1505424]]
Model_cost: [14958557098.06081, [1923.9307432432433, 41814564, 668963196, 1200100, 49399997, 84962]] [3912970542.0, [7467.0, 5333103, 85328280, 86895, 77870232, 92331]] [302065489.3333333, [15.333333333333332, 390430, 6246800, 13150, 6246800, 13130]] [5048963674.666666, [2511.6666666666665, 6635334, 106001424, 38734, 103508112, 115866]] [921753176.0, [359.0, 2171654, 34713624, 45830, 7767768, 9938]] [296450704379.7999, [1109.3500000000001, 383626383, 6138011769, 5340891, 6137123253, 7106490]] [1381584620.75, [146.3125, 2054902, 32837664, 62366, 25504800, 39328]]
Arch_Param: [64, 16384, 16384, 4, 512, 16]
Samsung_cost: [19563679648.0, [801777.5, 25656353, 820922876, 6444065, 102001340, 797857]] [15273985038.0, [618351.0, 19783791, 633078168, 4912239, 85328280, 668271]] [1273976120.0, [52170.0, 1669140, 53412240, 417300, 6676880, 52170]] [20781163632.0, [850868.0, 27227176, 871269392, 6806824, 108909584, 850868]] [1565286956.0, [64094.0, 2050822, 65626136, 512710, 8203288, 64094]] [1171134182070.0, [47949693.0, 1534385247, 49100323449, 383602047, 6138057081, 47954907]] [36754112382.0, [1505424.0, 48173115, 1541539680, 12112955, 192137056, 1505424]]
Model_cost: [14874928988.06081, [1923.9307432432433, 20907553, 668963196, 1200097, 49399997, 84962]] [3902304558.0, [7467.0, 2666607, 85328280, 86895, 77870232, 92331]] [301284429.3333333, [15.333333333333332, 195220, 6246800, 13140, 6246800, 13130]] [5035733326.666666, [2511.6666666666665, 3327912, 106001424, 38704, 103508112, 115866]] [917419608.0, [359.0, 1088262, 34713624, 45830, 7767768, 9938]] [295683453467.7999, [1109.3500000000001, 191813655, 6138011769, 5340891, 6137123253, 7106490]] [1377473518.75, [146.3125, 1027451, 32837664, 62307, 25504800, 39328]]
Arch_Param: [64, 16384, 16384, 4, 1024, 16]
Samsung_cost: [19512393632.0, [801777.5, 12834849, 820922876, 6444065, 102001340, 797857]] [15234417678.0, [618351.0, 9891951, 633078168, 4912239, 85328280, 668271]] [1270637620.0, [52170.0, 834570, 53412240, 417290, 6676880, 52170]] [20726708840.0, [850868.0, 13613588, 871269392, 6806804, 108909584, 850868]] [1561185324.0, [64094.0, 1025414, 65626136, 512710, 8203288, 64094]] [1168065411894.0, [47949693.0, 767192703, 49100323449, 383602047, 6138057081, 47954907]] [36657765542.0, [1505424.0, 24086559, 1541539680, 12112927, 192137056, 1505424]]
Model_cost: [14833139804.06081, [1923.9307432432433, 10460257, 668963196, 1200097, 49399997, 84962]] [3896971566.0, [7467.0, 1333359, 85328280, 86895, 77870232, 92331]] [300919369.3333333, [15.333333333333332, 104010, 6246800, 13130, 6246800, 13130]] [5029143622.666666, [2511.6666666666665, 1680596, 106001424, 38684, 103508112, 115866]] [915252824.0, [359.0, 546566, 34713624, 45830, 7767768, 9938]] [295299828011.7999, [1109.3500000000001, 95907291, 6138011769, 5340891, 6137123253, 7106490]] [1375424278.75, [146.3125, 515295, 32837664, 62279, 25504800, 39328]]
Arch_Param: [64, 16384, 16384, 8, 256, 16]
Samsung_cost: [9881959918.0, [402609.5, 25765412, 412205564, 3236900, 51464892, 403041]] [15353119758.0, [618351.0, 39567471, 633078168, 4912239, 85328280, 668271]] [1280652860.0, [52170.0, 3338270, 53412240, 417310, 6676880, 52170]] [20890072956.0, [850868.0, 54454342, 871269392, 6806854, 108909584, 850868]] [1515842124.0, [61746.0, 3951366, 63221784, 493926, 7902744, 61746]] [1177271722422.0, [47949693.0, 3068770335, 49100323449, 383602047, 6138057081, 47954907]] [36490361212.0, [1486224.0, 95117430, 1521878880, 11924598, 190236512, 1490576]]
Model_cost: [8672052930.655405, [1092.8091216216217, 22447780, 359125692, 642660, 49399997, 84962]] [3912970542.0, [7467.0, 5333103, 85328280, 86895, 77870232, 92331]] [302065489.3333333, [15.333333333333332, 390430, 6246800, 13150, 6246800, 13130]] [5048963674.666666, [2511.6666666666665, 6635334, 106001424, 38734, 103508112, 115866]] [569765448.0, [203.0, 1085830, 17356824, 22918, 7767768, 9938]] [296450704379.7999, [1109.3500000000001, 383626383, 6138011769, 5340891, 6137123253, 7106490]] [1293639936.25, [110.4375, 1783542, 28515872, 43166, 25504800, 39328]]
Arch_Param: [64, 16384, 16384, 8, 512, 16]
Samsung_cost: [9830430112.0, [402609.5, 12882977, 412205564, 3236897, 51464892, 403041]] [15273985038.0, [618351.0, 19783791, 633078168, 4912239, 85328280, 668271]] [1273976120.0, [52170.0, 1669140, 53412240, 417300, 6676880, 52170]] [20781163632.0, [850868.0, 27227176, 871269392, 6806824, 108909584, 850868]] [1507939404.0, [61746.0, 1975686, 63221784, 493926, 7902744, 61746]] [1171134182070.0, [47949693.0, 1534385247, 49100323449, 383602047, 6138057081, 47954907]] [36300125054.0, [1486224.0, 47558715, 1521878880, 11924539, 190236512, 1490576]]
Model_cost: [8627158388.655405, [1092.8091216216217, 11224161, 359125692, 642657, 49399997, 84962]] [3902304558.0, [7467.0, 2666607, 85328280, 86895, 77870232, 92331]] [301284429.3333333, [15.333333333333332, 195220, 6246800, 13140, 6246800, 13130]] [5035733326.666666, [2511.6666666666665, 3327912, 106001424, 38704, 103508112, 115866]] [567598664.0, [203.0, 544134, 17356824, 22918, 7767768, 9938]] [295683453467.7999, [1109.3500000000001, 191813655, 6138011769, 5340891, 6137123253, 7106490]] [1290071554.25, [110.4375, 891771, 28515872, 43107, 25504800, 39328]]
Arch_Param: [64, 16384, 16384, 8, 1024, 16]
Samsung_cost: [9804678560.0, [402609.5, 6445089, 412205564, 3236897, 51464892, 403041]] [15234417678.0, [618351.0, 9891951, 633078168, 4912239, 85328280, 668271]] [1270637620.0, [52170.0, 834570, 53412240, 417290, 6676880, 52170]] [20726708840.0, [850868.0, 13613588, 871269392, 6806804, 108909584, 850868]] [1503988044.0, [61746.0, 987846, 63221784, 493926, 7902744, 61746]] [1168065411894.0, [47949693.0, 767192703, 49100323449, 383602047, 6138057081, 47954907]] [36205007014.0, [1486224.0, 23779359, 1521878880, 11924511, 190236512, 1490576]]
Model_cost: [8604723572.655405, [1092.8091216216217, 5615457, 359125692, 642657, 49399997, 84962]] [3896971566.0, [7467.0, 1333359, 85328280, 86895, 77870232, 92331]] [300919369.3333333, [15.333333333333332, 104010, 6246800, 13130, 6246800, 13130]] [5029143622.666666, [2511.6666666666665, 1680596, 106001424, 38684, 103508112, 115866]] [566515272.0, [203.0, 273286, 17356824, 22918, 7767768, 9938]] [295299828011.7999, [1109.3500000000001, 95907291, 6138011769, 5340891, 6137123253, 7106490]] [1288290602.25, [110.4375, 446687, 28515872, 43079, 25504800, 39328]]
Arch_Param: [64, 16384, 16384, 16, 256, 16]
Samsung_cost: [9636886894.0, [392401.5, 25112100, 401767932, 3146788, 50350780, 394337]] [15353119758.0, [618351.0, 39567471, 633078168, 4912239, 85328280, 668271]] [1280652860.0, [52170.0, 3338270, 53412240, 417310, 6676880, 52170]] [20890072956.0, [850868.0, 54454342, 871269392, 6806854, 108909584, 850868]] [1499588700.0, [61084.0, 3908998, 62543896, 488630, 7818008, 61084]] [1177271722422.0, [47949693.0, 3068770335, 49100323449, 383602047, 6138057081, 47954907]] [36440078716.0, [1484176.0, 94986358, 1519781728, 11908214, 189974368, 1488528]]
Model_cost: [5529938717.331081, [597.7618243243244, 12767908, 204263100, 364068, 49399997, 84962]] [3912970542.0, [7467.0, 5333103, 85328280, 86895, 77870232, 92331]] [302065489.3333333, [15.333333333333332, 390430, 6246800, 13150, 6246800, 13130]] [5048963674.666666, [2511.6666666666665, 6635334, 106001424, 38734, 103508112, 115866]] [393630280.0, [107.0, 542918, 8678424, 5062, 7767768, 9938]] [296450704379.7999, [1109.3500000000001, 383626383, 6138011769, 5340891, 6137123253, 7106490]] [1249656302.0, [91.5, 1647862, 26354976, 33054, 25504800, 39328]]
Arch_Param: [64, 16384, 16384, 16, 512, 16]
Samsung_cost: [9586663712.0, [392401.5, 12556321, 401767932, 3146785, 50350780, 394337]] [15273985038.0, [618351.0, 19783791, 633078168, 4912239, 85328280, 668271]] [1273976120.0, [52170.0, 1669140, 53412240, 417300, 6676880, 52170]] [20781163632.0, [850868.0, 27227176, 871269392, 6806824, 108909584, 850868]] [1491770716.0, [61084.0, 1954502, 62543896, 488630, 7818008, 61084]] [1171134182070.0, [47949693.0, 1534385247, 49100323449, 383602047, 6138057081, 47954907]] [36250104702.0, [1484176.0, 47493179, 1519781728, 11908155, 189974368, 1488528]]
Model_cost: [5504403919.331081, [597.7618243243244, 6384225, 204263100, 364065, 49399997, 84962]] [3902304558.0, [7467.0, 2666607, 85328280, 86895, 77870232, 92331]] [301284429.3333333, [15.333333333333332, 195220, 6246800, 13140, 6246800, 13130]] [5035733326.666666, [2511.6666666666665, 3327912, 106001424, 38704, 103508112, 115866]] [392546888.0, [107.0, 272070, 8678424, 5062, 7767768, 9938]] [295683453467.7999, [1109.3500000000001, 191813655, 6138011769, 5340891, 6137123253, 7106490]] [1246359280.0, [91.5, 823931, 26354976, 32995, 25504800, 39328]]
Arch_Param: [64, 16384, 16384, 16, 1024, 16]
Samsung_cost: [9561559328.0, [392401.5, 6280225, 401767932, 3146785, 50350780, 394337]] [15234417678.0, [618351.0, 9891951, 633078168, 4912239, 85328280, 668271]] [1270637620.0, [52170.0, 834570, 53412240, 417290, 6676880, 52170]] [20726708840.0, [850868.0, 13613588, 871269392, 6806804, 108909584, 850868]] [1487861724.0, [61084.0, 977254, 62543896, 488630, 7818008, 61084]] [1168065411894.0, [47949693.0, 767192703, 49100323449, 383602047, 6138057081, 47954907]] [36155117734.0, [1484176.0, 23746591, 1519781728, 11908127, 189974368, 1488528]]
Model_cost: [5491642831.331081, [597.7618243243244, 3193953, 204263100, 364065, 49399997, 84962]] [3896971566.0, [7467.0, 1333359, 85328280, 86895, 77870232, 92331]] [300919369.3333333, [15.333333333333332, 104010, 6246800, 13130, 6246800, 13130]] [5029143622.666666, [2511.6666666666665, 1680596, 106001424, 38684, 103508112, 115866]] [392005192.0, [107.0, 136646, 8678424, 5062, 7767768, 9938]] [295299828011.7999, [1109.3500000000001, 95907291, 6138011769, 5340891, 6137123253, 7106490]] [1244712472.0, [91.5, 412383, 26354976, 32967, 25504800, 39328]]
Arch_Param: [64, 16384, 16384, 32, 256, 16]
Samsung_cost: [9514350382.0, [387297.5, 24785444, 396549116, 3101732, 49793724, 389985]] [15353119758.0, [618351.0, 39567471, 633078168, 4912239, 85328280, 668271]] [1280652860.0, [52170.0, 3338270, 53412240, 417310, 6676880, 52170]] [20890072956.0, [850868.0, 54454342, 871269392, 6806854, 108909584, 850868]] [1491461988.0, [60753.0, 3887814, 62204952, 485982, 7775640, 60753]] [1177271722422.0, [47949693.0, 3068770335, 49100323449, 383602047, 6138057081, 47954907]] [36414937468.0, [1483152.0, 94920822, 1518733152, 11900022, 189843296, 1487504]]
Model_cost: [3464290555.6689186, [367.9881756756757, 6404260, 102452412, 183460, 49399997, 84962]] [3912970542.0, [7467.0, 5333103, 85328280, 86895, 77870232, 92331]] [302065489.3333333, [15.333333333333332, 390430, 6246800, 13150, 6246800, 13130]] [5048963674.666666, [2511.6666666666665, 6635334, 106001424, 38734, 103508112, 115866]] [382712668.0, [78.0, 509030, 8140312, 4198, 7767768, 9938]] [296450704379.7999, [1109.3500000000001, 383626383, 6138011769, 5340891, 6137123253, 7106490]] [1238482503.1666667, [85.54166666666667, 1613302, 25807008, 29598, 25504800, 39328]]
Arch_Param: [64, 16384, 16384, 32, 512, 16]
Samsung_cost: [9464780512.0, [387297.5, 12392993, 396549116, 3101729, 49793724, 389985]] [15273985038.0, [618351.0, 19783791, 633078168, 4912239, 85328280, 668271]] [1273976120.0, [52170.0, 1669140, 53412240, 417300, 6676880, 52170]] [20781163632.0, [850868.0, 27227176, 871269392, 6806824, 108909584, 850868]] [1483686372.0, [60753.0, 1943910, 62204952, 485982, 7775640, 60753]] [1171134182070.0, [47949693.0, 1534385247, 49100323449, 383602047, 6138057081, 47954907]] [36225094526.0, [1483152.0, 47460411, 1518733152, 11899963, 189843296, 1487504]]
Model_cost: [3451483053.6689186, [367.9881756756757, 3202401, 102452412, 183457, 49399997, 84962]] [3902304558.0, [7467.0, 2666607, 85328280, 86895, 77870232, 92331]] [301284429.3333333, [15.333333333333332, 195220, 6246800, 13140, 6246800, 13130]] [5035733326.666666, [2511.6666666666665, 3327912, 106001424, 38704, 103508112, 115866]] [381695836.0, [78.0, 254822, 8140312, 4198, 7767768, 9938]] [295683453467.7999, [1109.3500000000001, 191813655, 6138011769, 5340891, 6137123253, 7106490]] [1235254601.1666667, [85.54166666666667, 806651, 25807008, 29539, 25504800, 39328]]
Arch_Param: [64, 16384, 16384, 32, 1024, 16]
Samsung_cost: [9439999712.0, [387297.5, 6197793, 396549116, 3101729, 49793724, 389985]] [15234417678.0, [618351.0, 9891951, 633078168, 4912239, 85328280, 668271]] [1270637620.0, [52170.0, 834570, 53412240, 417290, 6676880, 52170]] [20726708840.0, [850868.0, 13613588, 871269392, 6806804, 108909584, 850868]] [1479798564.0, [60753.0, 971958, 62204952, 485982, 7775640, 60753]] [1168065411894.0, [47949693.0, 767192703, 49100323449, 383602047, 6138057081, 47954907]] [36130173094.0, [1483152.0, 23730207, 1518733152, 11899935, 189843296, 1487504]]
Model_cost: [3445082541.6689186, [367.9881756756757, 1602273, 102452412, 183457, 49399997, 84962]] [3896971566.0, [7467.0, 1333359, 85328280, 86895, 77870232, 92331]] [300919369.3333333, [15.333333333333332, 104010, 6246800, 13130, 6246800, 13130]] [5029143622.666666, [2511.6666666666665, 1680596, 106001424, 38684, 103508112, 115866]] [381187420.0, [78.0, 127718, 8140312, 4198, 7767768, 9938]] [295299828011.7999, [1109.3500000000001, 95907291, 6138011769, 5340891, 6137123253, 7106490]] [1233641585.1666667, [85.54166666666667, 403551, 25807008, 29511, 25504800, 39328]]
Arch_Param: [64, 16384, 8192, 4, 256, 16]
Samsung_cost: [19688751804.0, [1603522.0, 51312164, 820922876, 6444068, 102001340, 797857]] [15370430478.0, [1236591.0, 39567471, 633078168, 4912239, 85328280, 668271]] [1282113340, [104330, 3338270, 53412240, 417310, 6676880, 52170]] [20913896700, [1701716, 54454342, 871269392, 6806854, 108909584, 850868]] [1575284684, [128182, 4101638, 65626136, 512710, 8203288, 64094]] [1178614309374.0, [95899227.0, 3068770335, 49100323449, 383602047, 6138057081, 47954907]] [36988957564.0, [3010832.0, 96346230, 1541539680, 12113014, 192137056, 1505424]]
Model_cost: [14958609660.277779, [3801.152777777778, 41814564, 668963196, 1200100, 49399997, 84962]] [3913176510.0, [14823.0, 5333103, 85328280, 86895, 77870232, 92331]] [302065648.0, [21.0, 390430, 6246800, 13150, 6246800, 13130]] [5049033460.0, [5004.0, 6635334, 106001424, 38734, 103508112, 115866]] [921763032, [711, 2171654, 34713624, 45830, 7767768, 9938]] [296450733140.0, [2136.5, 383626383, 6138011769, 5340891, 6137123253, 7106490]] [1381587681.5, [255.625, 2054902, 32837664, 62366, 25504800, 39328]]
Arch_Param: [64, 16384, 8192, 4, 512, 16]
Samsung_cost: [19586128494.0, [1603522.0, 25656353, 820922876, 6444065, 102001340, 797857]] [15291295758.0, [1236591.0, 19783791, 633078168, 4912239, 85328280, 668271]] [1275436600, [104330, 1669140, 53412240, 417300, 6676880, 52170]] [20804987376, [1701716, 27227176, 871269392, 6806824, 108909584, 850868]] [1567081420, [128182, 2050822, 65626136, 512710, 8203288, 64094]] [1172476769022.0, [95899227.0, 1534385247, 49100323449, 383602047, 6138057081, 47954907]] [36796263806.0, [3010832.0, 48173115, 1541539680, 12112955, 192137056, 1505424]]
Model_cost: [14874981550.277779, [3801.152777777778, 20907553, 668963196, 1200097, 49399997, 84962]] [3902510526.0, [14823.0, 2666607, 85328280, 86895, 77870232, 92331]] [301284588.0, [21.0, 195220, 6246800, 13140, 6246800, 13130]] [5035803112.0, [5004.0, 3327912, 106001424, 38704, 103508112, 115866]] [917429464, [711, 1088262, 34713624, 45830, 7767768, 9938]] [295683482228.0, [2136.5, 191813655, 6138011769, 5340891, 6137123253, 7106490]] [1377476579.5, [255.625, 1027451, 32837664, 62307, 25504800, 39328]]
Arch_Param: [64, 16384, 8192, 4, 1024, 16]
Samsung_cost: [19534842478.0, [1603522.0, 12834849, 820922876, 6444065, 102001340, 797857]] [15251728398.0, [1236591.0, 9891951, 633078168, 4912239, 85328280, 668271]] [1272098100, [104330, 834570, 53412240, 417290, 6676880, 52170]] [20750532584, [1701716, 13613588, 871269392, 6806804, 108909584, 850868]] [1562979788, [128182, 1025414, 65626136, 512710, 8203288, 64094]] [1169407998846.0, [95899227.0, 767192703, 49100323449, 383602047, 6138057081, 47954907]] [36699916966.0, [3010832.0, 24086559, 1541539680, 12112927, 192137056, 1505424]]
Model_cost: [14833192366.277779, [3801.152777777778, 10460257, 668963196, 1200097, 49399997, 84962]] [3897177534.0, [14823.0, 1333359, 85328280, 86895, 77870232, 92331]] [300919528.0, [21.0, 104010, 6246800, 13130, 6246800, 13130]] [5029213408.0, [5004.0, 1680596, 106001424, 38684, 103508112, 115866]] [915262680, [711, 546566, 34713624, 45830, 7767768, 9938]] [295299856772.0, [2136.5, 95907291, 6138011769, 5340891, 6137123253, 7106490]] [1375427339.5, [255.625, 515295, 32837664, 62279, 25504800, 39328]]
Arch_Param: [64, 16384, 8192, 8, 256, 16]
Samsung_cost: [9893232060.0, [805186.0, 25765412, 412205564, 3236900, 51464892, 403041]] [15370430478.0, [1236591.0, 39567471, 633078168, 4912239, 85328280, 668271]] [1282113340, [104330, 3338270, 53412240, 417310, 6676880, 52170]] [20913896700, [1701716, 54454342, 871269392, 6806854, 108909584, 850868]] [1517570844, [123486, 3951366, 63221784, 493926, 7902744, 61746]] [1178614309374.0, [95899227.0, 3068770335, 49100323449, 383602047, 6138057081, 47954907]] [36531975036.0, [2972432.0, 95117430, 1521878880, 11924598, 190236512, 1490576]]
Model_cost: [8672079977.38889, [2058.7638888888887, 22447780, 359125692, 642660, 49399997, 84962]] [3913176510.0, [14823.0, 5333103, 85328280, 86895, 77870232, 92331]] [302065648.0, [21.0, 390430, 6246800, 13150, 6246800, 13130]] [5049033460.0, [5004.0, 6635334, 106001424, 38734, 103508112, 115866]] [569769816, [359, 1085830, 17356824, 22918, 7767768, 9938]] [296450733140.0, [2136.5, 383626383, 6138011769, 5340891, 6137123253, 7106490]] [1293642104.5, [187.875, 1783542, 28515872, 43166, 25504800, 39328]]
Arch_Param: [64, 16384, 8192, 8, 512, 16]
Samsung_cost: [9841702254.0, [805186.0, 12882977, 412205564, 3236897, 51464892, 403041]] [15291295758.0, [1236591.0, 19783791, 633078168, 4912239, 85328280, 668271]] [1275436600, [104330, 1669140, 53412240, 417300, 6676880, 52170]] [20804987376, [1701716, 27227176, 871269392, 6806824, 108909584, 850868]] [1509668124, [123486, 1975686, 63221784, 493926, 7902744, 61746]] [1172476769022.0, [95899227.0, 1534385247, 49100323449, 383602047, 6138057081, 47954907]] [36341738878.0, [2972432.0, 47558715, 1521878880, 11924539, 190236512, 1490576]]
Model_cost: [8627185435.38889, [2058.7638888888887, 11224161, 359125692, 642657, 49399997, 84962]] [3902510526.0, [14823.0, 2666607, 85328280, 86895, 77870232, 92331]] [301284588.0, [21.0, 195220, 6246800, 13140, 6246800, 13130]] [5035803112.0, [5004.0, 3327912, 106001424, 38704, 103508112, 115866]] [567603032, [359, 544134, 17356824, 22918, 7767768, 9938]] [295683482228.0, [2136.5, 191813655, 6138011769, 5340891, 6137123253, 7106490]] [1290073722.5, [187.875, 891771, 28515872, 43107, 25504800, 39328]]
Arch_Param: [64, 16384, 8192, 8, 1024, 16]
Samsung_cost: [9815950702.0, [805186.0, 6445089, 412205564, 3236897, 51464892, 403041]] [15251728398.0, [1236591.0, 9891951, 633078168, 4912239, 85328280, 668271]] [1272098100, [104330, 834570, 53412240, 417290, 6676880, 52170]] [20750532584, [1701716, 13613588, 871269392, 6806804, 108909584, 850868]] [1505716764, [123486, 987846, 63221784, 493926, 7902744, 61746]] [1169407998846.0, [95899227.0, 767192703, 49100323449, 383602047, 6138057081, 47954907]] [36246620838.0, [2972432.0, 23779359, 1521878880, 11924511, 190236512, 1490576]]
Model_cost: [8604750619.38889, [2058.7638888888887, 5615457, 359125692, 642657, 49399997, 84962]] [3897177534.0, [14823.0, 1333359, 85328280, 86895, 77870232, 92331]] [300919528.0, [21.0, 104010, 6246800, 13130, 6246800, 13130]] [5029213408.0, [5004.0, 1680596, 106001424, 38684, 103508112, 115866]] [566519640, [359, 273286, 17356824, 22918, 7767768, 9938]] [295299856772.0, [2136.5, 95907291, 6138011769, 5340891, 6137123253, 7106490]] [1288292770.5, [187.875, 446687, 28515872, 43079, 25504800, 39328]]
Arch_Param: [64, 16384, 8192, 16, 256, 16]
Samsung_cost: [9647873212.0, [784770.0, 25112100, 401767932, 3146788, 50350780, 394337]] [15370430478.0, [1236591.0, 39567471, 633078168, 4912239, 85328280, 668271]] [1282113340, [104330, 3338270, 53412240, 417310, 6676880, 52170]] [20913896700, [1701716, 54454342, 871269392, 6806854, 108909584, 850868]] [1501298884, [122162, 3908998, 62543896, 488630, 7818008, 61084]] [1178614309374.0, [95899227.0, 3068770335, 49100323449, 383602047, 6138057081, 47954907]] [36481635196.0, [2968336.0, 94986358, 1519781728, 11908214, 189974368, 1488528]]
Model_cost: [5529954112.722222, [1147.5972222222222, 12767908, 204263100, 364068, 49399997, 84962]] [3913176510.0, [14823.0, 5333103, 85328280, 86895, 77870232, 92331]] [302065648.0, [21.0, 390430, 6246800, 13150, 6246800, 13130]] [5049033460.0, [5004.0, 6635334, 106001424, 38734, 103508112, 115866]] [393632632, [191, 542918, 8678424, 5062, 7767768, 9938]] [296450733140.0, [2136.5, 383626383, 6138011769, 5340891, 6137123253, 7106490]] [1249657968.0, [151.0, 1647862, 26354976, 33054, 25504800, 39328]]
Arch_Param: [64, 16384, 8192, 16, 512, 16]
Samsung_cost: [9597650030.0, [784770.0, 12556321, 401767932, 3146785, 50350780, 394337]] [15291295758.0, [1236591.0, 19783791, 633078168, 4912239, 85328280, 668271]] [1275436600, [104330, 1669140, 53412240, 417300, 6676880, 52170]] [20804987376, [1701716, 27227176, 871269392, 6806824, 108909584, 850868]] [1493480900, [122162, 1954502, 62543896, 488630, 7818008, 61084]] [1172476769022.0, [95899227.0, 1534385247, 49100323449, 383602047, 6138057081, 47954907]] [36291661182.0, [2968336.0, 47493179, 1519781728, 11908155, 189974368, 1488528]]
Model_cost: [5504419314.722222, [1147.5972222222222, 6384225, 204263100, 364065, 49399997, 84962]] [3902510526.0, [14823.0, 2666607, 85328280, 86895, 77870232, 92331]] [301284588.0, [21.0, 195220, 6246800, 13140, 6246800, 13130]] [5035803112.0, [5004.0, 3327912, 106001424, 38704, 103508112, 115866]] [392549240, [191, 272070, 8678424, 5062, 7767768, 9938]] [295683482228.0, [2136.5, 191813655, 6138011769, 5340891, 6137123253, 7106490]] [1246360946.0, [151.0, 823931, 26354976, 32995, 25504800, 39328]]
Arch_Param: [64, 16384, 8192, 16, 1024, 16]
Samsung_cost: [9572545646.0, [784770.0, 6280225, 401767932, 3146785, 50350780, 394337]] [15251728398.0, [1236591.0, 9891951, 633078168, 4912239, 85328280, 668271]] [1272098100, [104330, 834570, 53412240, 417290, 6676880, 52170]] [20750532584, [1701716, 13613588, 871269392, 6806804, 108909584, 850868]] [1489571908, [122162, 977254, 62543896, 488630, 7818008, 61084]] [1169407998846.0, [95899227.0, 767192703, 49100323449, 383602047, 6138057081, 47954907]] [36196674214.0, [2968336.0, 23746591, 1519781728, 11908127, 189974368, 1488528]]
Model_cost: [5491658226.722222, [1147.5972222222222, 3193953, 204263100, 364065, 49399997, 84962]] [3897177534.0, [14823.0, 1333359, 85328280, 86895, 77870232, 92331]] [300919528.0, [21.0, 104010, 6246800, 13130, 6246800, 13130]] [5029213408.0, [5004.0, 1680596, 106001424, 38684, 103508112, 115866]] [392007544, [191, 136646, 8678424, 5062, 7767768, 9938]] [295299856772.0, [2136.5, 95907291, 6138011769, 5340891, 6137123253, 7106490]] [1244714138.0, [151.0, 412383, 26354976, 32967, 25504800, 39328]]
Arch_Param: [64, 16384, 8192, 32, 256, 16]
Samsung_cost: [9525193788.0, [774562.0, 24785444, 396549116, 3101732, 49793724, 389985]] [15370430478.0, [1236591.0, 39567471, 633078168, 4912239, 85328280, 668271]] [1282113340, [104330, 3338270, 53412240, 417310, 6676880, 52170]] [20913896700, [1701716, 54454342, 871269392, 6806854, 108909584, 850868]] [1493162904, [121500, 3887814, 62204952, 485982, 7775640, 60753]] [1178614309374.0, [95899227.0, 3068770335, 49100323449, 383602047, 6138057081, 47954907]] [36456465276.0, [2966288.0, 94920822, 1518733152, 11900022, 189843296, 1487504]]
Model_cost: [3464297108.388889, [602.0138888888889, 6404260, 102452412, 183460, 49399997, 84962]] [3913176510.0, [14823.0, 5333103, 85328280, 86895, 77870232, 92331]] [302065648.0, [21.0, 390430, 6246800, 13150, 6246800, 13130]] [5049033460.0, [5004.0, 6635334, 106001424, 38734, 103508112, 115866]] [382714208, [133, 509030, 8140312, 4198, 7767768, 9938]] [296450733140.0, [2136.5, 383626383, 6138011769, 5340891, 6137123253, 7106490]] [1238484002.3333333, [139.08333333333334, 1613302, 25807008, 29598, 25504800, 39328]]
Arch_Param: [64, 16384, 8192, 32, 512, 16]
Samsung_cost: [9475623918.0, [774562.0, 12392993, 396549116, 3101729, 49793724, 389985]] [15291295758.0, [1236591.0, 19783791, 633078168, 4912239, 85328280, 668271]] [1275436600, [104330, 1669140, 53412240, 417300, 6676880, 52170]] [20804987376, [1701716, 27227176, 871269392, 6806824, 108909584, 850868]] [1485387288, [121500, 1943910, 62204952, 485982, 7775640, 60753]] [1172476769022.0, [95899227.0, 1534385247, 49100323449, 383602047, 6138057081, 47954907]] [36266622334.0, [2966288.0, 47460411, 1518733152, 11899963, 189843296, 1487504]]
Model_cost: [3451489606.388889, [602.0138888888889, 3202401, 102452412, 183457, 49399997, 84962]] [3902510526.0, [14823.0, 2666607, 85328280, 86895, 77870232, 92331]] [301284588.0, [21.0, 195220, 6246800, 13140, 6246800, 13130]] [5035803112.0, [5004.0, 3327912, 106001424, 38704, 103508112, 115866]] [381697376, [133, 254822, 8140312, 4198, 7767768, 9938]] [295683482228.0, [2136.5, 191813655, 6138011769, 5340891, 6137123253, 7106490]] [1235256100.3333333, [139.08333333333334, 806651, 25807008, 29539, 25504800, 39328]]
Arch_Param: [64, 16384, 8192, 32, 1024, 16]
Samsung_cost: [9450843118.0, [774562.0, 6197793, 396549116, 3101729, 49793724, 389985]] [15251728398.0, [1236591.0, 9891951, 633078168, 4912239, 85328280, 668271]] [1272098100, [104330, 834570, 53412240, 417290, 6676880, 52170]] [20750532584, [1701716, 13613588, 871269392, 6806804, 108909584, 850868]] [1481499480, [121500, 971958, 62204952, 485982, 7775640, 60753]] [1169407998846.0, [95899227.0, 767192703, 49100323449, 383602047, 6138057081, 47954907]] [36171700902.0, [2966288.0, 23730207, 1518733152, 11899935, 189843296, 1487504]]
Model_cost: [3445089094.388889, [602.0138888888889, 1602273, 102452412, 183457, 49399997, 84962]] [3897177534.0, [14823.0, 1333359, 85328280, 86895, 77870232, 92331]] [300919528.0, [21.0, 104010, 6246800, 13130, 6246800, 13130]] [5029213408.0, [5004.0, 1680596, 106001424, 38684, 103508112, 115866]] [381188960, [133, 127718, 8140312, 4198, 7767768, 9938]] [295299856772.0, [2136.5, 95907291, 6138011769, 5340891, 6137123253, 7106490]] [1233643084.3333333, [139.08333333333334, 403551, 25807008, 29511, 25504800, 39328]]
Arch_Param: [64, 16384, 4096, 4, 256, 16]
Samsung_cost: [19733649496.0, [3207011.0, 51312164, 820922876, 6444068, 102001340, 797857]] [15405051918.0, [2473071.0, 39567471, 633078168, 4912239, 85328280, 668271]] [1285034300, [208650, 3338270, 53412240, 417310, 6676880, 52170]] [20961544188, [3403412, 54454342, 871269392, 6806854, 108909584, 850868]] [1578873612, [256358, 4101638, 65626136, 512710, 8203288, 64094]] [1181299483278.0, [191798295.0, 3068770335, 49100323449, 383602047, 6138057081, 47954907]] [37073260412, [6021648, 96346230, 1541539680, 12113014, 192137056, 1505424]]
Model_cost: [14958712465.0, [7472.75, 41814564, 668963196, 1200100, 49399997, 84962]] [3913587102.0, [29511.0, 5333103, 85328280, 86895, 77870232, 92307]] [302065956, [32, 390430, 6246800, 13150, 6246800, 13130]] [5049172732.0, [9978.0, 6635334, 106001424, 38734, 103508112, 115866]] [921782772, [1416, 2171654, 34713624, 45830, 7767768, 9938]] [296450787418.0, [4077.0, 383626383, 6138011769, 5340891, 6137123253, 7106488]] [1381593971.0, [480.25, 2054902, 32837664, 62366, 25504800, 39328]]
Arch_Param: [64, 16384, 4096, 4, 512, 16]
Samsung_cost: [19631026186.0, [3207011.0, 25656353, 820922876, 6444065, 102001340, 797857]] [15325917198.0, [2473071.0, 19783791, 633078168, 4912239, 85328280, 668271]] [1278357560, [208650, 1669140, 53412240, 417300, 6676880, 52170]] [20852634864, [3403412, 27227176, 871269392, 6806824, 108909584, 850868]] [1570670348, [256358, 2050822, 65626136, 512710, 8203288, 64094]] [1175161942926.0, [191798295.0, 1534385247, 49100323449, 383602047, 6138057081, 47954907]] [36880566654, [6021648, 48173115, 1541539680, 12112955, 192137056, 1505424]]
Model_cost: [14875084355.0, [7472.75, 20907553, 668963196, 1200097, 49399997, 84962]] [3902921118.0, [29511.0, 2666607, 85328280, 86895, 77870232, 92307]] [301284896, [32, 195220, 6246800, 13140, 6246800, 13130]] [5035942384.0, [9978.0, 3327912, 106001424, 38704, 103508112, 115866]] [917449204, [1416, 1088262, 34713624, 45830, 7767768, 9938]] [295683536506.0, [4077.0, 191813655, 6138011769, 5340891, 6137123253, 7106488]] [1377482869.0, [480.25, 1027451, 32837664, 62307, 25504800, 39328]]
Arch_Param: [64, 16384, 4096, 4, 1024, 16]
Samsung_cost: [19579740170.0, [3207011.0, 12834849, 820922876, 6444065, 102001340, 797857]] [15286349838.0, [2473071.0, 9891951, 633078168, 4912239, 85328280, 668271]] [1275019060, [208650, 834570, 53412240, 417290, 6676880, 52170]] [20798180072, [3403412, 13613588, 871269392, 6806804, 108909584, 850868]] [1566568716, [256358, 1025414, 65626136, 512710, 8203288, 64094]] [1172093172750.0, [191798295.0, 767192703, 49100323449, 383602047, 6138057081, 47954907]] [36784219814, [6021648, 24086559, 1541539680, 12112927, 192137056, 1505424]]
Model_cost: [14833295171.0, [7472.75, 10460257, 668963196, 1200097, 49399997, 84962]] [3897588126.0, [29511.0, 1333359, 85328280, 86895, 77870232, 92307]] [300919836, [32, 104010, 6246800, 13130, 6246800, 13130]] [5029352680.0, [9978.0, 1680596, 106001424, 38684, 103508112, 115866]] [915282420, [1416, 546566, 34713624, 45830, 7767768, 9938]] [295299911050.0, [4077.0, 95907291, 6138011769, 5340891, 6137123253, 7106488]] [1375433629.0, [480.25, 515295, 32837664, 62279, 25504800, 39328]]
Arch_Param: [64, 16384, 4096, 8, 256, 16]
Samsung_cost: [9915776344.0, [1610339.0, 25765412, 412205564, 3236900, 51464892, 403041]] [15405051918.0, [2473071.0, 39567471, 633078168, 4912239, 85328280, 668271]] [1285034300, [208650, 3338270, 53412240, 417310, 6676880, 52170]] [20961544188, [3403412, 54454342, 871269392, 6806854, 108909584, 850868]] [1521028284, [246966, 3951366, 63221784, 493926, 7902744, 61746]] [1181299483278.0, [191798295.0, 3068770335, 49100323449, 383602047, 6138057081, 47954907]] [36615202684, [5944848, 95117430, 1521878880, 11924598, 190236512, 1490576]]
Model_cost: [8672134122.777779, [3992.527777777778, 22447780, 359125692, 642660, 49399997, 84962]] [3913587102.0, [29511.0, 5333103, 85328280, 86895, 77870232, 92307]] [302065956, [32, 390430, 6246800, 13150, 6246800, 13130]] [5049172732.0, [9978.0, 6635334, 106001424, 38734, 103508112, 115866]] [569779672, [711, 1085830, 17356824, 22918, 7767768, 9938]] [296450787418.0, [4077.0, 383626383, 6138011769, 5340891, 6137123253, 7106488]] [1293646497.0, [344.75, 1783542, 28515872, 43166, 25504800, 39328]]
Arch_Param: [64, 16384, 4096, 8, 512, 16]
Samsung_cost: [9864246538.0, [1610339.0, 12882977, 412205564, 3236897, 51464892, 403041]] [15325917198.0, [2473071.0, 19783791, 633078168, 4912239, 85328280, 668271]] [1278357560, [208650, 1669140, 53412240, 417300, 6676880, 52170]] [20852634864, [3403412, 27227176, 871269392, 6806824, 108909584, 850868]] [1513125564, [246966, 1975686, 63221784, 493926, 7902744, 61746]] [1175161942926.0, [191798295.0, 1534385247, 49100323449, 383602047, 6138057081, 47954907]] [36424966526, [5944848, 47558715, 1521878880, 11924539, 190236512, 1490576]]
Model_cost: [8627239580.777779, [3992.527777777778, 11224161, 359125692, 642657, 49399997, 84962]] [3902921118.0, [29511.0, 2666607, 85328280, 86895, 77870232, 92307]] [301284896, [32, 195220, 6246800, 13140, 6246800, 13130]] [5035942384.0, [9978.0, 3327912, 106001424, 38704, 103508112, 115866]] [567612888, [711, 544134, 17356824, 22918, 7767768, 9938]] [295683536506.0, [4077.0, 191813655, 6138011769, 5340891, 6137123253, 7106488]] [1290078115.0, [344.75, 891771, 28515872, 43107, 25504800, 39328]]
Arch_Param: [64, 16384, 4096, 8, 1024, 16]
Samsung_cost: [9838494986.0, [1610339.0, 6445089, 412205564, 3236897, 51464892, 403041]] [15286349838.0, [2473071.0, 9891951, 633078168, 4912239, 85328280, 668271]] [1275019060, [208650, 834570, 53412240, 417290, 6676880, 52170]] [20798180072, [3403412, 13613588, 871269392, 6806804, 108909584, 850868]] [1509174204, [246966, 987846, 63221784, 493926, 7902744, 61746]] [1172093172750.0, [191798295.0, 767192703, 49100323449, 383602047, 6138057081, 47954907]] [36329848486, [5944848, 23779359, 1521878880, 11924511, 190236512, 1490576]]
Model_cost: [8604804764.777779, [3992.527777777778, 5615457, 359125692, 642657, 49399997, 84962]] [3897588126.0, [29511.0, 1333359, 85328280, 86895, 77870232, 92307]] [300919836, [32, 104010, 6246800, 13130, 6246800, 13130]] [5029352680.0, [9978.0, 1680596, 106001424, 38684, 103508112, 115866]] [566529496, [711, 273286, 17356824, 22918, 7767768, 9938]] [295299911050.0, [4077.0, 95907291, 6138011769, 5340891, 6137123253, 7106488]] [1288297163.0, [344.75, 446687, 28515872, 43079, 25504800, 39328]]
Arch_Param: [64, 16384, 4096, 16, 256, 16]
Samsung_cost: [9669845848.0, [1569507.0, 25112100, 401767932, 3146788, 50350780, 394337]] [15405051918.0, [2473071.0, 39567471, 633078168, 4912239, 85328280, 668271]] [1285034300, [208650, 3338270, 53412240, 417310, 6676880, 52170]] [20961544188, [3403412, 54454342, 871269392, 6806854, 108909584, 850868]] [1504719252, [244318, 3908998, 62543896, 488630, 7818008, 61084]] [1181299483278.0, [191798295.0, 3068770335, 49100323449, 383602047, 6138057081, 47954907]] [36564748156, [5936656, 94986358, 1519781728, 11908214, 189974368, 1488528]]
Model_cost: [5529985041.444445, [2252.1944444444443, 12767908, 204263100, 364068, 49399997, 84962]] [3913587102.0, [29511.0, 5333103, 85328280, 86895, 77870232, 92307]] [302065956, [32, 390430, 6246800, 13150, 6246800, 13130]] [5049172732.0, [9978.0, 6635334, 106001424, 38734, 103508112, 115866]] [393637336, [359, 542918, 8678424, 5062, 7767768, 9938]] [296450787418.0, [4077.0, 383626383, 6138011769, 5340891, 6137123253, 7106488]] [1249661384.0, [273.0, 1647862, 26354976, 33054, 25504800, 39328]]
Arch_Param: [64, 16384, 4096, 16, 512, 16]
Samsung_cost: [9619622666.0, [1569507.0, 12556321, 401767932, 3146785, 50350780, 394337]] [15325917198.0, [2473071.0, 19783791, 633078168, 4912239, 85328280, 668271]] [1278357560, [208650, 1669140, 53412240, 417300, 6676880, 52170]] [20852634864, [3403412, 27227176, 871269392, 6806824, 108909584, 850868]] [1496901268, [244318, 1954502, 62543896, 488630, 7818008, 61084]] [1175161942926.0, [191798295.0, 1534385247, 49100323449, 383602047, 6138057081, 47954907]] [36374774142, [5936656, 47493179, 1519781728, 11908155, 189974368, 1488528]]
Model_cost: [5504450243.444445, [2252.1944444444443, 6384225, 204263100, 364065, 49399997, 84962]] [3902921118.0, [29511.0, 2666607, 85328280, 86895, 77870232, 92307]] [301284896, [32, 195220, 6246800, 13140, 6246800, 13130]] [5035942384.0, [9978.0, 3327912, 106001424, 38704, 103508112, 115866]] [392553944, [359, 272070, 8678424, 5062, 7767768, 9938]] [295683536506.0, [4077.0, 191813655, 6138011769, 5340891, 6137123253, 7106488]] [1246364362.0, [273.0, 823931, 26354976, 32995, 25504800, 39328]]
Arch_Param: [64, 16384, 4096, 16, 1024, 16]
Samsung_cost: [9594518282.0, [1569507.0, 6280225, 401767932, 3146785, 50350780, 394337]] [15286349838.0, [2473071.0, 9891951, 633078168, 4912239, 85328280, 668271]] [1275019060, [208650, 834570, 53412240, 417290, 6676880, 52170]] [20798180072, [3403412, 13613588, 871269392, 6806804, 108909584, 850868]] [1492992276, [244318, 977254, 62543896, 488630, 7818008, 61084]] [1172093172750.0, [191798295.0, 767192703, 49100323449, 383602047, 6138057081, 47954907]] [36279787174, [5936656, 23746591, 1519781728, 11908127, 189974368, 1488528]]
Model_cost: [5491689155.444445, [2252.1944444444443, 3193953, 204263100, 364065, 49399997, 84962]] [3897588126.0, [29511.0, 1333359, 85328280, 86895, 77870232, 92307]] [300919836, [32, 104010, 6246800, 13130, 6246800, 13130]] [5029352680.0, [9978.0, 1680596, 106001424, 38684, 103508112, 115866]] [392012248, [359, 136646, 8678424, 5062, 7767768, 9938]] [295299911050.0, [4077.0, 95907291, 6138011769, 5340891, 6137123253, 7106488]] [1244717554.0, [273.0, 412383, 26354976, 32967, 25504800, 39328]]
Arch_Param: [64, 16384, 4096, 32, 256, 16]
Samsung_cost: [9546880600.0, [1549091.0, 24785444, 396549116, 3101732, 49793724, 389985]] [15405051918.0, [2473071.0, 39567471, 633078168, 4912239, 85328280, 668271]] [1285034300, [208650, 3338270, 53412240, 417310, 6676880, 52170]] [20961544188, [3403412, 54454342, 871269392, 6806854, 108909584, 850868]] [1496564736, [242994, 3887814, 62204952, 485982, 7775640, 60753]] [1181299483278.0, [191798295.0, 3068770335, 49100323449, 383602047, 6138057081, 47954907]] [36539520892, [5932560, 94920822, 1518733152, 11900022, 189843296, 1487504]]
Model_cost: [3464312648.7777777, [1157.0277777777778, 6404260, 102452412, 183460, 49399997, 84962]] [3913587102.0, [29511.0, 5333103, 85328280, 86895, 77870232, 92307]] [302065956, [32, 390430, 6246800, 13150, 6246800, 13130]] [5049172732.0, [9978.0, 6635334, 106001424, 38734, 103508112, 115866]] [382717288, [243, 509030, 8140312, 4198, 7767768, 9938]] [296450787418.0, [4077.0, 383626383, 6138011769, 5340891, 6137123253, 7106488]] [1238487094.0, [249.5, 1613302, 25807008, 29598, 25504800, 39328]]
Arch_Param: [64, 16384, 4096, 32, 512, 16]
Samsung_cost: [9497310730.0, [1549091.0, 12392993, 396549116, 3101729, 49793724, 389985]] [15325917198.0, [2473071.0, 19783791, 633078168, 4912239, 85328280, 668271]] [1278357560, [208650, 1669140, 53412240, 417300, 6676880, 52170]] [20852634864, [3403412, 27227176, 871269392, 6806824, 108909584, 850868]] [1488789120, [242994, 1943910, 62204952, 485982, 7775640, 60753]] [1175161942926.0, [191798295.0, 1534385247, 49100323449, 383602047, 6138057081, 47954907]] [36349677950, [5932560, 47460411, 1518733152, 11899963, 189843296, 1487504]]
Model_cost: [3451505146.7777777, [1157.0277777777778, 3202401, 102452412, 183457, 49399997, 84962]] [3902921118.0, [29511.0, 2666607, 85328280, 86895, 77870232, 92307]] [301284896, [32, 195220, 6246800, 13140, 6246800, 13130]] [5035942384.0, [9978.0, 3327912, 106001424, 38704, 103508112, 115866]] [381700456, [243, 254822, 8140312, 4198, 7767768, 9938]] [295683536506.0, [4077.0, 191813655, 6138011769, 5340891, 6137123253, 7106488]] [1235259192.0, [249.5, 806651, 25807008, 29539, 25504800, 39328]]
Arch_Param: [64, 16384, 4096, 32, 1024, 16]
Samsung_cost: [9472529930.0, [1549091.0, 6197793, 396549116, 3101729, 49793724, 389985]] [15286349838.0, [2473071.0, 9891951, 633078168, 4912239, 85328280, 668271]] [1275019060, [208650, 834570, 53412240, 417290, 6676880, 52170]] [20798180072, [3403412, 13613588, 871269392, 6806804, 108909584, 850868]] [1484901312, [242994, 971958, 62204952, 485982, 7775640, 60753]] [1172093172750.0, [191798295.0, 767192703, 49100323449, 383602047, 6138057081, 47954907]] [36254756518, [5932560, 23730207, 1518733152, 11899935, 189843296, 1487504]]
Model_cost: [3445104634.7777777, [1157.0277777777778, 1602273, 102452412, 183457, 49399997, 84962]] [3897588126.0, [29511.0, 1333359, 85328280, 86895, 77870232, 92307]] [300919836, [32, 104010, 6246800, 13130, 6246800, 13130]] [5029352680.0, [9978.0, 1680596, 106001424, 38684, 103508112, 115866]] [381192040, [243, 127718, 8140312, 4198, 7767768, 9938]] [295299911050.0, [4077.0, 95907291, 6138011769, 5340891, 6137123253, 7106488]] [1233646176.0, [249.5, 403551, 25807008, 29511, 25504800, 39328]]
Arch_Param: [64, 16384, 2048, 4, 256, 16]
Samsung_cost: [19823444880.0, [6413989.0, 51312164, 820922876, 6444068, 102001340, 797857]] [15474294798.0, [4946031.0, 39567471, 633078168, 4912239, 85328280, 668271]] [1290876220, [417290, 3338270, 53412240, 417310, 6676880, 52170]] [21056839164, [6806804, 54454342, 871269392, 6806854, 108909584, 850868]] [1586051468, [512710, 4101638, 65626136, 512710, 8203288, 64094]] [1186669831086.0, [383596431.0, 3068770335, 49100323449, 383602047, 6138057081, 47954907]] [37241866192, [12043283, 96346230, 1541539680, 12113014, 192137056, 1505424]]
Model_cost: [14958920274.0, [14894.5, 41814564, 668963196, 1200100, 49399997, 84962]] [3914410302.0, [58911.0, 5333103, 85328280, 86895, 77870232, 92307]] [302066544, [53, 390430, 6246800, 13150, 6246800, 13130]] [5049451388, [19934, 6635334, 106001424, 38734, 103508112, 115862]] [921822252, [2826, 2171654, 34713624, 45830, 7767768, 9938]] [296450897122.0, [7995.0, 383626383, 6138011769, 5340891, 6137123253, 7106488]] [1381606942.0, [943.5, 2054902, 32837664, 62366, 25504800, 39328]]
Arch_Param: [64, 16384, 2048, 4, 512, 16]
Samsung_cost: [19720821570.0, [6413989.0, 25656353, 820922876, 6444065, 102001340, 797857]] [15395160078.0, [4946031.0, 19783791, 633078168, 4912239, 85328280, 668271]] [1284199480, [417290, 1669140, 53412240, 417300, 6676880, 52170]] [20947929840, [6806804, 27227176, 871269392, 6806824, 108909584, 850868]] [1577848204, [512710, 2050822, 65626136, 512710, 8203288, 64094]] [1180532290734.0, [383596431.0, 1534385247, 49100323449, 383602047, 6138057081, 47954907]] [37049172434, [12043283, 48173115, 1541539680, 12112955, 192137056, 1505424]]
Model_cost: [14875292164.0, [14894.5, 20907553, 668963196, 1200097, 49399997, 84962]] [3903744318.0, [58911.0, 2666607, 85328280, 86895, 77870232, 92307]] [301285484, [53, 195220, 6246800, 13140, 6246800, 13130]] [5036221040, [19934, 3327912, 106001424, 38704, 103508112, 115862]] [917488684, [2826, 1088262, 34713624, 45830, 7767768, 9938]] [295683646210.0, [7995.0, 191813655, 6138011769, 5340891, 6137123253, 7106488]] [1377495840.0, [943.5, 1027451, 32837664, 62307, 25504800, 39328]]
Arch_Param: [64, 16384, 2048, 4, 1024, 16]
Samsung_cost: [19669535554.0, [6413989.0, 12834849, 820922876, 6444065, 102001340, 797857]] [15355592718.0, [4946031.0, 9891951, 633078168, 4912239, 85328280, 668271]] [1280860980, [417290, 834570, 53412240, 417290, 6676880, 52170]] [20893475048, [6806804, 13613588, 871269392, 6806804, 108909584, 850868]] [1573746572, [512710, 1025414, 65626136, 512710, 8203288, 64094]] [1177463520558.0, [383596431.0, 767192703, 49100323449, 383602047, 6138057081, 47954907]] [36952825594, [12043283, 24086559, 1541539680, 12112927, 192137056, 1505424]]
Model_cost: [14833502980.0, [14894.5, 10460257, 668963196, 1200097, 49399997, 84962]] [3898411326.0, [58911.0, 1333359, 85328280, 86895, 77870232, 92307]] [300920424, [53, 104010, 6246800, 13130, 6246800, 13130]] [5029631336, [19934, 1680596, 106001424, 38684, 103508112, 115862]] [915321900, [2826, 546566, 34713624, 45830, 7767768, 9938]] [295300020754.0, [7995.0, 95907291, 6138011769, 5340891, 6137123253, 7106488]] [1375446600.0, [943.5, 515295, 32837664, 62279, 25504800, 39328]]
Arch_Param: [64, 16384, 2048, 8, 256, 16]
Samsung_cost: [9960864912.0, [3220645.0, 25765412, 412205564, 3236900, 51464892, 403041]] [15474294798.0, [4946031.0, 39567471, 633078168, 4912239, 85328280, 668271]] [1290876220, [417290, 3338270, 53412240, 417310, 6676880, 52170]] [21056839164, [6806804, 54454342, 871269392, 6806854, 108909584, 850868]] [1527943164, [493926, 3951366, 63221784, 493926, 7902744, 61746]] [1186669831086.0, [383596431.0, 3068770335, 49100323449, 383602047, 6138057081, 47954907]] [36781658064, [11889683, 95117430, 1521878880, 11924598, 190236512, 1490576]]
Model_cost: [8672244722.0, [7942.5, 22447780, 359125692, 642660, 49399997, 84962]] [3914410302.0, [58911.0, 5333103, 85328280, 86895, 77870232, 92307]] [302066544, [53, 390430, 6246800, 13150, 6246800, 13130]] [5049451388, [19934, 6635334, 106001424, 38734, 103508112, 115862]] [569799412, [1416, 1085830, 17356824, 22918, 7767768, 9938]] [296450897122.0, [7995.0, 383626383, 6138011769, 5340891, 6137123253, 7106488]] [1293655534.0, [667.5, 1783542, 28515872, 43166, 25504800, 39328]]
Arch_Param: [64, 16384, 2048, 8, 512, 16]
Samsung_cost: [9909335106.0, [3220645.0, 12882977, 412205564, 3236897, 51464892, 403041]] [15395160078.0, [4946031.0, 19783791, 633078168, 4912239, 85328280, 668271]] [1284199480, [417290, 1669140, 53412240, 417300, 6676880, 52170]] [20947929840, [6806804, 27227176, 871269392, 6806824, 108909584, 850868]] [1520040444, [493926, 1975686, 63221784, 493926, 7902744, 61746]] [1180532290734.0, [383596431.0, 1534385247, 49100323449, 383602047, 6138057081, 47954907]] [36591421906, [11889683, 47558715, 1521878880, 11924539, 190236512, 1490576]]
Model_cost: [8627350180.0, [7942.5, 11224161, 359125692, 642657, 49399997, 84962]] [3903744318.0, [58911.0, 2666607, 85328280, 86895, 77870232, 92307]] [301285484, [53, 195220, 6246800, 13140, 6246800, 13130]] [5036221040, [19934, 3327912, 106001424, 38704, 103508112, 115862]] [567632628, [1416, 544134, 17356824, 22918, 7767768, 9938]] [295683646210.0, [7995.0, 191813655, 6138011769, 5340891, 6137123253, 7106488]] [1290087152.0, [667.5, 891771, 28515872, 43107, 25504800, 39328]]
Arch_Param: [64, 16384, 2048, 8, 1024, 16]
Samsung_cost: [9883583554.0, [3220645.0, 6445089, 412205564, 3236897, 51464892, 403041]] [15355592718.0, [4946031.0, 9891951, 633078168, 4912239, 85328280, 668271]] [1280860980, [417290, 834570, 53412240, 417290, 6676880, 52170]] [20893475048, [6806804, 13613588, 871269392, 6806804, 108909584, 850868]] [1516089084, [493926, 987846, 63221784, 493926, 7902744, 61746]] [1177463520558.0, [383596431.0, 767192703, 49100323449, 383602047, 6138057081, 47954907]] [36496303866, [11889683, 23779359, 1521878880, 11924511, 190236512, 1490576]]
Model_cost: [8604915364.0, [7942.5, 5615457, 359125692, 642657, 49399997, 84962]] [3898411326.0, [58911.0, 1333359, 85328280, 86895, 77870232, 92307]] [300920424, [53, 104010, 6246800, 13130, 6246800, 13130]] [5029631336, [19934, 1680596, 106001424, 38684, 103508112, 115862]] [566549236, [1416, 273286, 17356824, 22918, 7767768, 9938]] [295300020754.0, [7995.0, 95907291, 6138011769, 5340891, 6137123253, 7106488]] [1288306200.0, [667.5, 446687, 28515872, 43079, 25504800, 39328]]
Arch_Param: [64, 16384, 2048, 16, 256, 16]
Samsung_cost: [9713791120.0, [3138981.0, 25112100, 401767932, 3146788, 50350780, 394337]] [15474294798.0, [4946031.0, 39567471, 633078168, 4912239, 85328280, 668271]] [1290876220, [417290, 3338270, 53412240, 417310, 6676880, 52170]] [21056839164, [6806804, 54454342, 871269392, 6806854, 108909584, 850868]] [1511559988, [488630, 3908998, 62543896, 488630, 7818008, 61084]] [1186669831086.0, [383596431.0, 3068770335, 49100323449, 383602047, 6138057081, 47954907]] [36730974160, [11873299, 94986358, 1519781728, 11908214, 189974368, 1488528]]
Model_cost: [5530047042.0, [4466.5, 12767908, 204263100, 364068, 49399997, 84962]] [3914410302.0, [58911.0, 5333103, 85328280, 86895, 77870232, 92307]] [302066544, [53, 390430, 6246800, 13150, 6246800, 13130]] [5049451388, [19934, 6635334, 106001424, 38734, 103508112, 115862]] [393647192, [711, 542918, 8678424, 5062, 7767768, 9938]] [296450897122.0, [7995.0, 383626383, 6138011769, 5340891, 6137123253, 7106488]] [1249668524.0, [528.0, 1647862, 26354976, 33054, 25504800, 39328]]
Arch_Param: [64, 16384, 2048, 16, 512, 16]
Samsung_cost: [9663567938.0, [3138981.0, 12556321, 401767932, 3146785, 50350780, 394337]] [15395160078.0, [4946031.0, 19783791, 633078168, 4912239, 85328280, 668271]] [1284199480, [417290, 1669140, 53412240, 417300, 6676880, 52170]] [20947929840, [6806804, 27227176, 871269392, 6806824, 108909584, 850868]] [1503742004, [488630, 1954502, 62543896, 488630, 7818008, 61084]] [1180532290734.0, [383596431.0, 1534385247, 49100323449, 383602047, 6138057081, 47954907]] [36541000146, [11873299, 47493179, 1519781728, 11908155, 189974368, 1488528]]
Model_cost: [5504512244.0, [4466.5, 6384225, 204263100, 364065, 49399997, 84962]] [3903744318.0, [58911.0, 2666607, 85328280, 86895, 77870232, 92307]] [301285484, [53, 195220, 6246800, 13140, 6246800, 13130]] [5036221040, [19934, 3327912, 106001424, 38704, 103508112, 115862]] [392563800, [711, 272070, 8678424, 5062, 7767768, 9938]] [295683646210.0, [7995.0, 191813655, 6138011769, 5340891, 6137123253, 7106488]] [1246371502.0, [528.0, 823931, 26354976, 32995, 25504800, 39328]]
Arch_Param: [64, 16384, 2048, 16, 1024, 16]
Samsung_cost: [9638463554.0, [3138981.0, 6280225, 401767932, 3146785, 50350780, 394337]] [15355592718.0, [4946031.0, 9891951, 633078168, 4912239, 85328280, 668271]] [1280860980, [417290, 834570, 53412240, 417290, 6676880, 52170]] [20893475048, [6806804, 13613588, 871269392, 6806804, 108909584, 850868]] [1499833012, [488630, 977254, 62543896, 488630, 7818008, 61084]] [1177463520558.0, [383596431.0, 767192703, 49100323449, 383602047, 6138057081, 47954907]] [36446013178, [11873299, 23746591, 1519781728, 11908127, 189974368, 1488528]]
Model_cost: [5491751156.0, [4466.5, 3193953, 204263100, 364065, 49399997, 84962]] [3898411326.0, [58911.0, 1333359, 85328280, 86895, 77870232, 92307]] [300920424, [53, 104010, 6246800, 13130, 6246800, 13130]] [5029631336, [19934, 1680596, 106001424, 38684, 103508112, 115862]] [392022104, [711, 136646, 8678424, 5062, 7767768, 9938]] [295300020754.0, [7995.0, 95907291, 6138011769, 5340891, 6137123253, 7106488]] [1244724694.0, [528.0, 412383, 26354976, 32967, 25504800, 39328]]
Arch_Param: [64, 16384, 2048, 32, 256, 16]
Samsung_cost: [9590254224.0, [3098149.0, 24785444, 396549116, 3101732, 49793724, 389985]] [15474294798.0, [4946031.0, 39567471, 633078168, 4912239, 85328280, 668271]] [1290876220, [417290, 3338270, 53412240, 417310, 6676880, 52170]] [21056839164, [6806804, 54454342, 871269392, 6806854, 108909584, 850868]] [1503368400, [485982, 3887814, 62204952, 485982, 7775640, 60753]] [1186669831086.0, [383596431.0, 3068770335, 49100323449, 383602047, 6138057081, 47954907]] [36705632208, [11865107, 94920822, 1518733152, 11900022, 189843296, 1487504]]
Model_cost: [3464343854.0, [2271.5, 6404260, 102452412, 183460, 49399997, 84962]] [3914410302.0, [58911.0, 5333103, 85328280, 86895, 77870232, 92307]] [302066544, [53, 390430, 6246800, 13150, 6246800, 13130]] [5049451388, [19934, 6635334, 106001424, 38734, 103508112, 115862]] [382723784, [475, 509030, 8140312, 4198, 7767768, 9938]] [296450897122.0, [7995.0, 383626383, 6138011769, 5340891, 6137123253, 7106488]] [1238493492.0, [478.0, 1613302, 25807008, 29598, 25504800, 39328]]
Arch_Param: [64, 16384, 2048, 32, 512, 16]
Samsung_cost: [9540684354.0, [3098149.0, 12392993, 396549116, 3101729, 49793724, 389985]] [15395160078.0, [4946031.0, 19783791, 633078168, 4912239, 85328280, 668271]] [1284199480, [417290, 1669140, 53412240, 417300, 6676880, 52170]] [20947929840, [6806804, 27227176, 871269392, 6806824, 108909584, 850868]] [1495592784, [485982, 1943910, 62204952, 485982, 7775640, 60753]] [1180532290734.0, [383596431.0, 1534385247, 49100323449, 383602047, 6138057081, 47954907]] [36515789266, [11865107, 47460411, 1518733152, 11899963, 189843296, 1487504]]
Model_cost: [3451536352.0, [2271.5, 3202401, 102452412, 183457, 49399997, 84962]] [3903744318.0, [58911.0, 2666607, 85328280, 86895, 77870232, 92307]] [301285484, [53, 195220, 6246800, 13140, 6246800, 13130]] [5036221040, [19934, 3327912, 106001424, 38704, 103508112, 115862]] [381706952, [475, 254822, 8140312, 4198, 7767768, 9938]] [295683646210.0, [7995.0, 191813655, 6138011769, 5340891, 6137123253, 7106488]] [1235265590.0, [478.0, 806651, 25807008, 29539, 25504800, 39328]]
Arch_Param: [64, 16384, 2048, 32, 1024, 16]
Samsung_cost: [9515903554.0, [3098149.0, 6197793, 396549116, 3101729, 49793724, 389985]] [15355592718.0, [4946031.0, 9891951, 633078168, 4912239, 85328280, 668271]] [1280860980, [417290, 834570, 53412240, 417290, 6676880, 52170]] [20893475048, [6806804, 13613588, 871269392, 6806804, 108909584, 850868]] [1491704976, [485982, 971958, 62204952, 485982, 7775640, 60753]] [1177463520558.0, [383596431.0, 767192703, 49100323449, 383602047, 6138057081, 47954907]] [36420867834, [11865107, 23730207, 1518733152, 11899935, 189843296, 1487504]]
Model_cost: [3445135840.0, [2271.5, 1602273, 102452412, 183457, 49399997, 84962]] [3898411326.0, [58911.0, 1333359, 85328280, 86895, 77870232, 92307]] [300920424, [53, 104010, 6246800, 13130, 6246800, 13130]] [5029631336, [19934, 1680596, 106001424, 38684, 103508112, 115862]] [381198536, [475, 127718, 8140312, 4198, 7767768, 9938]] [295300020754.0, [7995.0, 95907291, 6138011769, 5340891, 6137123253, 7106488]] [1233652574.0, [478.0, 403551, 25807008, 29511, 25504800, 39328]]
Arch_Param: [64, 16384, 1024, 4, 256, 16]
Samsung_cost: [20003035648.0, [12827945.0, 51312164, 820922876, 6444068, 102001340, 797857]] [15612780558, [9891951, 39567471, 633078168, 4912239, 85328280, 668271]] [1302560060, [834570, 3338270, 53412240, 417310, 6676880, 52170]] [21247429116, [13613588, 54454342, 871269392, 6806854, 108909584, 850868]] [1600407180, [1025414, 4101638, 65626136, 512710, 8203288, 64094]] [1197410526702, [767192703, 3068770335, 49100323449, 383602047, 6138057081, 47954907]] [37579077920, [24086559, 96346230, 1541539680, 12113014, 192137056, 1505424]]
Model_cost: [14959336088.0, [29745.0, 41814564, 668963196, 1200100, 49399997, 84962]] [3916056702.0, [117711.0, 5333103, 85328280, 86895, 77870232, 92307]] [302067720, [95, 390430, 6246800, 13150, 6246800, 13130]] [5050008644, [39836, 6635334, 106001424, 38734, 103508112, 115862]] [921901212, [5646, 2171654, 34713624, 45830, 7767768, 9938]] [296451116530.0, [15831.0, 383626383, 6138011769, 5340891, 6137123253, 7106488]] [1381633052.0, [1876.0, 2054902, 32837664, 62366, 25504800, 39328]]
Arch_Param: [64, 16384, 1024, 4, 512, 16]
Samsung_cost: [19900412338.0, [12827945.0, 25656353, 820922876, 6444065, 102001340, 797857]] [15533645838, [9891951, 19783791, 633078168, 4912239, 85328280, 668271]] [1295883320, [834570, 1669140, 53412240, 417300, 6676880, 52170]] [21138519792, [13613588, 27227176, 871269392, 6806824, 108909584, 850868]] [1592203916, [1025414, 2050822, 65626136, 512710, 8203288, 64094]] [1191272986350, [767192703, 1534385247, 49100323449, 383602047, 6138057081, 47954907]] [37386384162, [24086559, 48173115, 1541539680, 12112955, 192137056, 1505424]]
Model_cost: [14875707978.0, [29745.0, 20907553, 668963196, 1200097, 49399997, 84962]] [3905390718.0, [117711.0, 2666607, 85328280, 86895, 77870232, 92307]] [301286660, [95, 195220, 6246800, 13140, 6246800, 13130]] [5036778296, [39836, 3327912, 106001424, 38704, 103508112, 115862]] [917567644, [5646, 1088262, 34713624, 45830, 7767768, 9938]] [295683865618.0, [15831.0, 191813655, 6138011769, 5340891, 6137123253, 7106488]] [1377521950.0, [1876.0, 1027451, 32837664, 62307, 25504800, 39328]]
Arch_Param: [64, 16384, 1024, 4, 1024, 16]
Samsung_cost: [19849126322.0, [12827945.0, 12834849, 820922876, 6444065, 102001340, 797857]] [15494078478, [9891951, 9891951, 633078168, 4912239, 85328280, 668271]] [1292544820, [834570, 834570, 53412240, 417290, 6676880, 52170]] [21084065000, [13613588, 13613588, 871269392, 6806804, 108909584, 850868]] [1588102284, [1025414, 1025414, 65626136, 512710, 8203288, 64094]] [1188204216174, [767192703, 767192703, 49100323449, 383602047, 6138057081, 47954907]] [37290037322, [24086559, 24086559, 1541539680, 12112927, 192137056, 1505424]]
Model_cost: [14833918794.0, [29745.0, 10460257, 668963196, 1200097, 49399997, 84962]] [3900057726.0, [117711.0, 1333359, 85328280, 86895, 77870232, 92307]] [300921600, [95, 104010, 6246800, 13130, 6246800, 13130]] [5030188592, [39836, 1680596, 106001424, 38684, 103508112, 115862]] [915400860, [5646, 546566, 34713624, 45830, 7767768, 9938]] [295300240162.0, [15831.0, 95907291, 6138011769, 5340891, 6137123253, 7106488]] [1375472710.0, [1876.0, 515295, 32837664, 62279, 25504800, 39328]]
Arch_Param: [64, 16384, 1024, 8, 256, 16]
Samsung_cost: [10051042048.0, [6441257.0, 25765412, 412205564, 3236900, 51464892, 403041]] [15612780558, [9891951, 39567471, 633078168, 4912239, 85328280, 668271]] [1302560060, [834570, 3338270, 53412240, 417310, 6676880, 52170]] [21247429116, [13613588, 54454342, 871269392, 6806854, 108909584, 850868]] [1541772924, [987846, 3951366, 63221784, 493926, 7902744, 61746]] [1197410526702, [767192703, 3068770335, 49100323449, 383602047, 6138057081, 47954907]] [37114568992, [23779359, 95117430, 1521878880, 11924598, 190236512, 1490576]]
Model_cost: [8672465796.0, [15838.0, 22447780, 359125692, 642660, 49399997, 84962]] [3916056702.0, [117711.0, 5333103, 85328280, 86895, 77870232, 92307]] [302067720, [95, 390430, 6246800, 13150, 6246800, 13130]] [5050008644, [39836, 6635334, 106001424, 38734, 103508112, 115862]] [569838892, [2826, 1085830, 17356824, 22918, 7767768, 9938]] [296451116530.0, [15831.0, 383626383, 6138011769, 5340891, 6137123253, 7106488]] [1293673944.0, [1325.0, 1783542, 28515872, 43166, 25504800, 39328]]
Arch_Param: [64, 16384, 1024, 8, 512, 16]
Samsung_cost: [9999512242.0, [6441257.0, 12882977, 412205564, 3236897, 51464892, 403041]] [15533645838, [9891951, 19783791, 633078168, 4912239, 85328280, 668271]] [1295883320, [834570, 1669140, 53412240, 417300, 6676880, 52170]] [21138519792, [13613588, 27227176, 871269392, 6806824, 108909584, 850868]] [1533870204, [987846, 1975686, 63221784, 493926, 7902744, 61746]] [1191272986350, [767192703, 1534385247, 49100323449, 383602047, 6138057081, 47954907]] [36924332834, [23779359, 47558715, 1521878880, 11924539, 190236512, 1490576]]
Model_cost: [8627571254.0, [15838.0, 11224161, 359125692, 642657, 49399997, 84962]] [3905390718.0, [117711.0, 2666607, 85328280, 86895, 77870232, 92307]] [301286660, [95, 195220, 6246800, 13140, 6246800, 13130]] [5036778296, [39836, 3327912, 106001424, 38704, 103508112, 115862]] [567672108, [2826, 544134, 17356824, 22918, 7767768, 9938]] [295683865618.0, [15831.0, 191813655, 6138011769, 5340891, 6137123253, 7106488]] [1290105562.0, [1325.0, 891771, 28515872, 43107, 25504800, 39328]]
Arch_Param: [64, 16384, 1024, 8, 1024, 16]
Samsung_cost: [9973760690.0, [6441257.0, 6445089, 412205564, 3236897, 51464892, 403041]] [15494078478, [9891951, 9891951, 633078168, 4912239, 85328280, 668271]] [1292544820, [834570, 834570, 53412240, 417290, 6676880, 52170]] [21084065000, [13613588, 13613588, 871269392, 6806804, 108909584, 850868]] [1529918844, [987846, 987846, 63221784, 493926, 7902744, 61746]] [1188204216174, [767192703, 767192703, 49100323449, 383602047, 6138057081, 47954907]] [36829214794, [23779359, 23779359, 1521878880, 11924511, 190236512, 1490576]]
Model_cost: [8605136438.0, [15838.0, 5615457, 359125692, 642657, 49399997, 84962]] [3900057726.0, [117711.0, 1333359, 85328280, 86895, 77870232, 92307]] [300921600, [95, 104010, 6246800, 13130, 6246800, 13130]] [5030188592, [39836, 1680596, 106001424, 38684, 103508112, 115862]] [566588716, [2826, 273286, 17356824, 22918, 7767768, 9938]] [295300240162.0, [15831.0, 95907291, 6138011769, 5340891, 6137123253, 7106488]] [1288324610.0, [1325.0, 446687, 28515872, 43079, 25504800, 39328]]
Arch_Param: [64, 16384, 1024, 16, 256, 16]
Samsung_cost: [9801681664.0, [6277929.0, 25112100, 401767932, 3146788, 50350780, 394337]] [15612780558, [9891951, 39567471, 633078168, 4912239, 85328280, 668271]] [1302560060, [834570, 3338270, 53412240, 417310, 6676880, 52170]] [21247429116, [13613588, 54454342, 871269392, 6806854, 108909584, 850868]] [1525241460, [977254, 3908998, 62543896, 488630, 7818008, 61084]] [1197410526702, [767192703, 3068770335, 49100323449, 383602047, 6138057081, 47954907]] [37063426336, [23746591, 94986358, 1519781728, 11908214, 189974368, 1488528]]
Model_cost: [5530171012.0, [8894.0, 12767908, 204263100, 364068, 49399997, 84962]] [3916056702.0, [117711.0, 5333103, 85328280, 86895, 77870232, 92307]] [302067720, [95, 390430, 6246800, 13150, 6246800, 13130]] [5050008644, [39836, 6635334, 106001424, 38734, 103508112, 115862]] [393666932, [1416, 542918, 8678424, 5062, 7767768, 9938]] [296451116530.0, [15831.0, 383626383, 6138011769, 5340891, 6137123253, 7106488]] [1249683112.0, [1049.0, 1647862, 26354976, 33054, 25504800, 39328]]
Arch_Param: [64, 16384, 1024, 16, 512, 16]
Samsung_cost: [9751458482.0, [6277929.0, 12556321, 401767932, 3146785, 50350780, 394337]] [15533645838, [9891951, 19783791, 633078168, 4912239, 85328280, 668271]] [1295883320, [834570, 1669140, 53412240, 417300, 6676880, 52170]] [21138519792, [13613588, 27227176, 871269392, 6806824, 108909584, 850868]] [1517423476, [977254, 1954502, 62543896, 488630, 7818008, 61084]] [1191272986350, [767192703, 1534385247, 49100323449, 383602047, 6138057081, 47954907]] [36873452322, [23746591, 47493179, 1519781728, 11908155, 189974368, 1488528]]
Model_cost: [5504636214.0, [8894.0, 6384225, 204263100, 364065, 49399997, 84962]] [3905390718.0, [117711.0, 2666607, 85328280, 86895, 77870232, 92307]] [301286660, [95, 195220, 6246800, 13140, 6246800, 13130]] [5036778296, [39836, 3327912, 106001424, 38704, 103508112, 115862]] [392583540, [1416, 272070, 8678424, 5062, 7767768, 9938]] [295683865618.0, [15831.0, 191813655, 6138011769, 5340891, 6137123253, 7106488]] [1246386090.0, [1049.0, 823931, 26354976, 32995, 25504800, 39328]]
Arch_Param: [64, 16384, 1024, 16, 1024, 16]
Samsung_cost: [9726354098.0, [6277929.0, 6280225, 401767932, 3146785, 50350780, 394337]] [15494078478, [9891951, 9891951, 633078168, 4912239, 85328280, 668271]] [1292544820, [834570, 834570, 53412240, 417290, 6676880, 52170]] [21084065000, [13613588, 13613588, 871269392, 6806804, 108909584, 850868]] [1513514484, [977254, 977254, 62543896, 488630, 7818008, 61084]] [1188204216174, [767192703, 767192703, 49100323449, 383602047, 6138057081, 47954907]] [36778465354, [23746591, 23746591, 1519781728, 11908127, 189974368, 1488528]]
Model_cost: [5491875126.0, [8894.0, 3193953, 204263100, 364065, 49399997, 84962]] [3900057726.0, [117711.0, 1333359, 85328280, 86895, 77870232, 92307]] [300921600, [95, 104010, 6246800, 13130, 6246800, 13130]] [5030188592, [39836, 1680596, 106001424, 38684, 103508112, 115862]] [392041844, [1416, 136646, 8678424, 5062, 7767768, 9938]] [295300240162.0, [15831.0, 95907291, 6138011769, 5340891, 6137123253, 7106488]] [1244739282.0, [1049.0, 412383, 26354976, 32967, 25504800, 39328]]
Arch_Param: [64, 16384, 1024, 32, 256, 16]
Samsung_cost: [9677001472.0, [6196265.0, 24785444, 396549116, 3101732, 49793724, 389985]] [15612780558, [9891951, 39567471, 633078168, 4912239, 85328280, 668271]] [1302560060, [834570, 3338270, 53412240, 417310, 6676880, 52170]] [21247429116, [13613588, 54454342, 871269392, 6806854, 108909584, 850868]] [1516975728, [971958, 3887814, 62204952, 485982, 7775640, 60753]] [1197410526702, [767192703, 3068770335, 49100323449, 383602047, 6138057081, 47954907]] [37037855008, [23730207, 94920822, 1518733152, 11900022, 189843296, 1487504]]
Model_cost: [3464406364.0, [4504.0, 6404260, 102452412, 183460, 49399997, 84962]] [3916056702.0, [117711.0, 5333103, 85328280, 86895, 77870232, 92307]] [302067720, [95, 390430, 6246800, 13150, 6246800, 13130]] [5050008644, [39836, 6635334, 106001424, 38734, 103508112, 115862]] [382736888, [943, 509030, 8140312, 4198, 7767768, 9938]] [296451116530.0, [15831.0, 383626383, 6138011769, 5340891, 6137123253, 7106488]] [1238506652.0, [948.0, 1613302, 25807008, 29598, 25504800, 39328]]
Arch_Param: [64, 16384, 1024, 32, 512, 16]
Samsung_cost: [9627431602.0, [6196265.0, 12392993, 396549116, 3101729, 49793724, 389985]] [15533645838, [9891951, 19783791, 633078168, 4912239, 85328280, 668271]] [1295883320, [834570, 1669140, 53412240, 417300, 6676880, 52170]] [21138519792, [13613588, 27227176, 871269392, 6806824, 108909584, 850868]] [1509200112, [971958, 1943910, 62204952, 485982, 7775640, 60753]] [1191272986350, [767192703, 1534385247, 49100323449, 383602047, 6138057081, 47954907]] [36848012066, [23730207, 47460411, 1518733152, 11899963, 189843296, 1487504]]
Model_cost: [3451598862.0, [4504.0, 3202401, 102452412, 183457, 49399997, 84962]] [3905390718.0, [117711.0, 2666607, 85328280, 86895, 77870232, 92307]] [301286660, [95, 195220, 6246800, 13140, 6246800, 13130]] [5036778296, [39836, 3327912, 106001424, 38704, 103508112, 115862]] [381720056, [943, 254822, 8140312, 4198, 7767768, 9938]] [295683865618.0, [15831.0, 191813655, 6138011769, 5340891, 6137123253, 7106488]] [1235278750.0, [948.0, 806651, 25807008, 29539, 25504800, 39328]]
Arch_Param: [64, 16384, 1024, 32, 1024, 16]
Samsung_cost: [9602650802.0, [6196265.0, 6197793, 396549116, 3101729, 49793724, 389985]] [15494078478, [9891951, 9891951, 633078168, 4912239, 85328280, 668271]] [1292544820, [834570, 834570, 53412240, 417290, 6676880, 52170]] [21084065000, [13613588, 13613588, 871269392, 6806804, 108909584, 850868]] [1505312304, [971958, 971958, 62204952, 485982, 7775640, 60753]] [1188204216174, [767192703, 767192703, 49100323449, 383602047, 6138057081, 47954907]] [36753090634, [23730207, 23730207, 1518733152, 11899935, 189843296, 1487504]]
Model_cost: [3445198350.0, [4504.0, 1602273, 102452412, 183457, 49399997, 84962]] [3900057726.0, [117711.0, 1333359, 85328280, 86895, 77870232, 92307]] [300921600, [95, 104010, 6246800, 13130, 6246800, 13130]] [5030188592, [39836, 1680596, 106001424, 38684, 103508112, 115862]] [381211640, [943, 127718, 8140312, 4198, 7767768, 9938]] [295300240162.0, [15831.0, 95907291, 6138011769, 5340891, 6137123253, 7106488]] [1233665734.0, [948.0, 403551, 25807008, 29511, 25504800, 39328]]
