[[0, 0, 0, 0, 0, 0, 0, 0, 0, 0, 0], [0, 0, 0, 0, 0, 0, 0, 0, 0, 0, 0], [0, 0, 0, 0, 0, 0, 0, 0, 0, 0, 0], [0, 0, 0, 0, 0, 0, 0, 0, 0, 0, 0]]
Arch_Param: [32, 2048, 32768, 4, 256, 16]
Samsung_cost: [39212611829.44444, [800029.6944444445, 102405697, 1638358008, 12858433, 203074744, 1587489]] [15344483406.0, [309231.0, 39567471, 633078564, 4912239, 85328676, 668271]] [1279942340.0, [26090.0, 3338290, 53412640, 417330, 6677280, 52170]] [20878212564.0, [425444.0, 54454402, 871270432, 6806914, 108910624, 850868]] [1687824588.0, [34398.0, 4402182, 70434864, 550278, 8804400, 68790]] [1176600451698.0, [23974926.0, 3068770335, 49100323923, 383602047, 6138057555, 47954907]] [37838176796.0, [771920.0, 98803948, 1580863168, 12489964, 195940032, 1535135]]
Model_cost: [27720306648.603333, [1836.950119047619, 80564801, 1288904952, 10265793, 49400505, 386978]] [5537166342.0, [4005.0, 10223727, 163578660, 1235055, 77870628, 608475]] [303178254.6666667, [12.666666666666666, 390450, 6247200, 13170, 6247200, 52170]] [5069015055.333334, [1270.8333333333333, 6635394, 106002464, 38794, 103509152, 831389]] [1638766264.0, [359.0, 4343302, 69492784, 559622, 7768304, 60826]] [423869381140.80005, [812.1000000000001, 767215743, 12275433555, 95899671, 6137126091, 47946465]] [1692089484.375, [116.58482142857143, 2983404, 47652928, 331924, 25506688, 200159]]
Arch_Param: [32, 2048, 32768, 4, 512, 16]
Samsung_cost: [39007800835.44444, [800029.6944444445, 51203108, 1638358008, 12858404, 203074744, 1587489]] [15265348686.0, [309231.0, 19783791, 633078564, 4912239, 85328676, 668271]] [1273265340.0, [26090.0, 1669150, 53412640, 417310, 6677280, 52170]] [20769302460.0, [425444.0, 27227206, 871270432, 6806854, 108910624, 850868]] [1679020236.0, [34398.0, 2201094, 70434864, 550278, 8804400, 68790]] [1170462911346.0, [23974926.0, 1534385247, 49100323923, 383602047, 6138057555, 47954907]] [37640566304.0, [771920.0, 49401974, 1580863168, 12489846, 195940032, 1535135]]
Model_cost: [27559177446.603333, [1836.950119047619, 40282660, 1288904952, 10265764, 49400505, 386978]] [5516719110.0, [4005.0, 5111919, 163578660, 1235055, 77870628, 608475]] [302396934.6666667, [12.666666666666666, 195230, 6247200, 13150, 6247200, 52170]] [5055783927.333334, [1270.8333333333333, 3327942, 106002464, 38734, 103509152, 831389]] [1630183096.0, [359.0, 2197510, 69492784, 559622, 7768304, 60826]] [422334953044.80005, [812.1000000000001, 383608719, 12275433555, 95899671, 6137126091, 47946465]] [1685430160.375, [116.58482142857143, 1491702, 47652928, 300446, 25506688, 200159]]
Arch_Param: [32, 2048, 32768, 4, 1024, 16]
Samsung_cost: [38905445813.44444, [800029.6944444445, 25614369, 1638358008, 12858401, 203074744, 1587489]] [15225781326.0, [309231.0, 9891951, 633078564, 4912239, 85328676, 668271]] [1269926840.0, [26090.0, 834580, 53412640, 417300, 6677280, 52170]] [20714847408.0, [425444.0, 13613608, 871270432, 6806824, 108910624, 850868]] [1674618060.0, [34398.0, 1100550, 70434864, 550278, 8804400, 68790]] [1167394141170.0, [23974926.0, 767192703, 49100323923, 383602047, 6138057555, 47954907]] [37541761058.0, [771920.0, 24700987, 1580863168, 12489787, 195940032, 1535135]]
Model_cost: [27479782552.603333, [1836.950119047619, 20433953, 1288904952, 10265761, 49400505, 386978]] [5506495494.0, [4005.0, 2556015, 163578660, 1235055, 77870628, 608475]] [302031874.6666667, [12.666666666666666, 104020, 6247200, 13140, 6247200, 52170]] [5049193963.333334, [1270.8333333333333, 1680616, 106002464, 38704, 103509152, 831389]] [1624805304.0, [359.0, 1094662, 69427248, 576006, 7767792, 60762]] [421567738996.80005, [812.1000000000001, 191805207, 12275433555, 95899671, 6137126091, 47946465]] [1682239634.375, [116.58482142857143, 763387, 47652928, 287843, 25506688, 200159]]
Arch_Param: [32, 2048, 32768, 8, 256, 16]
Samsung_cost: [19655103050.77778, [400883.02777777775, 51312193, 820923384, 6444097, 102001848, 797857]] [15344483406.0, [309231.0, 39567471, 633078564, 4912239, 85328676, 668271]] [1279942340.0, [26090.0, 3338290, 53412640, 417330, 6677280, 52170]] [20878212564.0, [425444.0, 54454402, 871270432, 6806914, 108910624, 850868]] [1572594140.0, [32050.0, 4101638, 65626160, 512710, 8203312, 64094]] [1176600451698.0, [23974926.0, 3068770335, 49100323923, 383602047, 6138057555, 47954907]] [36925824540.0, [752720.0, 96346348, 1541541568, 12113132, 192138944, 1505439]]
Model_cost: [15057734875.551666, [963.9125595238095, 41814593, 668963704, 5323905, 49400505, 386978]] [3927338514.0, [3786.0, 5333103, 85328676, 86895, 77870628, 608475]] [303178254.6666667, [12.666666666666666, 390450, 6247200, 13170, 6247200, 52170]] [5069015055.333334, [1270.8333333333333, 6635394, 106002464, 38794, 103509152, 831389]] [928991645.9555556, [184.35555555555555, 2171654, 34746416, 279814, 7768304, 60826]] [297594232325.4001, [629.5500000000001, 383626383, 6138012243, 5340891, 6137123727, 47946441]] [1387677676.375, [74.29910714285714, 2055020, 32839552, 130580, 25506688, 200159]]
Arch_Param: [32, 2048, 32768, 8, 512, 16]
Samsung_cost: [19552479064.77778, [400883.02777777775, 25656356, 820923384, 6444068, 102001848, 797857]] [15265348686.0, [309231.0, 19783791, 633078564, 4912239, 85328676, 668271]] [1273265340.0, [26090.0, 1669150, 53412640, 417310, 6677280, 52170]] [20769302460.0, [425444.0, 27227206, 871270432, 6806854, 108910624, 850868]] [1564390876.0, [32050.0, 2050822, 65626160, 512710, 8203312, 64094]] [1170462911346.0, [23974926.0, 1534385247, 49100323923, 383602047, 6138057555, 47954907]] [36733129248.0, [752720.0, 48173174, 1541541568, 12113014, 192138944, 1505439]]
Model_cost: [14974106089.551666, [963.9125595238095, 20907556, 668963704, 5323876, 49400505, 386978]] [3916672530.0, [3786.0, 2666607, 85328676, 86895, 77870628, 608475]] [302396934.6666667, [12.666666666666666, 195230, 6247200, 13150, 6247200, 52170]] [5055783927.333334, [1270.8333333333333, 3327942, 106002464, 38734, 103509152, 831389]] [924700061.9555556, [184.35555555555555, 1098758, 34746416, 279814, 7768304, 60826]] [296826981413.4001, [629.5500000000001, 191813655, 6138012243, 5340891, 6137123727, 47946441]] [1383220080.375, [74.29910714285714, 1027510, 32839552, 114782, 25506688, 200159]]
Arch_Param: [32, 2048, 32768, 8, 1024, 16]
Samsung_cost: [19501192970.77778, [400883.02777777775, 12834849, 820923384, 6444065, 102001848, 797857]] [15225781326.0, [309231.0, 9891951, 633078564, 4912239, 85328676, 668271]] [1269926840.0, [26090.0, 834580, 53412640, 417300, 6677280, 52170]] [20714847408.0, [425444.0, 13613608, 871270432, 6806824, 108910624, 850868]] [1560289244.0, [32050.0, 1025414, 65626160, 512710, 8203312, 64094]] [1167394141170.0, [23974926.0, 767192703, 49100323923, 383602047, 6138057555, 47954907]] [36636781602.0, [752720.0, 24086587, 1541541568, 12112955, 192138944, 1505439]]
Model_cost: [14932876699.551666, [963.9125595238095, 10600225, 668963704, 5323873, 49400505, 386978]] [3911339538.0, [3786.0, 1333359, 85328676, 86895, 77870628, 608475]] [302031874.6666667, [12.666666666666666, 104020, 6247200, 13140, 6247200, 52170]] [5049193963.333334, [1270.8333333333333, 1680616, 106002464, 38704, 103509152, 831389]] [922003107.5555556, [184.55555555555554, 547334, 34713648, 288006, 7767792, 60762]] [296443355957.4001, [629.5500000000001, 95907291, 6138012243, 5340891, 6137123727, 47946441]] [1381062002.375, [74.29910714285714, 522811, 32839552, 108451, 25506688, 200159]]
Arch_Param: [32, 2048, 32768, 16, 256, 16]
Samsung_cost: [9876348661.444445, [201309.69444444444, 25765441, 412206072, 3236929, 51465400, 403041]] [15344483406.0, [309231.0, 39567471, 633078564, 4912239, 85328676, 668271]] [1279942340.0, [26090.0, 3338290, 53412640, 417330, 6677280, 52170]] [20878212564.0, [425444.0, 54454402, 871270432, 6806914, 108910624, 850868]] [1514978916.0, [30876.0, 3951366, 63221808, 493926, 7902768, 61746]] [1176600451698.0, [23974926.0, 3068770335, 49100323923, 383602047, 6138057555, 47954907]] [36469648412.0, [743120.0, 95117548, 1521880768, 11924716, 190238400, 1490591]]
Model_cost: [8729174961.338333, [528.1192261904762, 22447809, 359126200, 2854337, 49400505, 386978]] [3927338514.0, [3786.0, 5333103, 85328676, 86895, 77870628, 608475]] [303178254.6666667, [12.666666666666666, 390450, 6247200, 13170, 6247200, 52170]] [5069015055.333334, [1270.8333333333333, 6635394, 106002464, 38794, 103509152, 831389]] [574104284.9777778, [95.17777777777778, 1085830, 17373232, 139910, 7768304, 60826]] [297594232325.4001, [629.5500000000001, 383626383, 6138012243, 5340891, 6137123727, 47946441]] [1299004160.125, [56.71875, 1783660, 28517760, 78228, 25506688, 200159]]
Arch_Param: [32, 2048, 32768, 16, 512, 16]
Samsung_cost: [9824818179.444445, [201309.69444444444, 12882980, 412206072, 3236900, 51465400, 403041]] [15265348686.0, [309231.0, 19783791, 633078564, 4912239, 85328676, 668271]] [1273265340.0, [26090.0, 1669150, 53412640, 417310, 6677280, 52170]] [20769302460.0, [425444.0, 27227206, 871270432, 6806854, 108910624, 850868]] [1507076196.0, [30876.0, 1975686, 63221808, 493926, 7902768, 61746]] [1170462911346.0, [23974926.0, 1534385247, 49100323923, 383602047, 6138057555, 47954907]] [36279410720.0, [743120.0, 47558774, 1521880768, 11924598, 190238400, 1490591]]
Model_cost: [8684279743.338333, [528.1192261904762, 11224164, 359126200, 2854308, 49400505, 386978]] [3916672530.0, [3786.0, 2666607, 85328676, 86895, 77870628, 608475]] [302396934.6666667, [12.666666666666666, 195230, 6247200, 13150, 6247200, 52170]] [5055783927.333334, [1270.8333333333333, 3327942, 106002464, 38734, 103509152, 831389]] [571958492.9777778, [95.17777777777778, 549382, 17373232, 139910, 7768304, 60826]] [296826981413.4001, [629.5500000000001, 191813655, 6138012243, 5340891, 6137123727, 47946441]] [1295258244.125, [56.71875, 891830, 28517760, 70110, 25506688, 200159]]
Arch_Param: [32, 2048, 32768, 16, 1024, 16]
Samsung_cost: [9799066549.444445, [201309.69444444444, 6445089, 412206072, 3236897, 51465400, 403041]] [15225781326.0, [309231.0, 9891951, 633078564, 4912239, 85328676, 668271]] [1269926840.0, [26090.0, 834580, 53412640, 417300, 6677280, 52170]] [20714847408.0, [425444.0, 13613608, 871270432, 6806824, 108910624, 850868]] [1503124836.0, [30876.0, 987846, 63221808, 493926, 7902768, 61746]] [1167394141170.0, [23974926.0, 767192703, 49100323923, 383602047, 6138057555, 47954907]] [36184291874.0, [743120.0, 23779387, 1521880768, 11924539, 190238400, 1490591]]
Model_cost: [8662125937.338333, [528.1192261904762, 5685729, 359126200, 2854305, 49400505, 386978]] [3911339538.0, [3786.0, 1333359, 85328676, 86895, 77870628, 608475]] [302031874.6666667, [12.666666666666666, 104020, 6247200, 13140, 6247200, 52170]] [5049193963.333334, [1270.8333333333333, 1680616, 106002464, 38704, 103509152, 831389]] [570601965.7777778, [95.77777777777777, 273670, 17356848, 144006, 7767792, 60762]] [296443355957.4001, [629.5500000000001, 95907291, 6138012243, 5340891, 6137123727, 47946441]] [1293422214.125, [56.71875, 450747, 28517760, 66851, 25506688, 200159]]
Arch_Param: [32, 2048, 32768, 32, 256, 16]
Samsung_cost: [9631418698.777779, [196211.02777777778, 25112129, 401768440, 3146817, 50351288, 394337]] [15344483406.0, [309231.0, 39567471, 633078564, 4912239, 85328676, 668271]] [1279942340.0, [26090.0, 3338290, 53412640, 417330, 6677280, 52170]] [20878212564.0, [425444.0, 54454402, 871270432, 6806914, 108910624, 850868]] [1498734760.0, [30545.0, 3908998, 62543920, 488630, 7818032, 61084]] [1176600451698.0, [23974926.0, 3068770335, 49100323923, 383602047, 6138057555, 47954907]] [36419394588.0, [742096.0, 94986476, 1519783616, 11908332, 189976256, 1488543]]
Model_cost: [5566045668.418333, [310.5149404761905, 12767937, 204263608, 1620161, 49400505, 386978]] [3927338514.0, [3786.0, 5333103, 85328676, 86895, 77870628, 608475]] [303178254.6666667, [12.666666666666666, 390450, 6247200, 13170, 6247200, 52170]] [5069015055.333334, [1270.8333333333333, 6635394, 106002464, 38794, 103509152, 831389]] [395427196.4888889, [50.58888888888889, 542918, 8686640, 13894, 7768304, 60826]] [297594232325.4001, [629.5500000000001, 383626383, 6138012243, 5340891, 6137123727, 47946441]] [1254523786.0, [47.92857142857143, 1647980, 26356864, 45524, 25506688, 200159]]
Arch_Param: [32, 2048, 32768, 32, 512, 16]
Samsung_cost: [9581194840.777779, [196211.02777777778, 12556324, 401768440, 3146788, 50351288, 394337]] [15265348686.0, [309231.0, 19783791, 633078564, 4912239, 85328676, 668271]] [1273265340.0, [26090.0, 1669150, 53412640, 417310, 6677280, 52170]] [20769302460.0, [425444.0, 27227206, 871270432, 6806854, 108910624, 850868]] [1490916776.0, [30545.0, 1954502, 62543920, 488630, 7818032, 61084]] [1170462911346.0, [23974926.0, 1534385247, 49100323923, 383602047, 6138057555, 47954907]] [36229419040.0, [742096.0, 47493238, 1519783616, 11908214, 189976256, 1488543]]
Model_cost: [5540510194.418333, [310.5149404761905, 6384228, 204263608, 1620132, 49400505, 386978]] [3916672530.0, [3786.0, 2666607, 85328676, 86895, 77870628, 608475]] [302396934.6666667, [12.666666666666666, 195230, 6247200, 13150, 6247200, 52170]] [5055783927.333334, [1270.8333333333333, 3327942, 106002464, 38734, 103509152, 831389]] [394346386.8888889, [51.388888888888886, 272646, 8678448, 22086, 7767792, 60762]] [296826981413.4001, [629.5500000000001, 191813655, 6138012243, 5340891, 6137123727, 47946441]] [1251133710.0, [47.92857142857143, 823990, 26356864, 41246, 25506688, 200159]]
Arch_Param: [32, 2048, 32768, 32, 1024, 16]
Samsung_cost: [9556090378.777779, [196211.02777777778, 6280225, 401768440, 3146785, 50351288, 394337]] [15225781326.0, [309231.0, 9891951, 633078564, 4912239, 85328676, 668271]] [1269926840.0, [26090.0, 834580, 53412640, 417300, 6677280, 52170]] [20714847408.0, [425444.0, 13613608, 871270432, 6806824, 108910624, 850868]] [1487007784.0, [30545.0, 977254, 62543920, 488630, 7818032, 61084]] [1167394141170.0, [23974926.0, 767192703, 49100323923, 383602047, 6138057555, 47954907]] [36134431266.0, [742096.0, 23746619, 1519783616, 11908155, 189976256, 1488543]]
Model_cost: [5527891876.418333, [310.5149404761905, 3229665, 204263608, 1620129, 49400505, 386978]] [3911339538.0, [3786.0, 1333359, 85328676, 86895, 77870628, 608475]] [302031874.6666667, [12.666666666666666, 104020, 6247200, 13140, 6247200, 52170]] [5049193963.333334, [1270.8333333333333, 1680616, 106002464, 38704, 103509152, 831389]] [393667986.8888889, [51.388888888888886, 136838, 8678448, 15942, 7767792, 60762]] [296443355957.4001, [629.5500000000001, 95907291, 6138012243, 5340891, 6137123727, 47946441]] [1249458704.0, [47.92857142857143, 414715, 26356864, 39523, 25506688, 200159]]
Arch_Param: [32, 2048, 16384, 4, 256, 16]
Samsung_cost: [39235014176.0, [1600113.5, 102405697, 1638358008, 12858433, 203074744, 1587489]] [15353138766.0, [618351.0, 39567471, 633078564, 4912239, 85328676, 668271]] [1280672580.0, [52170.0, 3338290, 53412640, 417330, 6677280, 52170]] [20890124436.0, [850868.0, 54454402, 871270432, 6806914, 108910624, 850868]] [1688787564.0, [68790.0, 4402182, 70434864, 550278, 8804400, 68790]] [1177271745174.0, [47949693.0, 3068770335, 49100323923, 383602047, 6138057555, 47954907]] [37859790108.0, [1543824.0, 98803948, 1580863168, 12489964, 195940032, 1535135]]
Model_cost: [27720357414.32162, [3650.0114864864863, 80564801, 1288904952, 10265793, 49400505, 386978]] [5537275374.0, [7899.0, 10223727, 163578660, 1235055, 77870628, 608475]] [303178329.3333333, [15.333333333333332, 390450, 6247200, 13170, 6247200, 52170]] [5069049798.666666, [2511.6666666666665, 6635394, 106002464, 38794, 103509152, 831389]] [1638776148.0, [712.0, 4343302, 69492784, 559622, 7768304, 60826]] [423869399427.5999, [1465.2000000000003, 767215743, 12275433555, 95899671, 6137126091, 47946465]] [1692092332.75, [218.3125, 2983404, 47652928, 331924, 25506688, 200159]]
Arch_Param: [32, 2048, 16384, 4, 512, 16]
Samsung_cost: [39030203182.0, [1600113.5, 51203108, 1638358008, 12858404, 203074744, 1587489]] [15274004046.0, [618351.0, 19783791, 633078564, 4912239, 85328676, 668271]] [1273995580.0, [52170.0, 1669150, 53412640, 417310, 6677280, 52170]] [20781214332.0, [850868.0, 27227206, 871270432, 6806854, 108910624, 850868]] [1679983212.0, [68790.0, 2201094, 70434864, 550278, 8804400, 68790]] [1171134204822.0, [47949693.0, 1534385247, 49100323923, 383602047, 6138057555, 47954907]] [37662179616.0, [1543824.0, 49401974, 1580863168, 12489846, 195940032, 1535135]]
Model_cost: [27559228212.32162, [3650.0114864864863, 40282660, 1288904952, 10265764, 49400505, 386978]] [5516828142.0, [7899.0, 5111919, 163578660, 1235055, 77870628, 608475]] [302397009.3333333, [15.333333333333332, 195230, 6247200, 13150, 6247200, 52170]] [5055818670.666666, [2511.6666666666665, 3327942, 106002464, 38734, 103509152, 831389]] [1630192980.0, [712.0, 2197510, 69492784, 559622, 7768304, 60826]] [422334971331.5999, [1465.2000000000003, 383608719, 12275433555, 95899671, 6137126091, 47946465]] [1685433008.75, [218.3125, 1491702, 47652928, 300446, 25506688, 200159]]
Arch_Param: [32, 2048, 16384, 4, 1024, 16]
Samsung_cost: [38927848160.0, [1600113.5, 25614369, 1638358008, 12858401, 203074744, 1587489]] [15234436686.0, [618351.0, 9891951, 633078564, 4912239, 85328676, 668271]] [1270657080.0, [52170.0, 834580, 53412640, 417300, 6677280, 52170]] [20726759280.0, [850868.0, 13613608, 871270432, 6806824, 108910624, 850868]] [1675581036.0, [68790.0, 1100550, 70434864, 550278, 8804400, 68790]] [1168065434646.0, [47949693.0, 767192703, 49100323923, 383602047, 6138057555, 47954907]] [37563374370.0, [1543824.0, 24700987, 1580863168, 12489787, 195940032, 1535135]]
Model_cost: [27479833318.32162, [3650.0114864864863, 20433953, 1288904952, 10265761, 49400505, 386978]] [5506604526.0, [7899.0, 2556015, 163578660, 1235055, 77870628, 608475]] [302031949.3333333, [15.333333333333332, 104020, 6247200, 13140, 6247200, 52170]] [5049228706.666666, [2511.6666666666665, 1680616, 106002464, 38704, 103509152, 831389]] [1624815160.0, [711.0, 1094662, 69427248, 576006, 7767792, 60762]] [421567757283.5999, [1465.2000000000003, 191805207, 12275433555, 95899671, 6137126091, 47946465]] [1682242482.75, [218.3125, 763387, 47652928, 287843, 25506688, 200159]]
Arch_Param: [32, 2048, 16384, 8, 256, 16]
Samsung_cost: [19666328096.0, [801777.5, 51312193, 820923384, 6444097, 102001848, 797857]] [15353138766.0, [618351.0, 39567471, 633078564, 4912239, 85328676, 668271]] [1280672580.0, [52170.0, 3338290, 53412640, 417330, 6677280, 52170]] [20890124436.0, [850868.0, 54454402, 871270432, 6806914, 108910624, 850868]] [1573491372.0, [64094.0, 4101638, 65626160, 512710, 8203312, 64094]] [1177271745174.0, [47949693.0, 3068770335, 49100323923, 383602047, 6138057555, 47954907]] [36946900252.0, [1505424.0, 96346348, 1541541568, 12113132, 192138944, 1505439]]
Model_cost: [15057761236.66081, [1905.3807432432432, 41814593, 668963704, 5323905, 49400505, 386978]] [3927441414.0, [7461.0, 5333103, 85328676, 86895, 77870628, 608475]] [303178329.3333333, [15.333333333333332, 390450, 6247200, 13170, 6247200, 52170]] [5069049798.666666, [2511.6666666666665, 6635394, 106002464, 38794, 103509152, 831389]] [928996536.0, [359.0, 2171654, 34746416, 279814, 7768304, 60826]] [297594245500.7999, [1100.1000000000001, 383626383, 6138012243, 5340891, 6137123727, 47946441]] [1387679339.95, [133.7125, 2055020, 32839552, 130580, 25506688, 200159]]
Arch_Param: [32, 2048, 16384, 8, 512, 16]
Samsung_cost: [19563704110.0, [801777.5, 25656356, 820923384, 6444068, 102001848, 797857]] [15274004046.0, [618351.0, 19783791, 633078564, 4912239, 85328676, 668271]] [1273995580.0, [52170.0, 1669150, 53412640, 417310, 6677280, 52170]] [20781214332.0, [850868.0, 27227206, 871270432, 6806854, 108910624, 850868]] [1565288108.0, [64094.0, 2050822, 65626160, 512710, 8203312, 64094]] [1171134204822.0, [47949693.0, 1534385247, 49100323923, 383602047, 6138057555, 47954907]] [36754204960.0, [1505424.0, 48173174, 1541541568, 12113014, 192138944, 1505439]]
Model_cost: [14974132450.66081, [1905.3807432432432, 20907556, 668963704, 5323876, 49400505, 386978]] [3916775430.0, [7461.0, 2666607, 85328676, 86895, 77870628, 608475]] [302397009.3333333, [15.333333333333332, 195230, 6247200, 13150, 6247200, 52170]] [5055818670.666666, [2511.6666666666665, 3327942, 106002464, 38734, 103509152, 831389]] [924704952.0, [359.0, 1098758, 34746416, 279814, 7768304, 60826]] [296826994588.7999, [1100.1000000000001, 191813655, 6138012243, 5340891, 6137123727, 47946441]] [1383221743.95, [133.7125, 1027510, 32839552, 114782, 25506688, 200159]]
Arch_Param: [32, 2048, 16384, 8, 1024, 16]
Samsung_cost: [19512418016.0, [801777.5, 12834849, 820923384, 6444065, 102001848, 797857]] [15234436686.0, [618351.0, 9891951, 633078564, 4912239, 85328676, 668271]] [1270657080.0, [52170.0, 834580, 53412640, 417300, 6677280, 52170]] [20726759280.0, [850868.0, 13613608, 871270432, 6806824, 108910624, 850868]] [1561186476.0, [64094.0, 1025414, 65626160, 512710, 8203312, 64094]] [1168065434646.0, [47949693.0, 767192703, 49100323923, 383602047, 6138057555, 47954907]] [36657857314.0, [1505424.0, 24086587, 1541541568, 12112955, 192138944, 1505439]]
Model_cost: [14932903060.66081, [1905.3807432432432, 10600225, 668963704, 5323873, 49400505, 386978]] [3911442438.0, [7461.0, 1333359, 85328676, 86895, 77870628, 608475]] [302031949.3333333, [15.333333333333332, 104020, 6247200, 13140, 6247200, 52170]] [5049228706.666666, [2511.6666666666665, 1680616, 106002464, 38704, 103509152, 831389]] [922007992.0, [359.0, 547334, 34713648, 288006, 7767792, 60762]] [296443369132.7999, [1100.1000000000001, 95907291, 6138012243, 5340891, 6137123727, 47946441]] [1381063665.95, [133.7125, 522811, 32839552, 108451, 25506688, 200159]]
Arch_Param: [32, 2048, 16384, 16, 256, 16]
Samsung_cost: [9881985056.0, [402609.5, 25765441, 412206072, 3236929, 51465400, 403041]] [15353138766.0, [618351.0, 39567471, 633078564, 4912239, 85328676, 668271]] [1280672580.0, [52170.0, 3338290, 53412640, 417330, 6677280, 52170]] [20890124436.0, [850868.0, 54454402, 871270432, 6806914, 108910624, 850868]] [1515843276.0, [61746.0, 3951366, 63221808, 493926, 7902768, 61746]] [1177271745174.0, [47949693.0, 3068770335, 49100323923, 383602047, 6138057555, 47954907]] [36490455324.0, [1486224.0, 95117548, 1521880768, 11924716, 190238400, 1490591]]
Model_cost: [8729189040.855406, [1030.9591216216218, 22447809, 359126200, 2854337, 49400505, 386978]] [3927441414.0, [7461.0, 5333103, 85328676, 86895, 77870628, 608475]] [303178329.3333333, [15.333333333333332, 390450, 6247200, 13170, 6247200, 52170]] [5069049798.666666, [2511.6666666666665, 6635394, 106002464, 38794, 103509152, 831389]] [574106796.888889, [184.8888888888889, 1085830, 17373232, 139910, 7768304, 60826]] [297594245500.7999, [1100.1000000000001, 383626383, 6138012243, 5340891, 6137123727, 47946441]] [1299005317.05, [98.0375, 1783660, 28517760, 78228, 25506688, 200159]]
Arch_Param: [32, 2048, 16384, 16, 512, 16]
Samsung_cost: [9830454574.0, [402609.5, 12882980, 412206072, 3236900, 51465400, 403041]] [15274004046.0, [618351.0, 19783791, 633078564, 4912239, 85328676, 668271]] [1273995580.0, [52170.0, 1669150, 53412640, 417310, 6677280, 52170]] [20781214332.0, [850868.0, 27227206, 871270432, 6806854, 108910624, 850868]] [1507940556.0, [61746.0, 1975686, 63221808, 493926, 7902768, 61746]] [1171134204822.0, [47949693.0, 1534385247, 49100323923, 383602047, 6138057555, 47954907]] [36300217632.0, [1486224.0, 47558774, 1521880768, 11924598, 190238400, 1490591]]
Model_cost: [8684293822.855406, [1030.9591216216218, 11224164, 359126200, 2854308, 49400505, 386978]] [3916775430.0, [7461.0, 2666607, 85328676, 86895, 77870628, 608475]] [302397009.3333333, [15.333333333333332, 195230, 6247200, 13150, 6247200, 52170]] [5055818670.666666, [2511.6666666666665, 3327942, 106002464, 38734, 103509152, 831389]] [571961004.888889, [184.8888888888889, 549382, 17373232, 139910, 7768304, 60826]] [296826994588.7999, [1100.1000000000001, 191813655, 6138012243, 5340891, 6137123727, 47946441]] [1295259401.05, [98.0375, 891830, 28517760, 70110, 25506688, 200159]]
Arch_Param: [32, 2048, 16384, 16, 1024, 16]
Samsung_cost: [9804702944.0, [402609.5, 6445089, 412206072, 3236897, 51465400, 403041]] [15234436686.0, [618351.0, 9891951, 633078564, 4912239, 85328676, 668271]] [1270657080.0, [52170.0, 834580, 53412640, 417300, 6677280, 52170]] [20726759280.0, [850868.0, 13613608, 871270432, 6806824, 108910624, 850868]] [1503989196.0, [61746.0, 987846, 63221808, 493926, 7902768, 61746]] [1168065434646.0, [47949693.0, 767192703, 49100323923, 383602047, 6138057555, 47954907]] [36205098786.0, [1486224.0, 23779387, 1521880768, 11924539, 190238400, 1490591]]
Model_cost: [8662140016.855406, [1030.9591216216218, 5685729, 359126200, 2854305, 49400505, 386978]] [3911442438.0, [7461.0, 1333359, 85328676, 86895, 77870628, 608475]] [302031949.3333333, [15.333333333333332, 104020, 6247200, 13140, 6247200, 52170]] [5049228706.666666, [2511.6666666666665, 1680616, 106002464, 38704, 103509152, 831389]] [570604451.5555556, [184.55555555555554, 273670, 17356848, 144006, 7767792, 60762]] [296443369132.7999, [1100.1000000000001, 95907291, 6138012243, 5340891, 6137123727, 47946441]] [1293423371.05, [98.0375, 450747, 28517760, 66851, 25506688, 200159]]
Arch_Param: [32, 2048, 16384, 32, 256, 16]
Samsung_cost: [9636912032.0, [392401.5, 25112129, 401768440, 3146817, 50351288, 394337]] [15353138766.0, [618351.0, 39567471, 633078564, 4912239, 85328676, 668271]] [1280672580.0, [52170.0, 3338290, 53412640, 417330, 6677280, 52170]] [20890124436.0, [850868.0, 54454402, 871270432, 6806914, 108910624, 850868]] [1499589852.0, [61084.0, 3908998, 62543920, 488630, 7818032, 61084]] [1177271745174.0, [47949693.0, 3068770335, 49100323923, 383602047, 6138057555, 47954907]] [36440172828.0, [1484176.0, 94986476, 1519783616, 11908332, 189976256, 1488543]]
Model_cost: [5566053548.931081, [591.9618243243243, 12767937, 204263608, 1620161, 49400505, 386978]] [3927441414.0, [7461.0, 5333103, 85328676, 86895, 77870628, 608475]] [303178329.3333333, [15.333333333333332, 390450, 6247200, 13170, 6247200, 52170]] [5069049798.666666, [2511.6666666666665, 6635394, 106002464, 38794, 103509152, 831389]] [395428452.4444445, [95.44444444444446, 542918, 8686640, 13894, 7768304, 60826]] [297594245500.7999, [1100.1000000000001, 383626383, 6138012243, 5340891, 6137123727, 47946441]] [1254524689.6, [80.2, 1647980, 26356864, 45524, 25506688, 200159]]
Arch_Param: [32, 2048, 16384, 32, 512, 16]
Samsung_cost: [9586688174.0, [392401.5, 12556324, 401768440, 3146788, 50351288, 394337]] [15274004046.0, [618351.0, 19783791, 633078564, 4912239, 85328676, 668271]] [1273995580.0, [52170.0, 1669150, 53412640, 417310, 6677280, 52170]] [20781214332.0, [850868.0, 27227206, 871270432, 6806854, 108910624, 850868]] [1491771868.0, [61084.0, 1954502, 62543920, 488630, 7818032, 61084]] [1171134204822.0, [47949693.0, 1534385247, 49100323923, 383602047, 6138057555, 47954907]] [36250197280.0, [1484176.0, 47493238, 1519783616, 11908214, 189976256, 1488543]]
Model_cost: [5540518074.931081, [591.9618243243243, 6384228, 204263608, 1620132, 49400505, 386978]] [3916775430.0, [7461.0, 2666607, 85328676, 86895, 77870628, 608475]] [302397009.3333333, [15.333333333333332, 195230, 6247200, 13150, 6247200, 52170]] [5055818670.666666, [2511.6666666666665, 3327942, 106002464, 38734, 103509152, 831389]] [394347629.7777778, [95.77777777777777, 272646, 8678448, 22086, 7767792, 60762]] [296826994588.7999, [1100.1000000000001, 191813655, 6138012243, 5340891, 6137123727, 47946441]] [1251134613.6, [80.2, 823990, 26356864, 41246, 25506688, 200159]]
Arch_Param: [32, 2048, 16384, 32, 1024, 16]
Samsung_cost: [9561583712.0, [392401.5, 6280225, 401768440, 3146785, 50351288, 394337]] [15234436686.0, [618351.0, 9891951, 633078564, 4912239, 85328676, 668271]] [1270657080.0, [52170.0, 834580, 53412640, 417300, 6677280, 52170]] [20726759280.0, [850868.0, 13613608, 871270432, 6806824, 108910624, 850868]] [1487862876.0, [61084.0, 977254, 62543920, 488630, 7818032, 61084]] [1168065434646.0, [47949693.0, 767192703, 49100323923, 383602047, 6138057555, 47954907]] [36155209506.0, [1484176.0, 23746619, 1519783616, 11908155, 189976256, 1488543]]
Model_cost: [5527899756.931081, [591.9618243243243, 3229665, 204263608, 1620129, 49400505, 386978]] [3911442438.0, [7461.0, 1333359, 85328676, 86895, 77870628, 608475]] [302031949.3333333, [15.333333333333332, 104020, 6247200, 13140, 6247200, 52170]] [5049228706.666666, [2511.6666666666665, 1680616, 106002464, 38704, 103509152, 831389]] [393669229.7777778, [95.77777777777777, 136838, 8678448, 15942, 7767792, 60762]] [296443369132.7999, [1100.1000000000001, 95907291, 6138012243, 5340891, 6137123727, 47946441]] [1249459607.6, [80.2, 414715, 26356864, 39523, 25506688, 200159]]
Arch_Param: [32, 2048, 8192, 4, 256, 16]
Samsung_cost: [39279816430.0, [3200194.0, 102405697, 1638358008, 12858433, 203074744, 1587489]] [15370449486.0, [1236591.0, 39567471, 633078564, 4912239, 85328676, 668271]] [1282133060, [104330, 3338290, 53412640, 417330, 6677280, 52170]] [20913948180, [1701716, 54454402, 871270432, 6806914, 108910624, 850868]] [1690713516, [137574, 4402182, 70434864, 550278, 8804400, 68790]] [1178614332126.0, [95899227.0, 3068770335, 49100323923, 383602047, 6138057555, 47954907]] [37903016732.0, [3087632.0, 98803948, 1580863168, 12489964, 195940032, 1535135]]
Model_cost: [27720458053.0, [7244.25, 80564801, 1288904952, 10265793, 49400505, 386978]] [5537493438.0, [15687.0, 10223727, 163578660, 1235055, 77870628, 608475]] [303178488.0, [21.0, 390450, 6247200, 13170, 6247200, 52170]] [5069119584.0, [5004.0, 6635394, 106002464, 38794, 103509152, 831389]] [1638795916.0, [1418.0, 4343302, 69492784, 559622, 7768304, 60826]] [423869440302.0, [2925.0, 767215743, 12275433555, 95899671, 6137126091, 47946465]] [1692097969.5, [419.625, 2983404, 47652928, 331924, 25506688, 200159]]
Arch_Param: [32, 2048, 8192, 4, 512, 16]
Samsung_cost: [39075005436.0, [3200194.0, 51203108, 1638358008, 12858404, 203074744, 1587489]] [15291314766.0, [1236591.0, 19783791, 633078564, 4912239, 85328676, 668271]] [1275456060, [104330, 1669150, 53412640, 417310, 6677280, 52170]] [20805038076, [1701716, 27227206, 871270432, 6806854, 108910624, 850868]] [1681909164, [137574, 2201094, 70434864, 550278, 8804400, 68790]] [1172476791774.0, [95899227.0, 1534385247, 49100323923, 383602047, 6138057555, 47954907]] [37705406240.0, [3087632.0, 49401974, 1580863168, 12489846, 195940032, 1535135]]
Model_cost: [27559328851.0, [7244.25, 40282660, 1288904952, 10265764, 49400505, 386978]] [5517046206.0, [15687.0, 5111919, 163578660, 1235055, 77870628, 608475]] [302397168.0, [21.0, 195230, 6247200, 13150, 6247200, 52170]] [5055888456.0, [5004.0, 3327942, 106002464, 38734, 103509152, 831389]] [1630212748.0, [1418.0, 2197510, 69492784, 559622, 7768304, 60826]] [422335012206.0, [2925.0, 383608719, 12275433555, 95899671, 6137126091, 47946465]] [1685438645.5, [419.625, 1491702, 47652928, 300446, 25506688, 200159]]
Arch_Param: [32, 2048, 8192, 4, 1024, 16]
Samsung_cost: [38972650414.0, [3200194.0, 25614369, 1638358008, 12858401, 203074744, 1587489]] [15251747406.0, [1236591.0, 9891951, 633078564, 4912239, 85328676, 668271]] [1272117560, [104330, 834580, 53412640, 417300, 6677280, 52170]] [20750583024, [1701716, 13613608, 871270432, 6806824, 108910624, 850868]] [1677506988, [137574, 1100550, 70434864, 550278, 8804400, 68790]] [1169408021598.0, [95899227.0, 767192703, 49100323923, 383602047, 6138057555, 47954907]] [37606600994.0, [3087632.0, 24700987, 1580863168, 12489787, 195940032, 1535135]]
Model_cost: [27479933957.0, [7244.25, 20433953, 1288904952, 10265761, 49400505, 386978]] [5506822590.0, [15687.0, 2556015, 163578660, 1235055, 77870628, 608475]] [302032108.0, [21.0, 104020, 6247200, 13140, 6247200, 52170]] [5049298492.0, [5004.0, 1680616, 106002464, 38704, 103509152, 831389]] [1624834900.0, [1416.0, 1094662, 69427248, 576006, 7767792, 60762]] [421567798158.0, [2925.0, 191805207, 12275433555, 95899671, 6137126091, 47946465]] [1682248119.5, [419.625, 763387, 47652928, 287843, 25506688, 200159]]
Arch_Param: [32, 2048, 8192, 8, 256, 16]
Samsung_cost: [19688776942.0, [1603522.0, 51312193, 820923384, 6444097, 102001848, 797857]] [15370449486.0, [1236591.0, 39567471, 633078564, 4912239, 85328676, 668271]] [1282133060, [104330, 3338290, 53412640, 417330, 6677280, 52170]] [20913948180, [1701716, 54454402, 871270432, 6806914, 108910624, 850868]] [1575285836, [128182, 4101638, 65626160, 512710, 8203312, 64094]] [1178614332126.0, [95899227.0, 3068770335, 49100323923, 383602047, 6138057555, 47954907]] [36989051676.0, [3010832.0, 96346348, 1541541568, 12113132, 192138944, 1505439]]
Model_cost: [15057813335.477777, [3766.052777777778, 41814593, 668963704, 5323905, 49400505, 386978]] [3927647214.0, [14811.0, 5333103, 85328676, 86895, 77870628, 608475]] [303178488.0, [21.0, 390450, 6247200, 13170, 6247200, 52170]] [5069119584.0, [5004.0, 6635394, 106002464, 38794, 103509152, 831389]] [929006420.0, [712.0, 2171654, 34746416, 279814, 7768304, 60826]] [297594274002.0, [2118.0, 383626383, 6138012243, 5340891, 6137123727, 47946441]] [1387682607.9, [250.425, 2055020, 32839552, 130580, 25506688, 200159]]
Arch_Param: [32, 2048, 8192, 8, 512, 16]
Samsung_cost: [19586152956.0, [1603522.0, 25656356, 820923384, 6444068, 102001848, 797857]] [15291314766.0, [1236591.0, 19783791, 633078564, 4912239, 85328676, 668271]] [1275456060, [104330, 1669150, 53412640, 417310, 6677280, 52170]] [20805038076, [1701716, 27227206, 871270432, 6806854, 108910624, 850868]] [1567082572, [128182, 2050822, 65626160, 512710, 8203312, 64094]] [1172476791774.0, [95899227.0, 1534385247, 49100323923, 383602047, 6138057555, 47954907]] [36796356384.0, [3010832.0, 48173174, 1541541568, 12113014, 192138944, 1505439]]
Model_cost: [14974184549.477777, [3766.052777777778, 20907556, 668963704, 5323876, 49400505, 386978]] [3916981230.0, [14811.0, 2666607, 85328676, 86895, 77870628, 608475]] [302397168.0, [21.0, 195230, 6247200, 13150, 6247200, 52170]] [5055888456.0, [5004.0, 3327942, 106002464, 38734, 103509152, 831389]] [924714836.0, [712.0, 1098758, 34746416, 279814, 7768304, 60826]] [296827023090.0, [2118.0, 191813655, 6138012243, 5340891, 6137123727, 47946441]] [1383225011.9, [250.425, 1027510, 32839552, 114782, 25506688, 200159]]
Arch_Param: [32, 2048, 8192, 8, 1024, 16]
Samsung_cost: [19534866862.0, [1603522.0, 12834849, 820923384, 6444065, 102001848, 797857]] [15251747406.0, [1236591.0, 9891951, 633078564, 4912239, 85328676, 668271]] [1272117560, [104330, 834580, 53412640, 417300, 6677280, 52170]] [20750583024, [1701716, 13613608, 871270432, 6806824, 108910624, 850868]] [1562980940, [128182, 1025414, 65626160, 512710, 8203312, 64094]] [1169408021598.0, [95899227.0, 767192703, 49100323923, 383602047, 6138057555, 47954907]] [36700008738.0, [3010832.0, 24086587, 1541541568, 12112955, 192138944, 1505439]]
Model_cost: [14932955159.477777, [3766.052777777778, 10600225, 668963704, 5323873, 49400505, 386978]] [3911648238.0, [14811.0, 1333359, 85328676, 86895, 77870628, 608475]] [302032108.0, [21.0, 104020, 6247200, 13140, 6247200, 52170]] [5049298492.0, [5004.0, 1680616, 106002464, 38704, 103509152, 831389]] [922017848.0, [711.0, 547334, 34713648, 288006, 7767792, 60762]] [296443397634.0, [2118.0, 95907291, 6138012243, 5340891, 6137123727, 47946441]] [1381066933.9, [250.425, 522811, 32839552, 108451, 25506688, 200159]]
Arch_Param: [32, 2048, 8192, 16, 256, 16]
Samsung_cost: [9893257198.0, [805186.0, 25765441, 412206072, 3236929, 51465400, 403041]] [15370449486.0, [1236591.0, 39567471, 633078564, 4912239, 85328676, 668271]] [1282133060, [104330, 3338290, 53412640, 417330, 6677280, 52170]] [20913948180, [1701716, 54454402, 871270432, 6806914, 108910624, 850868]] [1517571996, [123486, 3951366, 63221808, 493926, 7902768, 61746]] [1178614332126.0, [95899227.0, 3068770335, 49100323923, 383602047, 6138057555, 47954907]] [36532069148.0, [2972432.0, 95117548, 1521880768, 11924716, 190238400, 1490591]]
Model_cost: [8729216853.38889, [2024.263888888889, 22447809, 359126200, 2854337, 49400505, 386978]] [3927647214.0, [14811.0, 5333103, 85328676, 86895, 77870628, 608475]] [303178488.0, [21.0, 390450, 6247200, 13170, 6247200, 52170]] [5069119584.0, [5004.0, 6635394, 106002464, 38794, 103509152, 831389]] [574111672.0, [359.0, 1085830, 17373232, 139910, 7768304, 60826]] [297594274002.0, [2118.0, 383626383, 6138012243, 5340891, 6137123727, 47946441]] [1299007614.1, [180.075, 1783660, 28517760, 78228, 25506688, 200159]]
Arch_Param: [32, 2048, 8192, 16, 512, 16]
Samsung_cost: [9841726716.0, [805186.0, 12882980, 412206072, 3236900, 51465400, 403041]] [15291314766.0, [1236591.0, 19783791, 633078564, 4912239, 85328676, 668271]] [1275456060, [104330, 1669150, 53412640, 417310, 6677280, 52170]] [20805038076, [1701716, 27227206, 871270432, 6806854, 108910624, 850868]] [1509669276, [123486, 1975686, 63221808, 493926, 7902768, 61746]] [1172476791774.0, [95899227.0, 1534385247, 49100323923, 383602047, 6138057555, 47954907]] [36341831456.0, [2972432.0, 47558774, 1521880768, 11924598, 190238400, 1490591]]
Model_cost: [8684321635.38889, [2024.263888888889, 11224164, 359126200, 2854308, 49400505, 386978]] [3916981230.0, [14811.0, 2666607, 85328676, 86895, 77870628, 608475]] [302397168.0, [21.0, 195230, 6247200, 13150, 6247200, 52170]] [5055888456.0, [5004.0, 3327942, 106002464, 38734, 103509152, 831389]] [571965880.0, [359.0, 549382, 17373232, 139910, 7768304, 60826]] [296827023090.0, [2118.0, 191813655, 6138012243, 5340891, 6137123727, 47946441]] [1295261698.1, [180.075, 891830, 28517760, 70110, 25506688, 200159]]
Arch_Param: [32, 2048, 8192, 16, 1024, 16]
Samsung_cost: [9815975086.0, [805186.0, 6445089, 412206072, 3236897, 51465400, 403041]] [15251747406.0, [1236591.0, 9891951, 633078564, 4912239, 85328676, 668271]] [1272117560, [104330, 834580, 53412640, 417300, 6677280, 52170]] [20750583024, [1701716, 13613608, 871270432, 6806824, 108910624, 850868]] [1505717916, [123486, 987846, 63221808, 493926, 7902768, 61746]] [1169408021598.0, [95899227.0, 767192703, 49100323923, 383602047, 6138057555, 47954907]] [36246712610.0, [2972432.0, 23779387, 1521880768, 11924539, 190238400, 1490591]]
Model_cost: [8662167829.38889, [2024.263888888889, 5685729, 359126200, 2854305, 49400505, 386978]] [3911648238.0, [14811.0, 1333359, 85328676, 86895, 77870628, 608475]] [302032108.0, [21.0, 104020, 6247200, 13140, 6247200, 52170]] [5049298492.0, [5004.0, 1680616, 106002464, 38704, 103509152, 831389]] [570609336.0, [359.0, 273670, 17356848, 144006, 7767792, 60762]] [296443397634.0, [2118.0, 95907291, 6138012243, 5340891, 6137123727, 47946441]] [1293425668.1, [180.075, 450747, 28517760, 66851, 25506688, 200159]]
Arch_Param: [32, 2048, 8192, 32, 256, 16]
Samsung_cost: [9647898350.0, [784770.0, 25112129, 401768440, 3146817, 50351288, 394337]] [15370449486.0, [1236591.0, 39567471, 633078564, 4912239, 85328676, 668271]] [1282133060, [104330, 3338290, 53412640, 417330, 6677280, 52170]] [20913948180, [1701716, 54454402, 871270432, 6806914, 108910624, 850868]] [1501300036, [122162, 3908998, 62543920, 488630, 7818032, 61084]] [1178614332126.0, [95899227.0, 3068770335, 49100323923, 383602047, 6138057555, 47954907]] [36481729308.0, [2968336.0, 94986476, 1519783616, 11908332, 189976256, 1488543]]
Model_cost: [5566069201.922222, [1150.9972222222223, 12767937, 204263608, 1620161, 49400505, 386978]] [3927647214.0, [14811.0, 5333103, 85328676, 86895, 77870628, 608475]] [303178488.0, [21.0, 390450, 6247200, 13170, 6247200, 52170]] [5069119584.0, [5004.0, 6635394, 106002464, 38794, 103509152, 831389]] [395431305.3333333, [197.33333333333334, 542918, 8686640, 13894, 7768304, 60826]] [297594274002.0, [2118.0, 383626383, 6138012243, 5340891, 6137123727, 47946441]] [1254526487.2, [144.4, 1647980, 26356864, 45524, 25506688, 200159]]
Arch_Param: [32, 2048, 8192, 32, 512, 16]
Samsung_cost: [9597674492.0, [784770.0, 12556324, 401768440, 3146788, 50351288, 394337]] [15291314766.0, [1236591.0, 19783791, 633078564, 4912239, 85328676, 668271]] [1275456060, [104330, 1669150, 53412640, 417310, 6677280, 52170]] [20805038076, [1701716, 27227206, 871270432, 6806854, 108910624, 850868]] [1493482052, [122162, 1954502, 62543920, 488630, 7818032, 61084]] [1172476791774.0, [95899227.0, 1534385247, 49100323923, 383602047, 6138057555, 47954907]] [36291753760.0, [2968336.0, 47493238, 1519783616, 11908214, 189976256, 1488543]]
Model_cost: [5540533727.922222, [1150.9972222222223, 6384228, 204263608, 1620132, 49400505, 386978]] [3916981230.0, [14811.0, 2666607, 85328676, 86895, 77870628, 608475]] [302397168.0, [21.0, 195230, 6247200, 13150, 6247200, 52170]] [5055888456.0, [5004.0, 3327942, 106002464, 38734, 103509152, 831389]] [394350464.0, [197.0, 272646, 8678448, 22086, 7767792, 60762]] [296827023090.0, [2118.0, 191813655, 6138012243, 5340891, 6137123727, 47946441]] [1251136411.2, [144.4, 823990, 26356864, 41246, 25506688, 200159]]
Arch_Param: [32, 2048, 8192, 32, 1024, 16]
Samsung_cost: [9572570030.0, [784770.0, 6280225, 401768440, 3146785, 50351288, 394337]] [15251747406.0, [1236591.0, 9891951, 633078564, 4912239, 85328676, 668271]] [1272117560, [104330, 834580, 53412640, 417300, 6677280, 52170]] [20750583024, [1701716, 13613608, 871270432, 6806824, 108910624, 850868]] [1489573060, [122162, 977254, 62543920, 488630, 7818032, 61084]] [1169408021598.0, [95899227.0, 767192703, 49100323923, 383602047, 6138057555, 47954907]] [36196765986.0, [2968336.0, 23746619, 1519783616, 11908155, 189976256, 1488543]]
Model_cost: [5527915409.922222, [1150.9972222222223, 3229665, 204263608, 1620129, 49400505, 386978]] [3911648238.0, [14811.0, 1333359, 85328676, 86895, 77870628, 608475]] [302032108.0, [21.0, 104020, 6247200, 13140, 6247200, 52170]] [5049298492.0, [5004.0, 1680616, 106002464, 38704, 103509152, 831389]] [393672064.0, [197.0, 136838, 8678448, 15942, 7767792, 60762]] [296443397634.0, [2118.0, 95907291, 6138012243, 5340891, 6137123727, 47946441]] [1249461405.2, [144.4, 414715, 26356864, 39523, 25506688, 200159]]
Arch_Param: [32, 2048, 4096, 4, 256, 16]
Samsung_cost: [39369420938.0, [6400355.0, 102405697, 1638358008, 12858433, 203074744, 1587489]] [15405070926.0, [2473071.0, 39567471, 633078564, 4912239, 85328676, 668271]] [1285054020, [208650, 3338290, 53412640, 417330, 6677280, 52170]] [20961595668, [3403412, 54454402, 871270432, 6806914, 108910624, 850868]] [1694565420, [275142, 4402182, 70434864, 550278, 8804400, 68790]] [1181299506030.0, [191798295.0, 3068770335, 49100323923, 383602047, 6138057555, 47954907]] [37989470064, [6175251, 98803948, 1580863168, 12489964, 195940032, 1535135]]
Model_cost: [27720659436.0, [14436.5, 80564801, 1288904952, 10265793, 49400505, 386978]] [5537929566.0, [31263.0, 10223727, 163578660, 1235055, 77870628, 608475]] [303178796.0, [32.0, 390450, 6247200, 13170, 6247200, 52170]] [5069258856.0, [9978.0, 6635394, 106002464, 38794, 103509152, 831389]] [1638835452.0, [2830.0, 4343302, 69492784, 559622, 7768304, 60826]] [423869517750.0, [5691.0, 767215743, 12275433555, 95899671, 6137126091, 47946465]] [1692109327.0, [825.25, 2983404, 47652928, 331924, 25506688, 200159]]
Arch_Param: [32, 2048, 4096, 4, 512, 16]
Samsung_cost: [39164609944.0, [6400355.0, 51203108, 1638358008, 12858404, 203074744, 1587489]] [15325936206.0, [2473071.0, 19783791, 633078564, 4912239, 85328676, 668271]] [1278377020, [208650, 1669150, 53412640, 417310, 6677280, 52170]] [20852685564, [3403412, 27227206, 871270432, 6806854, 108910624, 850868]] [1685761068, [275142, 2201094, 70434864, 550278, 8804400, 68790]] [1175161965678.0, [191798295.0, 1534385247, 49100323923, 383602047, 6138057555, 47954907]] [37791859572, [6175251, 49401974, 1580863168, 12489846, 195940032, 1535135]]
Model_cost: [27559530234.0, [14436.5, 40282660, 1288904952, 10265764, 49400505, 386978]] [5517482334.0, [31263.0, 5111919, 163578660, 1235055, 77870628, 608475]] [302397476, [32, 195230, 6247200, 13150, 6247200, 52170]] [5056027728.0, [9978.0, 3327942, 106002464, 38734, 103509152, 831389]] [1630252284.0, [2830.0, 2197510, 69492784, 559622, 7768304, 60826]] [422335089654.0, [5691.0, 383608719, 12275433555, 95899671, 6137126091, 47946465]] [1685450003.0, [825.25, 1491702, 47652928, 300446, 25506688, 200159]]
Arch_Param: [32, 2048, 4096, 4, 1024, 16]
Samsung_cost: [39062254922.0, [6400355.0, 25614369, 1638358008, 12858401, 203074744, 1587489]] [15286368846.0, [2473071.0, 9891951, 633078564, 4912239, 85328676, 668271]] [1275038520, [208650, 834580, 53412640, 417300, 6677280, 52170]] [20798230512, [3403412, 13613608, 871270432, 6806824, 108910624, 850868]] [1681358892, [275142, 1100550, 70434864, 550278, 8804400, 68790]] [1172093195502.0, [191798295.0, 767192703, 49100323923, 383602047, 6138057555, 47954907]] [37693054326, [6175251, 24700987, 1580863168, 12489787, 195940032, 1535135]]
Model_cost: [27480135340.0, [14436.5, 20433953, 1288904952, 10265761, 49400505, 386978]] [5507258718.0, [31263.0, 2556015, 163578660, 1235055, 77870628, 608475]] [302032416.0, [32.0, 104020, 6247200, 13140, 6247200, 52170]] [5049437764.0, [9978.0, 1680616, 106002464, 38704, 103509152, 831389]] [1624874380.0, [2826.0, 1094662, 69427248, 576006, 7767792, 60762]] [421567875606.0, [5691.0, 191805207, 12275433555, 95899671, 6137126091, 47946465]] [1682259477.0, [825.25, 763387, 47652928, 287843, 25506688, 200159]]
Arch_Param: [32, 2048, 4096, 8, 256, 16]
Samsung_cost: [19733674634.0, [3207011.0, 51312193, 820923384, 6444097, 102001848, 797857]] [15405070926.0, [2473071.0, 39567471, 633078564, 4912239, 85328676, 668271]] [1285054020, [208650, 3338290, 53412640, 417330, 6677280, 52170]] [20961595668, [3403412, 54454402, 871270432, 6806914, 108910624, 850868]] [1578874764, [256358, 4101638, 65626160, 512710, 8203312, 64094]] [1181299506030.0, [191798295.0, 3068770335, 49100323923, 383602047, 6138057555, 47954907]] [37073354608, [6021651, 96346348, 1541541568, 12113132, 192138944, 1505439]]
Model_cost: [15057917207.0, [7475.75, 41814593, 668963704, 5323905, 49400505, 386978]] [3928058814.0, [29511.0, 5333103, 85328676, 86895, 77870628, 608475]] [303178796.0, [32.0, 390450, 6247200, 13170, 6247200, 52170]] [5069258856.0, [9978.0, 6635394, 106002464, 38794, 103509152, 831389]] [929026188.0, [1418.0, 2171654, 34746416, 279814, 7768304, 60826]] [297594328854.0, [4077.0, 383626383, 6138012243, 5340891, 6137123727, 47946441]] [1387689127.0, [483.25, 2055020, 32839552, 130580, 25506688, 200159]]
Arch_Param: [32, 2048, 4096, 8, 512, 16]
Samsung_cost: [19631050648.0, [3207011.0, 25656356, 820923384, 6444068, 102001848, 797857]] [15325936206.0, [2473071.0, 19783791, 633078564, 4912239, 85328676, 668271]] [1278377020, [208650, 1669150, 53412640, 417310, 6677280, 52170]] [20852685564, [3403412, 27227206, 871270432, 6806854, 108910624, 850868]] [1570671500, [256358, 2050822, 65626160, 512710, 8203312, 64094]] [1175161965678.0, [191798295.0, 1534385247, 49100323923, 383602047, 6138057555, 47954907]] [36880659316, [6021651, 48173174, 1541541568, 12113014, 192138944, 1505439]]
Model_cost: [14974288421.0, [7475.75, 20907556, 668963704, 5323876, 49400505, 386978]] [3917392830.0, [29511.0, 2666607, 85328676, 86895, 77870628, 608475]] [302397476, [32, 195230, 6247200, 13150, 6247200, 52170]] [5056027728.0, [9978.0, 3327942, 106002464, 38734, 103509152, 831389]] [924734604.0, [1418.0, 1098758, 34746416, 279814, 7768304, 60826]] [296827077942.0, [4077.0, 191813655, 6138012243, 5340891, 6137123727, 47946441]] [1383231531.0, [483.25, 1027510, 32839552, 114782, 25506688, 200159]]
Arch_Param: [32, 2048, 4096, 8, 1024, 16]
Samsung_cost: [19579764554.0, [3207011.0, 12834849, 820923384, 6444065, 102001848, 797857]] [15286368846.0, [2473071.0, 9891951, 633078564, 4912239, 85328676, 668271]] [1275038520, [208650, 834580, 53412640, 417300, 6677280, 52170]] [20798230512, [3403412, 13613608, 871270432, 6806824, 108910624, 850868]] [1566569868, [256358, 1025414, 65626160, 512710, 8203312, 64094]] [1172093195502.0, [191798295.0, 767192703, 49100323923, 383602047, 6138057555, 47954907]] [36784311670, [6021651, 24086587, 1541541568, 12112955, 192138944, 1505439]]
Model_cost: [14933059031.0, [7475.75, 10600225, 668963704, 5323873, 49400505, 386978]] [3912059838.0, [29511.0, 1333359, 85328676, 86895, 77870628, 608475]] [302032416.0, [32.0, 104020, 6247200, 13140, 6247200, 52170]] [5049437764.0, [9978.0, 1680616, 106002464, 38704, 103509152, 831389]] [922037588.0, [1416.0, 547334, 34713648, 288006, 7767792, 60762]] [296443452486.0, [4077.0, 95907291, 6138012243, 5340891, 6137123727, 47946441]] [1381073453.0, [483.25, 522811, 32839552, 108451, 25506688, 200159]]
Arch_Param: [32, 2048, 4096, 16, 256, 16]
Samsung_cost: [9915801482.0, [1610339.0, 25765441, 412206072, 3236929, 51465400, 403041]] [15405070926.0, [2473071.0, 39567471, 633078564, 4912239, 85328676, 668271]] [1285054020, [208650, 3338290, 53412640, 417330, 6677280, 52170]] [20961595668, [3403412, 54454402, 871270432, 6806914, 108910624, 850868]] [1521029436, [246966, 3951366, 63221808, 493926, 7902768, 61746]] [1181299506030.0, [191798295.0, 3068770335, 49100323923, 383602047, 6138057555, 47954907]] [36615296880, [5944851, 95117548, 1521880768, 11924716, 190238400, 1490591]]
Model_cost: [8729272272.777779, [4003.527777777778, 22447809, 359126200, 2854337, 49400505, 386978]] [3928058814.0, [29511.0, 5333103, 85328676, 86895, 77870628, 608475]] [303178796.0, [32.0, 390450, 6247200, 13170, 6247200, 52170]] [5069258856.0, [9978.0, 6635394, 106002464, 38794, 103509152, 831389]] [574121556.0, [712.0, 1085830, 17373232, 139910, 7768304, 60826]] [297594328854.0, [4077.0, 383626383, 6138012243, 5340891, 6137123727, 47946441]] [1299012365.0, [349.75, 1783660, 28517760, 78228, 25506688, 200159]]
Arch_Param: [32, 2048, 4096, 16, 512, 16]
Samsung_cost: [9864271000.0, [1610339.0, 12882980, 412206072, 3236900, 51465400, 403041]] [15325936206.0, [2473071.0, 19783791, 633078564, 4912239, 85328676, 668271]] [1278377020, [208650, 1669150, 53412640, 417310, 6677280, 52170]] [20852685564, [3403412, 27227206, 871270432, 6806854, 108910624, 850868]] [1513126716, [246966, 1975686, 63221808, 493926, 7902768, 61746]] [1175161965678.0, [191798295.0, 1534385247, 49100323923, 383602047, 6138057555, 47954907]] [36425059188, [5944851, 47558774, 1521880768, 11924598, 190238400, 1490591]]
Model_cost: [8684377054.777779, [4003.527777777778, 11224164, 359126200, 2854308, 49400505, 386978]] [3917392830.0, [29511.0, 2666607, 85328676, 86895, 77870628, 608475]] [302397476, [32, 195230, 6247200, 13150, 6247200, 52170]] [5056027728.0, [9978.0, 3327942, 106002464, 38734, 103509152, 831389]] [571975764.0, [712.0, 549382, 17373232, 139910, 7768304, 60826]] [296827077942.0, [4077.0, 191813655, 6138012243, 5340891, 6137123727, 47946441]] [1295266449.0, [349.75, 891830, 28517760, 70110, 25506688, 200159]]
Arch_Param: [32, 2048, 4096, 16, 1024, 16]
Samsung_cost: [9838519370.0, [1610339.0, 6445089, 412206072, 3236897, 51465400, 403041]] [15286368846.0, [2473071.0, 9891951, 633078564, 4912239, 85328676, 668271]] [1275038520, [208650, 834580, 53412640, 417300, 6677280, 52170]] [20798230512, [3403412, 13613608, 871270432, 6806824, 108910624, 850868]] [1509175356, [246966, 987846, 63221808, 493926, 7902768, 61746]] [1172093195502.0, [191798295.0, 767192703, 49100323923, 383602047, 6138057555, 47954907]] [36329940342, [5944851, 23779387, 1521880768, 11924539, 190238400, 1490591]]
Model_cost: [8662223248.777779, [4003.527777777778, 5685729, 359126200, 2854305, 49400505, 386978]] [3912059838.0, [29511.0, 1333359, 85328676, 86895, 77870628, 608475]] [302032416.0, [32.0, 104020, 6247200, 13140, 6247200, 52170]] [5049437764.0, [9978.0, 1680616, 106002464, 38704, 103509152, 831389]] [570619192.0, [711.0, 273670, 17356848, 144006, 7767792, 60762]] [296443452486.0, [4077.0, 95907291, 6138012243, 5340891, 6137123727, 47946441]] [1293430419.0, [349.75, 450747, 28517760, 66851, 25506688, 200159]]
Arch_Param: [32, 2048, 4096, 32, 256, 16]
Samsung_cost: [9669870986.0, [1569507.0, 25112129, 401768440, 3146817, 50351288, 394337]] [15405070926.0, [2473071.0, 39567471, 633078564, 4912239, 85328676, 668271]] [1285054020, [208650, 3338290, 53412640, 417330, 6677280, 52170]] [20961595668, [3403412, 54454402, 871270432, 6806914, 108910624, 850868]] [1504720404, [244318, 3908998, 62543920, 488630, 7818032, 61084]] [1181299506030.0, [191798295.0, 3068770335, 49100323923, 383602047, 6138057555, 47954907]] [36564842352, [5936659, 94986476, 1519783616, 11908332, 189976256, 1488543]]
Model_cost: [5566100203.444445, [2258.1944444444443, 12767937, 204263608, 1620161, 49400505, 386978]] [3928058814.0, [29511.0, 5333103, 85328676, 86895, 77870628, 608475]] [303178796.0, [32.0, 390450, 6247200, 13170, 6247200, 52170]] [5069258856.0, [9978.0, 6635394, 106002464, 38794, 103509152, 831389]] [395435832.0, [359.0, 542918, 8686640, 13894, 7768304, 60826]] [297594328854.0, [4077.0, 383626383, 6138012243, 5340891, 6137123727, 47946441]] [1254530368.0, [283.0, 1647980, 26356864, 45524, 25506688, 200159]]
Arch_Param: [32, 2048, 4096, 32, 512, 16]
Samsung_cost: [9619647128.0, [1569507.0, 12556324, 401768440, 3146788, 50351288, 394337]] [15325936206.0, [2473071.0, 19783791, 633078564, 4912239, 85328676, 668271]] [1278377020, [208650, 1669150, 53412640, 417310, 6677280, 52170]] [20852685564, [3403412, 27227206, 871270432, 6806854, 108910624, 850868]] [1496902420, [244318, 1954502, 62543920, 488630, 7818032, 61084]] [1175161965678.0, [191798295.0, 1534385247, 49100323923, 383602047, 6138057555, 47954907]] [36374866804, [5936659, 47493238, 1519783616, 11908214, 189976256, 1488543]]
Model_cost: [5540564729.444445, [2258.1944444444443, 6384228, 204263608, 1620132, 49400505, 386978]] [3917392830.0, [29511.0, 2666607, 85328676, 86895, 77870628, 608475]] [302397476, [32, 195230, 6247200, 13150, 6247200, 52170]] [5056027728.0, [9978.0, 3327942, 106002464, 38734, 103509152, 831389]] [394355000.0, [359.0, 272646, 8678448, 22086, 7767792, 60762]] [296827077942.0, [4077.0, 191813655, 6138012243, 5340891, 6137123727, 47946441]] [1251140292.0, [283.0, 823990, 26356864, 41246, 25506688, 200159]]
Arch_Param: [32, 2048, 4096, 32, 1024, 16]
Samsung_cost: [9594542666.0, [1569507.0, 6280225, 401768440, 3146785, 50351288, 394337]] [15286368846.0, [2473071.0, 9891951, 633078564, 4912239, 85328676, 668271]] [1275038520, [208650, 834580, 53412640, 417300, 6677280, 52170]] [20798230512, [3403412, 13613608, 871270432, 6806824, 108910624, 850868]] [1492993428, [244318, 977254, 62543920, 488630, 7818032, 61084]] [1172093195502.0, [191798295.0, 767192703, 49100323923, 383602047, 6138057555, 47954907]] [36279879030, [5936659, 23746619, 1519783616, 11908155, 189976256, 1488543]]
Model_cost: [5527946411.444445, [2258.1944444444443, 3229665, 204263608, 1620129, 49400505, 386978]] [3912059838.0, [29511.0, 1333359, 85328676, 86895, 77870628, 608475]] [302032416.0, [32.0, 104020, 6247200, 13140, 6247200, 52170]] [5049437764.0, [9978.0, 1680616, 106002464, 38704, 103509152, 831389]] [393676600.0, [359.0, 136838, 8678448, 15942, 7767792, 60762]] [296443452486.0, [4077.0, 95907291, 6138012243, 5340891, 6137123727, 47946441]] [1249465286.0, [283.0, 414715, 26356864, 39523, 25506688, 200159]]
Arch_Param: [32, 2048, 2048, 4, 256, 16]
Samsung_cost: [39548629954.0, [12800677.0, 102405697, 1638358008, 12858433, 203074744, 1587489]] [15474313806.0, [4946031.0, 39567471, 633078564, 4912239, 85328676, 668271]] [1290895940, [417290, 3338290, 53412640, 417330, 6677280, 52170]] [21056890644, [6806804, 54454402, 871270432, 6806914, 108910624, 850868]] [1702269228, [550278, 4402182, 70434864, 550278, 8804400, 68790]] [1186669853838.0, [383596431.0, 3068770335, 49100323923, 383602047, 6138057555, 47954907]] [38162376896, [12350495, 98803948, 1580863168, 12489964, 195940032, 1535135]]
Model_cost: [27721062398.0, [28828.0, 80564801, 1288904952, 10265793, 49400505, 386978]] [5538801822.0, [62415.0, 10223727, 163578660, 1235055, 77870628, 608475]] [303179384, [53, 390450, 6247200, 13170, 6247200, 52170]] [5069537624.0, [19934.0, 6635394, 106002464, 38794, 103509152, 831389]] [1638914524.0, [5654.0, 4343302, 69492784, 559622, 7768304, 60826]] [423869672646.0, [11223.0, 767215743, 12275433555, 95899671, 6137126091, 47946465]] [1692131706.0, [1624.5, 2983404, 47652928, 331924, 25506688, 200159]]
Arch_Param: [32, 2048, 2048, 4, 512, 16]
Samsung_cost: [39343818960.0, [12800677.0, 51203108, 1638358008, 12858404, 203074744, 1587489]] [15395179086.0, [4946031.0, 19783791, 633078564, 4912239, 85328676, 668271]] [1284218940, [417290, 1669150, 53412640, 417310, 6677280, 52170]] [20947980540, [6806804, 27227206, 871270432, 6806854, 108910624, 850868]] [1693464876, [550278, 2201094, 70434864, 550278, 8804400, 68790]] [1180532313486.0, [383596431.0, 1534385247, 49100323923, 383602047, 6138057555, 47954907]] [37964766404, [12350495, 49401974, 1580863168, 12489846, 195940032, 1535135]]
Model_cost: [27559933196.0, [28828.0, 40282660, 1288904952, 10265764, 49400505, 386978]] [5518354590.0, [62415.0, 5111919, 163578660, 1235055, 77870628, 608475]] [302398064, [53, 195230, 6247200, 13150, 6247200, 52170]] [5056306496.0, [19934.0, 3327942, 106002464, 38734, 103509152, 831389]] [1630331356.0, [5654.0, 2197510, 69492784, 559622, 7768304, 60826]] [422335244550.0, [11223.0, 383608719, 12275433555, 95899671, 6137126091, 47946465]] [1685472382.0, [1624.5, 1491702, 47652928, 300446, 25506688, 200159]]
Arch_Param: [32, 2048, 2048, 4, 1024, 16]
Samsung_cost: [39241463938.0, [12800677.0, 25614369, 1638358008, 12858401, 203074744, 1587489]] [15355611726.0, [4946031.0, 9891951, 633078564, 4912239, 85328676, 668271]] [1280880440, [417290, 834580, 53412640, 417300, 6677280, 52170]] [20893525488, [6806804, 13613608, 871270432, 6806824, 108910624, 850868]] [1689062700, [550278, 1100550, 70434864, 550278, 8804400, 68790]] [1177463543310.0, [383596431.0, 767192703, 49100323923, 383602047, 6138057555, 47954907]] [37865961158, [12350495, 24700987, 1580863168, 12489787, 195940032, 1535135]]
Model_cost: [27480538302.0, [28828.0, 20433953, 1288904952, 10265761, 49400505, 386978]] [5508130974.0, [62415.0, 2556015, 163578660, 1235055, 77870628, 608475]] [302033004, [53, 104020, 6247200, 13140, 6247200, 52170]] [5049716532.0, [19934.0, 1680616, 106002464, 38704, 103509152, 831389]] [1624953340.0, [5646.0, 1094662, 69427248, 576006, 7767792, 60762]] [421568030502.0, [11223.0, 191805207, 12275433555, 95899671, 6137126091, 47946465]] [1682281856.0, [1624.5, 763387, 47652928, 287843, 25506688, 200159]]
Arch_Param: [32, 2048, 2048, 8, 256, 16]
Samsung_cost: [19823470018.0, [6413989.0, 51312193, 820923384, 6444097, 102001848, 797857]] [15474313806.0, [4946031.0, 39567471, 633078564, 4912239, 85328676, 668271]] [1290895940, [417290, 3338290, 53412640, 417330, 6677280, 52170]] [21056890644, [6806804, 54454402, 871270432, 6806914, 108910624, 850868]] [1586052620, [512710, 4101638, 65626160, 512710, 8203312, 64094]] [1186669853838.0, [383596431.0, 3068770335, 49100323923, 383602047, 6138057555, 47954907]] [37241960640, [12043295, 96346348, 1541541568, 12113132, 192138944, 1505439]]
Model_cost: [15058125072.0, [14899.5, 41814593, 668963704, 5323905, 49400505, 386978]] [3928882014.0, [58911.0, 5333103, 85328676, 86895, 77870628, 608475]] [303179384, [53, 390450, 6247200, 13170, 6247200, 52170]] [5069537624.0, [19934.0, 6635394, 106002464, 38794, 103509152, 831389]] [929065724.0, [2830.0, 2171654, 34746416, 279814, 7768304, 60826]] [297594438558.0, [7995.0, 383626383, 6138012243, 5340891, 6137123727, 47946441]] [1387702434.0, [958.5, 2055020, 32839552, 130580, 25506688, 200159]]
Arch_Param: [32, 2048, 2048, 8, 512, 16]
Samsung_cost: [19720846032.0, [6413989.0, 25656356, 820923384, 6444068, 102001848, 797857]] [15395179086.0, [4946031.0, 19783791, 633078564, 4912239, 85328676, 668271]] [1284218940, [417290, 1669150, 53412640, 417310, 6677280, 52170]] [20947980540, [6806804, 27227206, 871270432, 6806854, 108910624, 850868]] [1577849356, [512710, 2050822, 65626160, 512710, 8203312, 64094]] [1180532313486.0, [383596431.0, 1534385247, 49100323923, 383602047, 6138057555, 47954907]] [37049265348, [12043295, 48173174, 1541541568, 12113014, 192138944, 1505439]]
Model_cost: [14974496286.0, [14899.5, 20907556, 668963704, 5323876, 49400505, 386978]] [3918216030.0, [58911.0, 2666607, 85328676, 86895, 77870628, 608475]] [302398064, [53, 195230, 6247200, 13150, 6247200, 52170]] [5056306496.0, [19934.0, 3327942, 106002464, 38734, 103509152, 831389]] [924774140.0, [2830.0, 1098758, 34746416, 279814, 7768304, 60826]] [296827187646.0, [7995.0, 191813655, 6138012243, 5340891, 6137123727, 47946441]] [1383244838.0, [958.5, 1027510, 32839552, 114782, 25506688, 200159]]
Arch_Param: [32, 2048, 2048, 8, 1024, 16]
Samsung_cost: [19669559938.0, [6413989.0, 12834849, 820923384, 6444065, 102001848, 797857]] [15355611726.0, [4946031.0, 9891951, 633078564, 4912239, 85328676, 668271]] [1280880440, [417290, 834580, 53412640, 417300, 6677280, 52170]] [20893525488, [6806804, 13613608, 871270432, 6806824, 108910624, 850868]] [1573747724, [512710, 1025414, 65626160, 512710, 8203312, 64094]] [1177463543310.0, [383596431.0, 767192703, 49100323923, 383602047, 6138057555, 47954907]] [36952917702, [12043295, 24086587, 1541541568, 12112955, 192138944, 1505439]]
Model_cost: [14933266896.0, [14899.5, 10600225, 668963704, 5323873, 49400505, 386978]] [3912883038.0, [58911.0, 1333359, 85328676, 86895, 77870628, 608475]] [302033004, [53, 104020, 6247200, 13140, 6247200, 52170]] [5049716532.0, [19934.0, 1680616, 106002464, 38704, 103509152, 831389]] [922077068.0, [2826.0, 547334, 34713648, 288006, 7767792, 60762]] [296443562190.0, [7995.0, 95907291, 6138012243, 5340891, 6137123727, 47946441]] [1381086760.0, [958.5, 522811, 32839552, 108451, 25506688, 200159]]
Arch_Param: [32, 2048, 2048, 16, 256, 16]
Samsung_cost: [9960890050.0, [3220645.0, 25765441, 412206072, 3236929, 51465400, 403041]] [15474313806.0, [4946031.0, 39567471, 633078564, 4912239, 85328676, 668271]] [1290895940, [417290, 3338290, 53412640, 417330, 6677280, 52170]] [21056890644, [6806804, 54454402, 871270432, 6806914, 108910624, 850868]] [1527944316, [493926, 3951366, 63221808, 493926, 7902768, 61746]] [1186669853838.0, [383596431.0, 3068770335, 49100323923, 383602047, 6138057555, 47954907]] [36781752512, [11889695, 95117548, 1521880768, 11924716, 190238400, 1490591]]
Model_cost: [8729382592.0, [7943.5, 22447809, 359126200, 2854337, 49400505, 386978]] [3928882014.0, [58911.0, 5333103, 85328676, 86895, 77870628, 608475]] [303179384, [53, 390450, 6247200, 13170, 6247200, 52170]] [5069537624.0, [19934.0, 6635394, 106002464, 38794, 103509152, 831389]] [574141324.0, [1418.0, 1085830, 17373232, 139910, 7768304, 60826]] [297594438558.0, [7995.0, 383626383, 6138012243, 5340891, 6137123727, 47946441]] [1299021934.0, [691.5, 1783660, 28517760, 78228, 25506688, 200159]]
Arch_Param: [32, 2048, 2048, 16, 512, 16]
Samsung_cost: [9909359568.0, [3220645.0, 12882980, 412206072, 3236900, 51465400, 403041]] [15395179086.0, [4946031.0, 19783791, 633078564, 4912239, 85328676, 668271]] [1284218940, [417290, 1669150, 53412640, 417310, 6677280, 52170]] [20947980540, [6806804, 27227206, 871270432, 6806854, 108910624, 850868]] [1520041596, [493926, 1975686, 63221808, 493926, 7902768, 61746]] [1180532313486.0, [383596431.0, 1534385247, 49100323923, 383602047, 6138057555, 47954907]] [36591514820, [11889695, 47558774, 1521880768, 11924598, 190238400, 1490591]]
Model_cost: [8684487374.0, [7943.5, 11224164, 359126200, 2854308, 49400505, 386978]] [3918216030.0, [58911.0, 2666607, 85328676, 86895, 77870628, 608475]] [302398064, [53, 195230, 6247200, 13150, 6247200, 52170]] [5056306496.0, [19934.0, 3327942, 106002464, 38734, 103509152, 831389]] [571995532.0, [1418.0, 549382, 17373232, 139910, 7768304, 60826]] [296827187646.0, [7995.0, 191813655, 6138012243, 5340891, 6137123727, 47946441]] [1295276018.0, [691.5, 891830, 28517760, 70110, 25506688, 200159]]
Arch_Param: [32, 2048, 2048, 16, 1024, 16]
Samsung_cost: [9883607938.0, [3220645.0, 6445089, 412206072, 3236897, 51465400, 403041]] [15355611726.0, [4946031.0, 9891951, 633078564, 4912239, 85328676, 668271]] [1280880440, [417290, 834580, 53412640, 417300, 6677280, 52170]] [20893525488, [6806804, 13613608, 871270432, 6806824, 108910624, 850868]] [1516090236, [493926, 987846, 63221808, 493926, 7902768, 61746]] [1177463543310.0, [383596431.0, 767192703, 49100323923, 383602047, 6138057555, 47954907]] [36496395974, [11889695, 23779387, 1521880768, 11924539, 190238400, 1490591]]
Model_cost: [8662333568.0, [7943.5, 5685729, 359126200, 2854305, 49400505, 386978]] [3912883038.0, [58911.0, 1333359, 85328676, 86895, 77870628, 608475]] [302033004, [53, 104020, 6247200, 13140, 6247200, 52170]] [5049716532.0, [19934.0, 1680616, 106002464, 38704, 103509152, 831389]] [570638932.0, [1416.0, 273670, 17356848, 144006, 7767792, 60762]] [296443562190.0, [7995.0, 95907291, 6138012243, 5340891, 6137123727, 47946441]] [1293439988.0, [691.5, 450747, 28517760, 66851, 25506688, 200159]]
Arch_Param: [32, 2048, 2048, 32, 256, 16]
Samsung_cost: [9713816258.0, [3138981.0, 25112129, 401768440, 3146817, 50351288, 394337]] [15474313806.0, [4946031.0, 39567471, 633078564, 4912239, 85328676, 668271]] [1290895940, [417290, 3338290, 53412640, 417330, 6677280, 52170]] [21056890644, [6806804, 54454402, 871270432, 6806914, 108910624, 850868]] [1511561140, [488630, 3908998, 62543920, 488630, 7818032, 61084]] [1186669853838.0, [383596431.0, 3068770335, 49100323923, 383602047, 6138057555, 47954907]] [36731068608, [11873311, 94986476, 1519783616, 11908332, 189976256, 1488543]]
Model_cost: [5566162176.0, [4471.5, 12767937, 204263608, 1620161, 49400505, 386978]] [3928882014.0, [58911.0, 5333103, 85328676, 86895, 77870628, 608475]] [303179384, [53, 390450, 6247200, 13170, 6247200, 52170]] [5069537624.0, [19934.0, 6635394, 106002464, 38794, 103509152, 831389]] [395445716.0, [712.0, 542918, 8686640, 13894, 7768304, 60826]] [297594438558.0, [7995.0, 383626383, 6138012243, 5340891, 6137123727, 47946441]] [1254537564.0, [540.0, 1647980, 26356864, 45524, 25506688, 200159]]
Arch_Param: [32, 2048, 2048, 32, 512, 16]
Samsung_cost: [9663592400.0, [3138981.0, 12556324, 401768440, 3146788, 50351288, 394337]] [15395179086.0, [4946031.0, 19783791, 633078564, 4912239, 85328676, 668271]] [1284218940, [417290, 1669150, 53412640, 417310, 6677280, 52170]] [20947980540, [6806804, 27227206, 871270432, 6806854, 108910624, 850868]] [1503743156, [488630, 1954502, 62543920, 488630, 7818032, 61084]] [1180532313486.0, [383596431.0, 1534385247, 49100323923, 383602047, 6138057555, 47954907]] [36541093060, [11873311, 47493238, 1519783616, 11908214, 189976256, 1488543]]
Model_cost: [5540626702.0, [4471.5, 6384228, 204263608, 1620132, 49400505, 386978]] [3918216030.0, [58911.0, 2666607, 85328676, 86895, 77870628, 608475]] [302398064, [53, 195230, 6247200, 13150, 6247200, 52170]] [5056306496.0, [19934.0, 3327942, 106002464, 38734, 103509152, 831389]] [394364856.0, [711.0, 272646, 8678448, 22086, 7767792, 60762]] [296827187646.0, [7995.0, 191813655, 6138012243, 5340891, 6137123727, 47946441]] [1251147488.0, [540.0, 823990, 26356864, 41246, 25506688, 200159]]
Arch_Param: [32, 2048, 2048, 32, 1024, 16]
Samsung_cost: [9638487938.0, [3138981.0, 6280225, 401768440, 3146785, 50351288, 394337]] [15355611726.0, [4946031.0, 9891951, 633078564, 4912239, 85328676, 668271]] [1280880440, [417290, 834580, 53412640, 417300, 6677280, 52170]] [20893525488, [6806804, 13613608, 871270432, 6806824, 108910624, 850868]] [1499834164, [488630, 977254, 62543920, 488630, 7818032, 61084]] [1177463543310.0, [383596431.0, 767192703, 49100323923, 383602047, 6138057555, 47954907]] [36446105286, [11873311, 23746619, 1519783616, 11908155, 189976256, 1488543]]
Model_cost: [5528008384.0, [4471.5, 3229665, 204263608, 1620129, 49400505, 386978]] [3912883038.0, [58911.0, 1333359, 85328676, 86895, 77870628, 608475]] [302033004, [53, 104020, 6247200, 13140, 6247200, 52170]] [5049716532.0, [19934.0, 1680616, 106002464, 38704, 103509152, 831389]] [393686456.0, [711.0, 136838, 8678448, 15942, 7767792, 60762]] [296443562190.0, [7995.0, 95907291, 6138012243, 5340891, 6137123727, 47946441]] [1249472482.0, [540.0, 414715, 26356864, 39523, 25506688, 200159]]
Arch_Param: [32, 2048, 1024, 4, 256, 16]
Samsung_cost: [39907047986.0, [25601321.0, 102405697, 1638358008, 12858433, 203074744, 1587489]] [15612799566, [9891951, 39567471, 633078564, 4912239, 85328676, 668271]] [1302580060, [834580, 3338290, 53412640, 417330, 6677280, 52170]] [21247481156, [13613608, 54454402, 871270432, 6806914, 108910624, 850868]] [1717676844, [1100550, 4402182, 70434864, 550278, 8804400, 68790]] [1197410549454, [767192703, 3068770335, 49100323923, 383602047, 6138057555, 47954907]] [38508190672, [24700987, 98803948, 1580863168, 12489964, 195940032, 1535135]]
Model_cost: [27721868154.0, [57605.0, 80564801, 1288904952, 10265793, 49400505, 386978]] [5540546334.0, [124719.0, 10223727, 163578660, 1235055, 77870628, 608475]] [303180840, [105, 390450, 6247200, 13170, 6247200, 52170]] [5070095440, [39856, 6635394, 106002464, 38794, 103509152, 831389]] [1639072668, [11302, 4343302, 69492784, 559622, 7768304, 60826]] [423869960934.0, [21519.0, 767215743, 12275433555, 95899671, 6137126091, 47946465]] [1692177108.0, [3246.0, 2983404, 47652928, 331924, 25506688, 200159]]
Arch_Param: [32, 2048, 1024, 4, 512, 16]
Samsung_cost: [39702236992.0, [25601321.0, 51203108, 1638358008, 12858404, 203074744, 1587489]] [15533664846, [9891951, 19783791, 633078564, 4912239, 85328676, 668271]] [1295903060, [834580, 1669150, 53412640, 417310, 6677280, 52170]] [21138571052, [13613608, 27227206, 871270432, 6806854, 108910624, 850868]] [1708872492, [1100550, 2201094, 70434864, 550278, 8804400, 68790]] [1191273009102, [767192703, 1534385247, 49100323923, 383602047, 6138057555, 47954907]] [38310580180, [24700987, 49401974, 1580863168, 12489846, 195940032, 1535135]]
Model_cost: [27560738952.0, [57605.0, 40282660, 1288904952, 10265764, 49400505, 386978]] [5520099102.0, [124719.0, 5111919, 163578660, 1235055, 77870628, 608475]] [302399520, [105, 195230, 6247200, 13150, 6247200, 52170]] [5056864312, [39856, 3327942, 106002464, 38734, 103509152, 831389]] [1630489500, [11302, 2197510, 69492784, 559622, 7768304, 60826]] [422335532838.0, [21519.0, 383608719, 12275433555, 95899671, 6137126091, 47946465]] [1685517784.0, [3246.0, 1491702, 47652928, 300446, 25506688, 200159]]
Arch_Param: [32, 2048, 1024, 4, 1024, 16]
Samsung_cost: [39599881970.0, [25601321.0, 25614369, 1638358008, 12858401, 203074744, 1587489]] [15494097486, [9891951, 9891951, 633078564, 4912239, 85328676, 668271]] [1292564560, [834580, 834580, 53412640, 417300, 6677280, 52170]] [21084116000, [13613608, 13613608, 871270432, 6806824, 108910624, 850868]] [1704470316, [1100550, 1100550, 70434864, 550278, 8804400, 68790]] [1188204238926, [767192703, 767192703, 49100323923, 383602047, 6138057555, 47954907]] [38211774934, [24700987, 24700987, 1580863168, 12489787, 195940032, 1535135]]
Model_cost: [27481344058.0, [57605.0, 20433953, 1288904952, 10265761, 49400505, 386978]] [5509875486.0, [124719.0, 2556015, 163578660, 1235055, 77870628, 608475]] [302034460, [105, 104020, 6247200, 13140, 6247200, 52170]] [5050274348, [39856, 1680616, 106002464, 38704, 103509152, 831389]] [1625111260, [11286, 1094662, 69427248, 576006, 7767792, 60762]] [421568318790.0, [21519.0, 191805207, 12275433555, 95899671, 6137126091, 47946465]] [1682327258.0, [3246.0, 763387, 47652928, 287843, 25506688, 200159]]
Arch_Param: [32, 2048, 1024, 8, 256, 16]
Samsung_cost: [20003060786.0, [12827945.0, 51312193, 820923384, 6444097, 102001848, 797857]] [15612799566, [9891951, 39567471, 633078564, 4912239, 85328676, 668271]] [1302580060, [834580, 3338290, 53412640, 417330, 6677280, 52170]] [21247481156, [13613608, 54454402, 871270432, 6806914, 108910624, 850868]] [1600408332, [1025414, 4101638, 65626160, 512710, 8203312, 64094]] [1197410549454, [767192703, 3068770335, 49100323923, 383602047, 6138057555, 47954907]] [37579172816, [24086587, 96346348, 1541541568, 12113132, 192138944, 1505439]]
Model_cost: [15058540998.0, [29754.0, 41814593, 668963704, 5323905, 49400505, 386978]] [3930528414.0, [117711.0, 5333103, 85328676, 86895, 77870628, 608475]] [303180840, [105, 390450, 6247200, 13170, 6247200, 52170]] [5070095440, [39856, 6635394, 106002464, 38794, 103509152, 831389]] [929144796, [5654, 2171654, 34746416, 279814, 7768304, 60826]] [297594657966.0, [15831.0, 383626383, 6138012243, 5340891, 6137123727, 47946441]] [1387729160.0, [1913.0, 2055020, 32839552, 130580, 25506688, 200159]]
Arch_Param: [32, 2048, 1024, 8, 512, 16]
Samsung_cost: [19900436800.0, [12827945.0, 25656356, 820923384, 6444068, 102001848, 797857]] [15533664846, [9891951, 19783791, 633078564, 4912239, 85328676, 668271]] [1295903060, [834580, 1669150, 53412640, 417310, 6677280, 52170]] [21138571052, [13613608, 27227206, 871270432, 6806854, 108910624, 850868]] [1592205068, [1025414, 2050822, 65626160, 512710, 8203312, 64094]] [1191273009102, [767192703, 1534385247, 49100323923, 383602047, 6138057555, 47954907]] [37386477524, [24086587, 48173174, 1541541568, 12113014, 192138944, 1505439]]
Model_cost: [14974912212.0, [29754.0, 20907556, 668963704, 5323876, 49400505, 386978]] [3919862430.0, [117711.0, 2666607, 85328676, 86895, 77870628, 608475]] [302399520, [105, 195230, 6247200, 13150, 6247200, 52170]] [5056864312, [39856, 3327942, 106002464, 38734, 103509152, 831389]] [924853212, [5654, 1098758, 34746416, 279814, 7768304, 60826]] [296827407054.0, [15831.0, 191813655, 6138012243, 5340891, 6137123727, 47946441]] [1383271564.0, [1913.0, 1027510, 32839552, 114782, 25506688, 200159]]
Arch_Param: [32, 2048, 1024, 8, 1024, 16]
Samsung_cost: [19849150706.0, [12827945.0, 12834849, 820923384, 6444065, 102001848, 797857]] [15494097486, [9891951, 9891951, 633078564, 4912239, 85328676, 668271]] [1292564560, [834580, 834580, 53412640, 417300, 6677280, 52170]] [21084116000, [13613608, 13613608, 871270432, 6806824, 108910624, 850868]] [1588103436, [1025414, 1025414, 65626160, 512710, 8203312, 64094]] [1188204238926, [767192703, 767192703, 49100323923, 383602047, 6138057555, 47954907]] [37290129878, [24086587, 24086587, 1541541568, 12112955, 192138944, 1505439]]
Model_cost: [14933682822.0, [29754.0, 10600225, 668963704, 5323873, 49400505, 386978]] [3914529438.0, [117711.0, 1333359, 85328676, 86895, 77870628, 608475]] [302034460, [105, 104020, 6247200, 13140, 6247200, 52170]] [5050274348, [39856, 1680616, 106002464, 38704, 103509152, 831389]] [922156028, [5646, 547334, 34713648, 288006, 7767792, 60762]] [296443781598.0, [15831.0, 95907291, 6138012243, 5340891, 6137123727, 47946441]] [1381113486.0, [1913.0, 522811, 32839552, 108451, 25506688, 200159]]
Arch_Param: [32, 2048, 1024, 16, 256, 16]
Samsung_cost: [10051067186.0, [6441257.0, 25765441, 412206072, 3236929, 51465400, 403041]] [15612799566, [9891951, 39567471, 633078564, 4912239, 85328676, 668271]] [1302580060, [834580, 3338290, 53412640, 417330, 6677280, 52170]] [21247481156, [13613608, 54454402, 871270432, 6806914, 108910624, 850868]] [1541774076, [987846, 3951366, 63221808, 493926, 7902768, 61746]] [1197410549454, [767192703, 3068770335, 49100323923, 383602047, 6138057555, 47954907]] [37114663888, [23779387, 95117548, 1521880768, 11924716, 190238400, 1490591]]
Model_cost: [8729604058.0, [15853.0, 22447809, 359126200, 2854337, 49400505, 386978]] [3930528414.0, [117711.0, 5333103, 85328676, 86895, 77870628, 608475]] [303180840, [105, 390450, 6247200, 13170, 6247200, 52170]] [5070095440, [39856, 6635394, 106002464, 38794, 103509152, 831389]] [574180860, [2830, 1085830, 17373232, 139910, 7768304, 60826]] [297594657966.0, [15831.0, 383626383, 6138012243, 5340891, 6137123727, 47946441]] [1299040708.0, [1362.0, 1783660, 28517760, 78228, 25506688, 200159]]
Arch_Param: [32, 2048, 1024, 16, 512, 16]
Samsung_cost: [9999536704.0, [6441257.0, 12882980, 412206072, 3236900, 51465400, 403041]] [15533664846, [9891951, 19783791, 633078564, 4912239, 85328676, 668271]] [1295903060, [834580, 1669150, 53412640, 417310, 6677280, 52170]] [21138571052, [13613608, 27227206, 871270432, 6806854, 108910624, 850868]] [1533871356, [987846, 1975686, 63221808, 493926, 7902768, 61746]] [1191273009102, [767192703, 1534385247, 49100323923, 383602047, 6138057555, 47954907]] [36924426196, [23779387, 47558774, 1521880768, 11924598, 190238400, 1490591]]
Model_cost: [8684708840.0, [15853.0, 11224164, 359126200, 2854308, 49400505, 386978]] [3919862430.0, [117711.0, 2666607, 85328676, 86895, 77870628, 608475]] [302399520, [105, 195230, 6247200, 13150, 6247200, 52170]] [5056864312, [39856, 3327942, 106002464, 38734, 103509152, 831389]] [572035068, [2830, 549382, 17373232, 139910, 7768304, 60826]] [296827407054.0, [15831.0, 191813655, 6138012243, 5340891, 6137123727, 47946441]] [1295294792.0, [1362.0, 891830, 28517760, 70110, 25506688, 200159]]
Arch_Param: [32, 2048, 1024, 16, 1024, 16]
Samsung_cost: [9973785074.0, [6441257.0, 6445089, 412206072, 3236897, 51465400, 403041]] [15494097486, [9891951, 9891951, 633078564, 4912239, 85328676, 668271]] [1292564560, [834580, 834580, 53412640, 417300, 6677280, 52170]] [21084116000, [13613608, 13613608, 871270432, 6806824, 108910624, 850868]] [1529919996, [987846, 987846, 63221808, 493926, 7902768, 61746]] [1188204238926, [767192703, 767192703, 49100323923, 383602047, 6138057555, 47954907]] [36829307350, [23779387, 23779387, 1521880768, 11924539, 190238400, 1490591]]
Model_cost: [8662555034.0, [15853.0, 5685729, 359126200, 2854305, 49400505, 386978]] [3914529438.0, [117711.0, 1333359, 85328676, 86895, 77870628, 608475]] [302034460, [105, 104020, 6247200, 13140, 6247200, 52170]] [5050274348, [39856, 1680616, 106002464, 38704, 103509152, 831389]] [570678412, [2826, 273670, 17356848, 144006, 7767792, 60762]] [296443781598.0, [15831.0, 95907291, 6138012243, 5340891, 6137123727, 47946441]] [1293458762.0, [1362.0, 450747, 28517760, 66851, 25506688, 200159]]
Arch_Param: [32, 2048, 1024, 32, 256, 16]
Samsung_cost: [9801706802.0, [6277929.0, 25112129, 401768440, 3146817, 50351288, 394337]] [15612799566, [9891951, 39567471, 633078564, 4912239, 85328676, 668271]] [1302580060, [834580, 3338290, 53412640, 417330, 6677280, 52170]] [21247481156, [13613608, 54454402, 871270432, 6806914, 108910624, 850868]] [1525242612, [977254, 3908998, 62543920, 488630, 7818032, 61084]] [1197410549454, [767192703, 3068770335, 49100323923, 383602047, 6138057555, 47954907]] [37063521232, [23746619, 94986476, 1519783616, 11908332, 189976256, 1488543]]
Model_cost: [5566286426.0, [8909.0, 12767937, 204263608, 1620161, 49400505, 386978]] [3930528414.0, [117711.0, 5333103, 85328676, 86895, 77870628, 608475]] [303180840, [105, 390450, 6247200, 13170, 6247200, 52170]] [5070095440, [39856, 6635394, 106002464, 38794, 103509152, 831389]] [395465484, [1418, 542918, 8686640, 13894, 7768304, 60826]] [297594657966.0, [15831.0, 383626383, 6138012243, 5340891, 6137123727, 47946441]] [1254552600.0, [1077.0, 1647980, 26356864, 45524, 25506688, 200159]]
Arch_Param: [32, 2048, 1024, 32, 512, 16]
Samsung_cost: [9751482944.0, [6277929.0, 12556324, 401768440, 3146788, 50351288, 394337]] [15533664846, [9891951, 19783791, 633078564, 4912239, 85328676, 668271]] [1295903060, [834580, 1669150, 53412640, 417310, 6677280, 52170]] [21138571052, [13613608, 27227206, 871270432, 6806854, 108910624, 850868]] [1517424628, [977254, 1954502, 62543920, 488630, 7818032, 61084]] [1191273009102, [767192703, 1534385247, 49100323923, 383602047, 6138057555, 47954907]] [36873545684, [23746619, 47493238, 1519783616, 11908214, 189976256, 1488543]]
Model_cost: [5540750952.0, [8909.0, 6384228, 204263608, 1620132, 49400505, 386978]] [3919862430.0, [117711.0, 2666607, 85328676, 86895, 77870628, 608475]] [302399520, [105, 195230, 6247200, 13150, 6247200, 52170]] [5056864312, [39856, 3327942, 106002464, 38734, 103509152, 831389]] [394384596, [1416, 272646, 8678448, 22086, 7767792, 60762]] [296827407054.0, [15831.0, 191813655, 6138012243, 5340891, 6137123727, 47946441]] [1251162524.0, [1077.0, 823990, 26356864, 41246, 25506688, 200159]]
Arch_Param: [32, 2048, 1024, 32, 1024, 16]
Samsung_cost: [9726378482.0, [6277929.0, 6280225, 401768440, 3146785, 50351288, 394337]] [15494097486, [9891951, 9891951, 633078564, 4912239, 85328676, 668271]] [1292564560, [834580, 834580, 53412640, 417300, 6677280, 52170]] [21084116000, [13613608, 13613608, 871270432, 6806824, 108910624, 850868]] [1513515636, [977254, 977254, 62543920, 488630, 7818032, 61084]] [1188204238926, [767192703, 767192703, 49100323923, 383602047, 6138057555, 47954907]] [36778557910, [23746619, 23746619, 1519783616, 11908155, 189976256, 1488543]]
Model_cost: [5528132634.0, [8909.0, 3229665, 204263608, 1620129, 49400505, 386978]] [3914529438.0, [117711.0, 1333359, 85328676, 86895, 77870628, 608475]] [302034460, [105, 104020, 6247200, 13140, 6247200, 52170]] [5050274348, [39856, 1680616, 106002464, 38704, 103509152, 831389]] [393706196, [1416, 136838, 8678448, 15942, 7767792, 60762]] [296443781598.0, [15831.0, 95907291, 6138012243, 5340891, 6137123727, 47946441]] [1249487518.0, [1077.0, 414715, 26356864, 39523, 25506688, 200159]]
