[[0, 0, 0, 0, 0, 0, 0, 0, 0, 0, 0], [0, 0, 0, 0, 0, 0, 0, 0, 0, 0, 0], [0, 0, 0, 0, 0, 0, 0, 0, 0, 0, 0], [0, 0, 0, 0, 0, 0, 0, 0, 0, 0, 0]]
Arch_Param: [64, 8192, 32768, 4, 256, 16]
Samsung_cost: [19655077912.77778, [400883.02777777775, 51312164, 820922876, 6444068, 102001340, 797857]] [15344464398.0, [309231.0, 39567471, 633078168, 4912239, 85328280, 668271]] [1279922620.0, [26090.0, 3338270, 53412240, 417310, 6676880, 52170]] [20878161084.0, [425444.0, 54454342, 871269392, 6806854, 108909584, 850868]] [1572592988.0, [32050.0, 4101638, 65626136, 512710, 8203288, 64094]] [1176600428946.0, [23974926.0, 3068770335, 49100323449, 383602047, 6138057081, 47954907]] [36925730428.0, [752720.0, 96346230, 1541539680, 12113014, 192137056, 1505424]]
Model_cost: [14970681172.05167, [988.28755952381, 41814564, 668963196, 1706852, 49399997, 120738]] [3915447970.7999983, [3786.6000000000013, 5333103, 85328280, 86895, 77870232, 184491]] [302065414.6666667, [12.666666666666666, 390430, 6246800, 13150, 6246800, 13130]] [5051796131.333334, [1270.8333333333333, 6635334, 106001424, 38734, 103508112, 218266]] [922938355.1999998, [186.39999999999998, 2171654, 34713624, 87366, 7767768, 19803]] [296649667483.3002, [630.4750000000001, 383626383, 6138011769, 5340891, 6137123253, 14212794]] [1382181353.7134614, [79.9183379120879, 2054902, 32837664, 66910, 25504800, 57136]]
Arch_Param: [64, 8192, 32768, 4, 512, 16]
Samsung_cost: [19552454602.77778, [400883.02777777775, 25656353, 820922876, 6444065, 102001340, 797857]] [15265329678.0, [309231.0, 19783791, 633078168, 4912239, 85328280, 668271]] [1273245880.0, [26090.0, 1669140, 53412240, 417300, 6676880, 52170]] [20769251760.0, [425444.0, 27227176, 871269392, 6806824, 108909584, 850868]] [1564389724.0, [32050.0, 2050822, 65626136, 512710, 8203288, 64094]] [1170462888594.0, [23974926.0, 1534385247, 49100323449, 383602047, 6138057081, 47954907]] [36733036670.0, [752720.0, 48173115, 1541539680, 12112955, 192137056, 1505424]]
Model_cost: [14887053062.05167, [988.28755952381, 20907553, 668963196, 1706849, 49399997, 120738]] [3904781986.7999983, [3786.6000000000013, 2666607, 85328280, 86895, 77870232, 184491]] [301284354.6666667, [12.666666666666666, 195220, 6246800, 13140, 6246800, 13130]] [5038565783.333334, [1270.8333333333333, 3327912, 106001424, 38704, 103508112, 218266]] [918603251.1999998, [186.39999999999998, 1087878, 34713624, 87366, 7767768, 19803]] [295882416571.3002, [630.4750000000001, 191813655, 6138011769, 5340891, 6137123253, 14212794]] [1378070251.7134614, [79.9183379120879, 1027451, 32837664, 66851, 25504800, 57136]]
Arch_Param: [64, 8192, 32768, 4, 1024, 16]
Samsung_cost: [19501168586.77778, [400883.02777777775, 12834849, 820922876, 6444065, 102001340, 797857]] [15225762318.0, [309231.0, 9891951, 633078168, 4912239, 85328280, 668271]] [1269907380.0, [26090.0, 834570, 53412240, 417290, 6676880, 52170]] [20714796968.0, [425444.0, 13613588, 871269392, 6806804, 108909584, 850868]] [1560288092.0, [32050.0, 1025414, 65626136, 512710, 8203288, 64094]] [1167394118418.0, [23974926.0, 767192703, 49100323449, 383602047, 6138057081, 47954907]] [36636689830.0, [752720.0, 24086559, 1541539680, 12112927, 192137056, 1505424]]
Model_cost: [14845450502.05167, [988.28755952381, 10506913, 668963196, 1706849, 49399997, 120738]] [3899448994.7999983, [3786.6000000000013, 1333359, 85328280, 86895, 77870232, 184491]] [300919294.6666667, [12.666666666666666, 104010, 6246800, 13130, 6246800, 13130]] [5031976079.333334, [1270.8333333333333, 1680596, 106001424, 38684, 103508112, 218266]] [916435699.1999998, [186.39999999999998, 545990, 34713624, 87366, 7767768, 19803]] [295498791115.3002, [630.4750000000001, 95907291, 6138011769, 5340891, 6137123253, 14212794]] [1376030995.7134614, [79.9183379120879, 517791, 32837664, 66823, 25504800, 57136]]
Arch_Param: [64, 8192, 32768, 8, 256, 16]
Samsung_cost: [9876323523.444445, [201309.69444444444, 25765412, 412205564, 3236900, 51464892, 403041]] [15344464398.0, [309231.0, 39567471, 633078168, 4912239, 85328280, 668271]] [1279922620.0, [26090.0, 3338270, 53412240, 417310, 6676880, 52170]] [20878161084.0, [425444.0, 54454342, 871269392, 6806854, 108909584, 850868]] [1514977764.0, [30876.0, 3951366, 63221784, 493926, 7902744, 61746]] [1176600428946.0, [23974926.0, 3068770335, 49100323449, 383602047, 6138057081, 47954907]] [36469554300.0, [743120.0, 95117430, 1521878880, 11924598, 190236512, 1490576]]
Model_cost: [8679004910.838331, [541.244226190476, 22447780, 359125692, 913828, 49399997, 120738]] [3915447970.7999983, [3786.6000000000013, 5333103, 85328280, 86895, 77870232, 184491]] [302065414.6666667, [12.666666666666666, 390430, 6246800, 13150, 6246800, 13130]] [5051796131.333334, [1270.8333333333333, 6635334, 106001424, 38734, 103508112, 218266]] [570495573.5999999, [96.19999999999999, 1085830, 17356824, 43686, 7767768, 19803]] [296649667483.3002, [630.4750000000001, 383626383, 6138011769, 5340891, 6137123253, 14212794]] [1294189305.3711538, [62.19182692307692, 1783542, 28515872, 45534, 25504800, 57136]]
Arch_Param: [64, 8192, 32768, 8, 512, 16]
Samsung_cost: [9824793717.444445, [201309.69444444444, 12882977, 412205564, 3236897, 51464892, 403041]] [15265329678.0, [309231.0, 19783791, 633078168, 4912239, 85328280, 668271]] [1273245880.0, [26090.0, 1669140, 53412240, 417300, 6676880, 52170]] [20769251760.0, [425444.0, 27227176, 871269392, 6806824, 108909584, 850868]] [1507075044.0, [30876.0, 1975686, 63221784, 493926, 7902744, 61746]] [1170462888594.0, [23974926.0, 1534385247, 49100323449, 383602047, 6138057081, 47954907]] [36279318142.0, [743120.0, 47558715, 1521878880, 11924539, 190236512, 1490576]]
Model_cost: [8634110368.838331, [541.244226190476, 11224161, 359125692, 913825, 49399997, 120738]] [3904781986.7999983, [3786.6000000000013, 2666607, 85328280, 86895, 77870232, 184491]] [301284354.6666667, [12.666666666666666, 195220, 6246800, 13140, 6246800, 13130]] [5038565783.333334, [1270.8333333333333, 3327912, 106001424, 38704, 103508112, 218266]] [568328021.5999999, [96.19999999999999, 543942, 17356824, 43686, 7767768, 19803]] [295882416571.3002, [630.4750000000001, 191813655, 6138011769, 5340891, 6137123253, 14212794]] [1290620923.3711538, [62.19182692307692, 891771, 28515872, 45475, 25504800, 57136]]
Arch_Param: [64, 8192, 32768, 8, 1024, 16]
Samsung_cost: [9799042165.444445, [201309.69444444444, 6445089, 412205564, 3236897, 51464892, 403041]] [15225762318.0, [309231.0, 9891951, 633078168, 4912239, 85328280, 668271]] [1269907380.0, [26090.0, 834570, 53412240, 417290, 6676880, 52170]] [20714796968.0, [425444.0, 13613588, 871269392, 6806804, 108909584, 850868]] [1503123684.0, [30876.0, 987846, 63221784, 493926, 7902744, 61746]] [1167394118418.0, [23974926.0, 767192703, 49100323449, 383602047, 6138057081, 47954907]] [36184200102.0, [743120.0, 23779359, 1521878880, 11924511, 190236512, 1490576]]
Model_cost: [8611769248.838331, [541.244226190476, 5638881, 359125692, 913825, 49399997, 120738]] [3899448994.7999983, [3786.6000000000013, 1333359, 85328280, 86895, 77870232, 184491]] [300919294.6666667, [12.666666666666666, 104010, 6246800, 13130, 6246800, 13130]] [5031976079.333334, [1270.8333333333333, 1680596, 106001424, 38684, 103508112, 218266]] [567244245.5999999, [96.19999999999999, 272998, 17356824, 43686, 7767768, 19803]] [295498791115.3002, [630.4750000000001, 95907291, 6138011769, 5340891, 6137123253, 14212794]] [1288845347.3711538, [62.19182692307692, 448031, 28515872, 45447, 25504800, 57136]]
Arch_Param: [64, 8192, 32768, 16, 256, 16]
Samsung_cost: [9631393560.777779, [196211.02777777778, 25112100, 401767932, 3146788, 50350780, 394337]] [15344464398.0, [309231.0, 39567471, 633078168, 4912239, 85328280, 668271]] [1279922620.0, [26090.0, 3338270, 53412240, 417310, 6676880, 52170]] [20878161084.0, [425444.0, 54454342, 871269392, 6806854, 108909584, 850868]] [1498733608.0, [30545.0, 3908998, 62543896, 488630, 7818008, 61084]] [1176600428946.0, [23974926.0, 3068770335, 49100323449, 383602047, 6138057081, 47954907]] [36419300476.0, [742096.0, 94986358, 1519781728, 11908214, 189974368, 1488528]]
Model_cost: [5534308996.418335, [318.0149404761906, 12767908, 204263100, 517540, 49399997, 120738]] [3915447970.7999983, [3786.6000000000013, 5333103, 85328280, 86895, 77870232, 184491]] [302065414.6666667, [12.666666666666666, 390430, 6246800, 13150, 6246800, 13130]] [5051796131.333334, [1270.8333333333333, 6635334, 106001424, 38734, 103508112, 218266]] [393833717.6, [64.2, 542918, 8678424, 5718, 7767768, 16731]] [296649667483.3002, [630.4750000000001, 383626383, 6138011769, 5340891, 6137123253, 14212794]] [1250170753.2, [53.32857142857143, 1647862, 26354976, 33822, 25504800, 57136]]
Arch_Param: [64, 8192, 32768, 16, 512, 16]
Samsung_cost: [9581170378.777779, [196211.02777777778, 12556321, 401767932, 3146785, 50350780, 394337]] [15265329678.0, [309231.0, 19783791, 633078168, 4912239, 85328280, 668271]] [1273245880.0, [26090.0, 1669140, 53412240, 417300, 6676880, 52170]] [20769251760.0, [425444.0, 27227176, 871269392, 6806824, 108909584, 850868]] [1490915624.0, [30545.0, 1954502, 62543896, 488630, 7818008, 61084]] [1170462888594.0, [23974926.0, 1534385247, 49100323449, 383602047, 6138057081, 47954907]] [36229326462.0, [742096.0, 47493179, 1519781728, 11908155, 189974368, 1488528]]
Model_cost: [5508774198.418335, [318.0149404761906, 6384225, 204263100, 517537, 49399997, 120738]] [3904781986.7999983, [3786.6000000000013, 2666607, 85328280, 86895, 77870232, 184491]] [301284354.6666667, [12.666666666666666, 195220, 6246800, 13140, 6246800, 13130]] [5038565783.333334, [1270.8333333333333, 3327912, 106001424, 38704, 103508112, 218266]] [392749941.6, [64.2, 271974, 8678424, 5718, 7767768, 16731]] [295882416571.3002, [630.4750000000001, 191813655, 6138011769, 5340891, 6137123253, 14212794]] [1246873731.2, [53.32857142857143, 823931, 26354976, 33763, 25504800, 57136]]
Arch_Param: [64, 8192, 32768, 16, 1024, 16]
Samsung_cost: [9556065994.777779, [196211.02777777778, 6280225, 401767932, 3146785, 50350780, 394337]] [15225762318.0, [309231.0, 9891951, 633078168, 4912239, 85328280, 668271]] [1269907380.0, [26090.0, 834570, 53412240, 417290, 6676880, 52170]] [20714796968.0, [425444.0, 13613588, 871269392, 6806804, 108909584, 850868]] [1487006632.0, [30545.0, 977254, 62543896, 488630, 7818008, 61084]] [1167394118418.0, [23974926.0, 767192703, 49100323449, 383602047, 6138057081, 47954907]] [36134339494.0, [742096.0, 23746591, 1519781728, 11908127, 189974368, 1488528]]
Model_cost: [5496060726.418335, [318.0149404761906, 3205857, 204263100, 517537, 49399997, 120738]] [3899448994.7999983, [3786.6000000000013, 1333359, 85328280, 86895, 77870232, 184491]] [300919294.6666667, [12.666666666666666, 104010, 6246800, 13130, 6246800, 13130]] [5031976079.333334, [1270.8333333333333, 1680596, 106001424, 38684, 103508112, 218266]] [392208053.6, [64.2, 136502, 8678424, 5718, 7767768, 16731]] [295498791115.3002, [630.4750000000001, 95907291, 6138011769, 5340891, 6137123253, 14212794]] [1245229995.2, [53.32857142857143, 413151, 26354976, 33735, 25504800, 57136]]
Arch_Param: [64, 8192, 32768, 32, 256, 16]
Samsung_cost: [9508928579.444445, [193661.69444444444, 24785444, 396549116, 3101732, 49793724, 389985]] [15344464398.0, [309231.0, 39567471, 633078168, 4912239, 85328280, 668271]] [1279922620.0, [26090.0, 3338270, 53412240, 417310, 6676880, 52170]] [20878161084.0, [425444.0, 54454342, 871269392, 6806854, 108909584, 850868]] [1490611530.0, [30379.5, 3887814, 62204952, 485982, 7775640, 60753]] [1176600428946.0, [23974926.0, 3068770335, 49100323449, 383602047, 6138057081, 47954907]] [36394173564.0, [741584.0, 94920822, 1518733152, 11900022, 189843296, 1487504]]
Model_cost: [3466979345.708334, [176.7752976190477, 6404260, 102452412, 260388, 49399997, 120738]] [3915447970.7999983, [3786.6000000000013, 5333103, 85328280, 86895, 77870232, 184491]] [302065414.6666667, [12.666666666666666, 390430, 6246800, 13150, 6246800, 13130]] [5051796131.333334, [1270.8333333333333, 6635334, 106001424, 38734, 103508112, 218266]] [382909236.8, [47.6, 509030, 8140312, 4526, 7767768, 16731]] [296649667483.3002, [630.4750000000001, 383626383, 6138011769, 5340891, 6137123253, 14212794]] [1238988582.5269232, [50.090247252747254, 1613302, 25807008, 29982, 25504800, 57136]]
Arch_Param: [64, 8192, 32768, 32, 512, 16]
Samsung_cost: [9459358709.444445, [193661.69444444444, 12392993, 396549116, 3101729, 49793724, 389985]] [15265329678.0, [309231.0, 19783791, 633078168, 4912239, 85328280, 668271]] [1273245880.0, [26090.0, 1669140, 53412240, 417300, 6676880, 52170]] [20769251760.0, [425444.0, 27227176, 871269392, 6806824, 108909584, 850868]] [1482835914.0, [30379.5, 1943910, 62204952, 485982, 7775640, 60753]] [1170462888594.0, [23974926.0, 1534385247, 49100323449, 383602047, 6138057081, 47954907]] [36204330622.0, [741584.0, 47460411, 1518733152, 11899963, 189843296, 1487504]]
Model_cost: [3454171843.708334, [176.7752976190477, 3202401, 102452412, 260385, 49399997, 120738]] [3904781986.7999983, [3786.6000000000013, 2666607, 85328280, 86895, 77870232, 184491]] [301284354.6666667, [12.666666666666666, 195220, 6246800, 13140, 6246800, 13130]] [5038565783.333334, [1270.8333333333333, 3327912, 106001424, 38704, 103508112, 218266]] [381892212.8, [47.6, 254774, 8140312, 4526, 7767768, 16731]] [295882416571.3002, [630.4750000000001, 191813655, 6138011769, 5340891, 6137123253, 14212794]] [1235760680.5269232, [50.090247252747254, 806651, 25807008, 29923, 25504800, 57136]]
Arch_Param: [64, 8192, 32768, 32, 1024, 16]
Samsung_cost: [9434577909.444445, [193661.69444444444, 6197793, 396549116, 3101729, 49793724, 389985]] [15225762318.0, [309231.0, 9891951, 633078168, 4912239, 85328280, 668271]] [1269907380.0, [26090.0, 834570, 53412240, 417290, 6676880, 52170]] [20714796968.0, [425444.0, 13613588, 871269392, 6806804, 108909584, 850868]] [1478948106.0, [30379.5, 971958, 62204952, 485982, 7775640, 60753]] [1167394118418.0, [23974926.0, 767192703, 49100323449, 383602047, 6138057081, 47954907]] [36109409190.0, [741584.0, 23730207, 1518733152, 11899935, 189843296, 1487504]]
Model_cost: [3447795907.708334, [176.7752976190477, 1608417, 102452412, 260385, 49399997, 120738]] [3899448994.7999983, [3786.6000000000013, 1333359, 85328280, 86895, 77870232, 184491]] [300919294.6666667, [12.666666666666666, 104010, 6246800, 13130, 6246800, 13130]] [5031976079.333334, [1270.8333333333333, 1680596, 106001424, 38684, 103508112, 218266]] [381383700.8, [47.6, 127646, 8140312, 4526, 7767768, 16731]] [295498791115.3002, [630.4750000000001, 95907291, 6138011769, 5340891, 6137123253, 14212794]] [1234149200.5269232, [50.090247252747254, 403935, 25807008, 29895, 25504800, 57136]]
Arch_Param: [64, 8192, 16384, 4, 256, 16]
Samsung_cost: [19666302958.0, [801777.5, 51312164, 820922876, 6444068, 102001340, 797857]] [15353119758.0, [618351.0, 39567471, 633078168, 4912239, 85328280, 668271]] [1280652860.0, [52170.0, 3338270, 53412240, 417310, 6676880, 52170]] [20890072956.0, [850868.0, 54454342, 871269392, 6806854, 108909584, 850868]] [1573490220.0, [64094.0, 4101638, 65626136, 512710, 8203288, 64094]] [1177271722422.0, [47949693.0, 3068770335, 49100323449, 383602047, 6138057081, 47954907]] [36946806140.0, [1505424.0, 96346230, 1541539680, 12113014, 192137056, 1505424]]
Model_cost: [14970707034.06081, [1911.9307432432433, 41814564, 668963196, 1706852, 49399997, 120738]] [3915551022.0, [7467.0, 5333103, 85328280, 86895, 77870232, 184491]] [302065489.3333333, [15.333333333333332, 390430, 6246800, 13150, 6246800, 13130]] [5051830874.666666, [2511.6666666666665, 6635334, 106001424, 38734, 103508112, 218266]] [922944196.0, [395.0, 2171654, 34713624, 87366, 7767768, 19803]] [296649680891.7999, [1109.3500000000001, 383626383, 6138011769, 5340891, 6137123253, 14212794]] [1382183170.75, [144.8125, 2054902, 32837664, 66910, 25504800, 57136]]
Arch_Param: [64, 8192, 16384, 4, 512, 16]
Samsung_cost: [19563679648.0, [801777.5, 25656353, 820922876, 6444065, 102001340, 797857]] [15273985038.0, [618351.0, 19783791, 633078168, 4912239, 85328280, 668271]] [1273976120.0, [52170.0, 1669140, 53412240, 417300, 6676880, 52170]] [20781163632.0, [850868.0, 27227176, 871269392, 6806824, 108909584, 850868]] [1565286956.0, [64094.0, 2050822, 65626136, 512710, 8203288, 64094]] [1171134182070.0, [47949693.0, 1534385247, 49100323449, 383602047, 6138057081, 47954907]] [36754112382.0, [1505424.0, 48173115, 1541539680, 12112955, 192137056, 1505424]]
Model_cost: [14887078924.06081, [1911.9307432432433, 20907553, 668963196, 1706849, 49399997, 120738]] [3904885038.0, [7467.0, 2666607, 85328280, 86895, 77870232, 184491]] [301284429.3333333, [15.333333333333332, 195220, 6246800, 13140, 6246800, 13130]] [5038600526.666666, [2511.6666666666665, 3327912, 106001424, 38704, 103508112, 218266]] [918609092.0, [395.0, 1087878, 34713624, 87366, 7767768, 19803]] [295882429979.7999, [1109.3500000000001, 191813655, 6138011769, 5340891, 6137123253, 14212794]] [1378072068.75, [144.8125, 1027451, 32837664, 66851, 25504800, 57136]]
Arch_Param: [64, 8192, 16384, 4, 1024, 16]
Samsung_cost: [19512393632.0, [801777.5, 12834849, 820922876, 6444065, 102001340, 797857]] [15234417678.0, [618351.0, 9891951, 633078168, 4912239, 85328280, 668271]] [1270637620.0, [52170.0, 834570, 53412240, 417290, 6676880, 52170]] [20726708840.0, [850868.0, 13613588, 871269392, 6806804, 108909584, 850868]] [1561185324.0, [64094.0, 1025414, 65626136, 512710, 8203288, 64094]] [1168065411894.0, [47949693.0, 767192703, 49100323449, 383602047, 6138057081, 47954907]] [36657765542.0, [1505424.0, 24086559, 1541539680, 12112927, 192137056, 1505424]]
Model_cost: [14845476364.06081, [1911.9307432432433, 10506913, 668963196, 1706849, 49399997, 120738]] [3899552046.0, [7467.0, 1333359, 85328280, 86895, 77870232, 184491]] [300919369.3333333, [15.333333333333332, 104010, 6246800, 13130, 6246800, 13130]] [5032010822.666666, [2511.6666666666665, 1680596, 106001424, 38684, 103508112, 218266]] [916441540.0, [395.0, 545990, 34713624, 87366, 7767768, 19803]] [295498804523.7999, [1109.3500000000001, 95907291, 6138011769, 5340891, 6137123253, 14212794]] [1376032812.75, [144.8125, 517791, 32837664, 66823, 25504800, 57136]]
Arch_Param: [64, 8192, 16384, 8, 256, 16]
Samsung_cost: [9881959918.0, [402609.5, 25765412, 412205564, 3236900, 51464892, 403041]] [15353119758.0, [618351.0, 39567471, 633078168, 4912239, 85328280, 668271]] [1280652860.0, [52170.0, 3338270, 53412240, 417310, 6676880, 52170]] [20890072956.0, [850868.0, 54454342, 871269392, 6806854, 108909584, 850868]] [1515842124.0, [61746.0, 3951366, 63221784, 493926, 7902744, 61746]] [1177271722422.0, [47949693.0, 3068770335, 49100323449, 383602047, 6138057081, 47954907]] [36490361212.0, [1486224.0, 95117430, 1521878880, 11924598, 190236512, 1490576]]
Model_cost: [8679020158.655405, [1085.8091216216217, 22447780, 359125692, 913828, 49399997, 120738]] [3915551022.0, [7467.0, 5333103, 85328280, 86895, 77870232, 184491]] [302065489.3333333, [15.333333333333332, 390430, 6246800, 13150, 6246800, 13130]] [5051830874.666666, [2511.6666666666665, 6635334, 106001424, 38734, 103508112, 218266]] [570498508.0, [201.0, 1085830, 17356824, 43686, 7767768, 19803]] [296649680891.7999, [1109.3500000000001, 383626383, 6138011769, 5340891, 6137123253, 14212794]] [1294190502.25, [104.9375, 1783542, 28515872, 45534, 25504800, 57136]]
Arch_Param: [64, 8192, 16384, 8, 512, 16]
Samsung_cost: [9830430112.0, [402609.5, 12882977, 412205564, 3236897, 51464892, 403041]] [15273985038.0, [618351.0, 19783791, 633078168, 4912239, 85328280, 668271]] [1273976120.0, [52170.0, 1669140, 53412240, 417300, 6676880, 52170]] [20781163632.0, [850868.0, 27227176, 871269392, 6806824, 108909584, 850868]] [1507939404.0, [61746.0, 1975686, 63221784, 493926, 7902744, 61746]] [1171134182070.0, [47949693.0, 1534385247, 49100323449, 383602047, 6138057081, 47954907]] [36300125054.0, [1486224.0, 47558715, 1521878880, 11924539, 190236512, 1490576]]
Model_cost: [8634125616.655405, [1085.8091216216217, 11224161, 359125692, 913825, 49399997, 120738]] [3904885038.0, [7467.0, 2666607, 85328280, 86895, 77870232, 184491]] [301284429.3333333, [15.333333333333332, 195220, 6246800, 13140, 6246800, 13130]] [5038600526.666666, [2511.6666666666665, 3327912, 106001424, 38704, 103508112, 218266]] [568330956.0, [201.0, 543942, 17356824, 43686, 7767768, 19803]] [295882429979.7999, [1109.3500000000001, 191813655, 6138011769, 5340891, 6137123253, 14212794]] [1290622120.25, [104.9375, 891771, 28515872, 45475, 25504800, 57136]]
Arch_Param: [64, 8192, 16384, 8, 1024, 16]
Samsung_cost: [9804678560.0, [402609.5, 6445089, 412205564, 3236897, 51464892, 403041]] [15234417678.0, [618351.0, 9891951, 633078168, 4912239, 85328280, 668271]] [1270637620.0, [52170.0, 834570, 53412240, 417290, 6676880, 52170]] [20726708840.0, [850868.0, 13613588, 871269392, 6806804, 108909584, 850868]] [1503988044.0, [61746.0, 987846, 63221784, 493926, 7902744, 61746]] [1168065411894.0, [47949693.0, 767192703, 49100323449, 383602047, 6138057081, 47954907]] [36205007014.0, [1486224.0, 23779359, 1521878880, 11924511, 190236512, 1490576]]
Model_cost: [8611784496.655405, [1085.8091216216217, 5638881, 359125692, 913825, 49399997, 120738]] [3899552046.0, [7467.0, 1333359, 85328280, 86895, 77870232, 184491]] [300919369.3333333, [15.333333333333332, 104010, 6246800, 13130, 6246800, 13130]] [5032010822.666666, [2511.6666666666665, 1680596, 106001424, 38684, 103508112, 218266]] [567247180.0, [201.0, 272998, 17356824, 43686, 7767768, 19803]] [295498804523.7999, [1109.3500000000001, 95907291, 6138011769, 5340891, 6137123253, 14212794]] [1288846544.25, [104.9375, 448031, 28515872, 45447, 25504800, 57136]]
Arch_Param: [64, 8192, 16384, 16, 256, 16]
Samsung_cost: [9636886894.0, [392401.5, 25112100, 401767932, 3146788, 50350780, 394337]] [15353119758.0, [618351.0, 39567471, 633078168, 4912239, 85328280, 668271]] [1280652860.0, [52170.0, 3338270, 53412240, 417310, 6676880, 52170]] [20890072956.0, [850868.0, 54454342, 871269392, 6806854, 108909584, 850868]] [1499588700.0, [61084.0, 3908998, 62543896, 488630, 7818008, 61084]] [1177271722422.0, [47949693.0, 3068770335, 49100323449, 383602047, 6138057081, 47954907]] [36440078716.0, [1484176.0, 94986358, 1519781728, 11908214, 189974368, 1488528]]
Model_cost: [5534318705.331081, [664.7618243243244, 12767908, 204263100, 517540, 49399997, 120738]] [3915551022.0, [7467.0, 5333103, 85328280, 86895, 77870232, 184491]] [302065489.3333333, [15.333333333333332, 390430, 6246800, 13150, 6246800, 13130]] [5051830874.666666, [2511.6666666666665, 6635334, 106001424, 38734, 103508112, 218266]] [393834832.0, [104.0, 542918, 8678424, 5718, 7767768, 16731]] [296649680891.7999, [1109.3500000000001, 383626383, 6138011769, 5340891, 6137123253, 14212794]] [1250171696.0, [87.0, 1647862, 26354976, 33822, 25504800, 57136]]
Arch_Param: [64, 8192, 16384, 16, 512, 16]
Samsung_cost: [9586663712.0, [392401.5, 12556321, 401767932, 3146785, 50350780, 394337]] [15273985038.0, [618351.0, 19783791, 633078168, 4912239, 85328280, 668271]] [1273976120.0, [52170.0, 1669140, 53412240, 417300, 6676880, 52170]] [20781163632.0, [850868.0, 27227176, 871269392, 6806824, 108909584, 850868]] [1491770716.0, [61084.0, 1954502, 62543896, 488630, 7818008, 61084]] [1171134182070.0, [47949693.0, 1534385247, 49100323449, 383602047, 6138057081, 47954907]] [36250104702.0, [1484176.0, 47493179, 1519781728, 11908155, 189974368, 1488528]]
Model_cost: [5508783907.331081, [664.7618243243244, 6384225, 204263100, 517537, 49399997, 120738]] [3904885038.0, [7467.0, 2666607, 85328280, 86895, 77870232, 184491]] [301284429.3333333, [15.333333333333332, 195220, 6246800, 13140, 6246800, 13130]] [5038600526.666666, [2511.6666666666665, 3327912, 106001424, 38704, 103508112, 218266]] [392751056.0, [104.0, 271974, 8678424, 5718, 7767768, 16731]] [295882429979.7999, [1109.3500000000001, 191813655, 6138011769, 5340891, 6137123253, 14212794]] [1246874674.0, [87.0, 823931, 26354976, 33763, 25504800, 57136]]
Arch_Param: [64, 8192, 16384, 16, 1024, 16]
Samsung_cost: [9561559328.0, [392401.5, 6280225, 401767932, 3146785, 50350780, 394337]] [15234417678.0, [618351.0, 9891951, 633078168, 4912239, 85328280, 668271]] [1270637620.0, [52170.0, 834570, 53412240, 417290, 6676880, 52170]] [20726708840.0, [850868.0, 13613588, 871269392, 6806804, 108909584, 850868]] [1487861724.0, [61084.0, 977254, 62543896, 488630, 7818008, 61084]] [1168065411894.0, [47949693.0, 767192703, 49100323449, 383602047, 6138057081, 47954907]] [36155117734.0, [1484176.0, 23746591, 1519781728, 11908127, 189974368, 1488528]]
Model_cost: [5496070435.331081, [664.7618243243244, 3205857, 204263100, 517537, 49399997, 120738]] [3899552046.0, [7467.0, 1333359, 85328280, 86895, 77870232, 184491]] [300919369.3333333, [15.333333333333332, 104010, 6246800, 13130, 6246800, 13130]] [5032010822.666666, [2511.6666666666665, 1680596, 106001424, 38684, 103508112, 218266]] [392209168.0, [104.0, 136502, 8678424, 5718, 7767768, 16731]] [295498804523.7999, [1109.3500000000001, 95907291, 6138011769, 5340891, 6137123253, 14212794]] [1245230938.0, [87.0, 413151, 26354976, 33735, 25504800, 57136]]
Arch_Param: [64, 8192, 16384, 32, 256, 16]
Samsung_cost: [9514350382.0, [387297.5, 24785444, 396549116, 3101732, 49793724, 389985]] [15353119758.0, [618351.0, 39567471, 633078168, 4912239, 85328280, 668271]] [1280652860.0, [52170.0, 3338270, 53412240, 417310, 6676880, 52170]] [20890072956.0, [850868.0, 54454342, 871269392, 6806854, 108909584, 850868]] [1491461988.0, [60753.0, 3887814, 62204952, 485982, 7775640, 60753]] [1177271722422.0, [47949693.0, 3068770335, 49100323449, 383602047, 6138057081, 47954907]] [36414937468.0, [1483152.0, 94920822, 1518733152, 11900022, 189843296, 1487504]]
Model_cost: [3466984307.6689186, [353.9881756756757, 6404260, 102452412, 260388, 49399997, 120738]] [3915551022.0, [7467.0, 5333103, 85328280, 86895, 77870232, 184491]] [302065489.3333333, [15.333333333333332, 390430, 6246800, 13150, 6246800, 13130]] [5051830874.666666, [2511.6666666666665, 6635334, 106001424, 38734, 103508112, 218266]] [382910088.0, [78.0, 509030, 8140312, 4526, 7767768, 16731]] [296649680891.7999, [1109.3500000000001, 383626383, 6138011769, 5340891, 6137123253, 14212794]] [1238989421.1666665, [80.04166666666666, 1613302, 25807008, 29982, 25504800, 57136]]
Arch_Param: [64, 8192, 16384, 32, 512, 16]
Samsung_cost: [9464780512.0, [387297.5, 12392993, 396549116, 3101729, 49793724, 389985]] [15273985038.0, [618351.0, 19783791, 633078168, 4912239, 85328280, 668271]] [1273976120.0, [52170.0, 1669140, 53412240, 417300, 6676880, 52170]] [20781163632.0, [850868.0, 27227176, 871269392, 6806824, 108909584, 850868]] [1483686372.0, [60753.0, 1943910, 62204952, 485982, 7775640, 60753]] [1171134182070.0, [47949693.0, 1534385247, 49100323449, 383602047, 6138057081, 47954907]] [36225094526.0, [1483152.0, 47460411, 1518733152, 11899963, 189843296, 1487504]]
Model_cost: [3454176805.6689186, [353.9881756756757, 3202401, 102452412, 260385, 49399997, 120738]] [3904885038.0, [7467.0, 2666607, 85328280, 86895, 77870232, 184491]] [301284429.3333333, [15.333333333333332, 195220, 6246800, 13140, 6246800, 13130]] [5038600526.666666, [2511.6666666666665, 3327912, 106001424, 38704, 103508112, 218266]] [381893064.0, [78.0, 254774, 8140312, 4526, 7767768, 16731]] [295882429979.7999, [1109.3500000000001, 191813655, 6138011769, 5340891, 6137123253, 14212794]] [1235761519.1666665, [80.04166666666666, 806651, 25807008, 29923, 25504800, 57136]]
Arch_Param: [64, 8192, 16384, 32, 1024, 16]
Samsung_cost: [9439999712.0, [387297.5, 6197793, 396549116, 3101729, 49793724, 389985]] [15234417678.0, [618351.0, 9891951, 633078168, 4912239, 85328280, 668271]] [1270637620.0, [52170.0, 834570, 53412240, 417290, 6676880, 52170]] [20726708840.0, [850868.0, 13613588, 871269392, 6806804, 108909584, 850868]] [1479798564.0, [60753.0, 971958, 62204952, 485982, 7775640, 60753]] [1168065411894.0, [47949693.0, 767192703, 49100323449, 383602047, 6138057081, 47954907]] [36130173094.0, [1483152.0, 23730207, 1518733152, 11899935, 189843296, 1487504]]
Model_cost: [3447800869.6689186, [353.9881756756757, 1608417, 102452412, 260385, 49399997, 120738]] [3899552046.0, [7467.0, 1333359, 85328280, 86895, 77870232, 184491]] [300919369.3333333, [15.333333333333332, 104010, 6246800, 13130, 6246800, 13130]] [5032010822.666666, [2511.6666666666665, 1680596, 106001424, 38684, 103508112, 218266]] [381384552.0, [78.0, 127646, 8140312, 4526, 7767768, 16731]] [295498804523.7999, [1109.3500000000001, 95907291, 6138011769, 5340891, 6137123253, 14212794]] [1234150039.1666665, [80.04166666666666, 403935, 25807008, 29895, 25504800, 57136]]
Arch_Param: [64, 8192, 8192, 4, 256, 16]
Samsung_cost: [19688751804.0, [1603522.0, 51312164, 820922876, 6444068, 102001340, 797857]] [15370430478.0, [1236591.0, 39567471, 633078168, 4912239, 85328280, 668271]] [1282113340, [104330, 3338270, 53412240, 417310, 6676880, 52170]] [20913896700, [1701716, 54454342, 871269392, 6806854, 108909584, 850868]] [1575284684, [128182, 4101638, 65626136, 512710, 8203288, 64094]] [1178614309374.0, [95899227.0, 3068770335, 49100323449, 383602047, 6138057081, 47954907]] [36988957564.0, [3010832.0, 96346230, 1541539680, 12113014, 192137056, 1505424]]
Model_cost: [14970759652.277779, [3791.152777777778, 41814564, 668963196, 1706852, 49399997, 120738]] [3915756990.0, [14823.0, 5333103, 85328280, 86895, 77870232, 184491]] [302065648.0, [21.0, 390430, 6246800, 13150, 6246800, 13130]] [5051900660.0, [5004.0, 6635334, 106001424, 38734, 103508112, 218266]] [922953044.0, [711.0, 2171654, 34713624, 87366, 7767768, 19803]] [296649709652.0, [2136.5, 383626383, 6138011769, 5340891, 6137123253, 14212794]] [1382186245.5, [254.625, 2054902, 32837664, 66910, 25504800, 57136]]
Arch_Param: [64, 8192, 8192, 4, 512, 16]
Samsung_cost: [19586128494.0, [1603522.0, 25656353, 820922876, 6444065, 102001340, 797857]] [15291295758.0, [1236591.0, 19783791, 633078168, 4912239, 85328280, 668271]] [1275436600, [104330, 1669140, 53412240, 417300, 6676880, 52170]] [20804987376, [1701716, 27227176, 871269392, 6806824, 108909584, 850868]] [1567081420, [128182, 2050822, 65626136, 512710, 8203288, 64094]] [1172476769022.0, [95899227.0, 1534385247, 49100323449, 383602047, 6138057081, 47954907]] [36796263806.0, [3010832.0, 48173115, 1541539680, 12112955, 192137056, 1505424]]
Model_cost: [14887131542.277779, [3791.152777777778, 20907553, 668963196, 1706849, 49399997, 120738]] [3905091006.0, [14823.0, 2666607, 85328280, 86895, 77870232, 184491]] [301284588.0, [21.0, 195220, 6246800, 13140, 6246800, 13130]] [5038670312.0, [5004.0, 3327912, 106001424, 38704, 103508112, 218266]] [918617940.0, [711.0, 1087878, 34713624, 87366, 7767768, 19803]] [295882458740.0, [2136.5, 191813655, 6138011769, 5340891, 6137123253, 14212794]] [1378075143.5, [254.625, 1027451, 32837664, 66851, 25504800, 57136]]
Arch_Param: [64, 8192, 8192, 4, 1024, 16]
Samsung_cost: [19534842478.0, [1603522.0, 12834849, 820922876, 6444065, 102001340, 797857]] [15251728398.0, [1236591.0, 9891951, 633078168, 4912239, 85328280, 668271]] [1272098100, [104330, 834570, 53412240, 417290, 6676880, 52170]] [20750532584, [1701716, 13613588, 871269392, 6806804, 108909584, 850868]] [1562979788, [128182, 1025414, 65626136, 512710, 8203288, 64094]] [1169407998846.0, [95899227.0, 767192703, 49100323449, 383602047, 6138057081, 47954907]] [36699916966.0, [3010832.0, 24086559, 1541539680, 12112927, 192137056, 1505424]]
Model_cost: [14845528982.277779, [3791.152777777778, 10506913, 668963196, 1706849, 49399997, 120738]] [3899758014.0, [14823.0, 1333359, 85328280, 86895, 77870232, 184491]] [300919528.0, [21.0, 104010, 6246800, 13130, 6246800, 13130]] [5032080608.0, [5004.0, 1680596, 106001424, 38684, 103508112, 218266]] [916450388.0, [711.0, 545990, 34713624, 87366, 7767768, 19803]] [295498833284.0, [2136.5, 95907291, 6138011769, 5340891, 6137123253, 14212794]] [1376035887.5, [254.625, 517791, 32837664, 66823, 25504800, 57136]]
Arch_Param: [64, 8192, 8192, 8, 256, 16]
Samsung_cost: [9893232060.0, [805186.0, 25765412, 412205564, 3236900, 51464892, 403041]] [15370430478.0, [1236591.0, 39567471, 633078168, 4912239, 85328280, 668271]] [1282113340, [104330, 3338270, 53412240, 417310, 6676880, 52170]] [20913896700, [1701716, 54454342, 871269392, 6806854, 108909584, 850868]] [1517570844, [123486, 3951366, 63221784, 493926, 7902744, 61746]] [1178614309374.0, [95899227.0, 3068770335, 49100323449, 383602047, 6138057081, 47954907]] [36531975036.0, [2972432.0, 95117430, 1521878880, 11924598, 190236512, 1490576]]
Model_cost: [8679049361.38889, [2128.7638888888887, 22447780, 359125692, 913828, 49399997, 120738]] [3915756990.0, [14823.0, 5333103, 85328280, 86895, 77870232, 184491]] [302065648.0, [21.0, 390430, 6246800, 13150, 6246800, 13130]] [5051900660.0, [5004.0, 6635334, 106001424, 38734, 103508112, 218266]] [570503940.0, [395.0, 1085830, 17356824, 43686, 7767768, 19803]] [296649709652.0, [2136.5, 383626383, 6138011769, 5340891, 6137123253, 14212794]] [1294192824.5, [187.875, 1783542, 28515872, 45534, 25504800, 57136]]
Arch_Param: [64, 8192, 8192, 8, 512, 16]
Samsung_cost: [9841702254.0, [805186.0, 12882977, 412205564, 3236897, 51464892, 403041]] [15291295758.0, [1236591.0, 19783791, 633078168, 4912239, 85328280, 668271]] [1275436600, [104330, 1669140, 53412240, 417300, 6676880, 52170]] [20804987376, [1701716, 27227176, 871269392, 6806824, 108909584, 850868]] [1509668124, [123486, 1975686, 63221784, 493926, 7902744, 61746]] [1172476769022.0, [95899227.0, 1534385247, 49100323449, 383602047, 6138057081, 47954907]] [36341738878.0, [2972432.0, 47558715, 1521878880, 11924539, 190236512, 1490576]]
Model_cost: [8634154819.38889, [2128.7638888888887, 11224161, 359125692, 913825, 49399997, 120738]] [3905091006.0, [14823.0, 2666607, 85328280, 86895, 77870232, 184491]] [301284588.0, [21.0, 195220, 6246800, 13140, 6246800, 13130]] [5038670312.0, [5004.0, 3327912, 106001424, 38704, 103508112, 218266]] [568336388.0, [395.0, 543942, 17356824, 43686, 7767768, 19803]] [295882458740.0, [2136.5, 191813655, 6138011769, 5340891, 6137123253, 14212794]] [1290624442.5, [187.875, 891771, 28515872, 45475, 25504800, 57136]]
Arch_Param: [64, 8192, 8192, 8, 1024, 16]
Samsung_cost: [9815950702.0, [805186.0, 6445089, 412205564, 3236897, 51464892, 403041]] [15251728398.0, [1236591.0, 9891951, 633078168, 4912239, 85328280, 668271]] [1272098100, [104330, 834570, 53412240, 417290, 6676880, 52170]] [20750532584, [1701716, 13613588, 871269392, 6806804, 108909584, 850868]] [1505716764, [123486, 987846, 63221784, 493926, 7902744, 61746]] [1169407998846.0, [95899227.0, 767192703, 49100323449, 383602047, 6138057081, 47954907]] [36246620838.0, [2972432.0, 23779359, 1521878880, 11924511, 190236512, 1490576]]
Model_cost: [8611813699.38889, [2128.7638888888887, 5638881, 359125692, 913825, 49399997, 120738]] [3899758014.0, [14823.0, 1333359, 85328280, 86895, 77870232, 184491]] [300919528.0, [21.0, 104010, 6246800, 13130, 6246800, 13130]] [5032080608.0, [5004.0, 1680596, 106001424, 38684, 103508112, 218266]] [567252612.0, [395.0, 272998, 17356824, 43686, 7767768, 19803]] [295498833284.0, [2136.5, 95907291, 6138011769, 5340891, 6137123253, 14212794]] [1288848866.5, [187.875, 448031, 28515872, 45447, 25504800, 57136]]
Arch_Param: [64, 8192, 8192, 16, 256, 16]
Samsung_cost: [9647873212.0, [784770.0, 25112100, 401767932, 3146788, 50350780, 394337]] [15370430478.0, [1236591.0, 39567471, 633078168, 4912239, 85328280, 668271]] [1282113340, [104330, 3338270, 53412240, 417310, 6676880, 52170]] [20913896700, [1701716, 54454342, 871269392, 6806854, 108909584, 850868]] [1501298884, [122162, 3908998, 62543896, 488630, 7818008, 61084]] [1178614309374.0, [95899227.0, 3068770335, 49100323449, 383602047, 6138057081, 47954907]] [36481635196.0, [2968336.0, 94986358, 1519781728, 11908214, 189974368, 1488528]]
Model_cost: [5534332196.722222, [1146.5972222222222, 12767908, 204263100, 517540, 49399997, 120738]] [3915756990.0, [14823.0, 5333103, 85328280, 86895, 77870232, 184491]] [302065648.0, [21.0, 390430, 6246800, 13150, 6246800, 13130]] [5051900660.0, [5004.0, 6635334, 106001424, 38734, 103508112, 218266]] [393837212.0, [189.0, 542918, 8678424, 5718, 7767768, 16731]] [296649709652.0, [2136.5, 383626383, 6138011769, 5340891, 6137123253, 14212794]] [1250173572.0, [154.0, 1647862, 26354976, 33822, 25504800, 57136]]
Arch_Param: [64, 8192, 8192, 16, 512, 16]
Samsung_cost: [9597650030.0, [784770.0, 12556321, 401767932, 3146785, 50350780, 394337]] [15291295758.0, [1236591.0, 19783791, 633078168, 4912239, 85328280, 668271]] [1275436600, [104330, 1669140, 53412240, 417300, 6676880, 52170]] [20804987376, [1701716, 27227176, 871269392, 6806824, 108909584, 850868]] [1493480900, [122162, 1954502, 62543896, 488630, 7818008, 61084]] [1172476769022.0, [95899227.0, 1534385247, 49100323449, 383602047, 6138057081, 47954907]] [36291661182.0, [2968336.0, 47493179, 1519781728, 11908155, 189974368, 1488528]]
Model_cost: [5508797398.722222, [1146.5972222222222, 6384225, 204263100, 517537, 49399997, 120738]] [3905091006.0, [14823.0, 2666607, 85328280, 86895, 77870232, 184491]] [301284588.0, [21.0, 195220, 6246800, 13140, 6246800, 13130]] [5038670312.0, [5004.0, 3327912, 106001424, 38704, 103508112, 218266]] [392753436.0, [189.0, 271974, 8678424, 5718, 7767768, 16731]] [295882458740.0, [2136.5, 191813655, 6138011769, 5340891, 6137123253, 14212794]] [1246876550.0, [154.0, 823931, 26354976, 33763, 25504800, 57136]]
Arch_Param: [64, 8192, 8192, 16, 1024, 16]
Samsung_cost: [9572545646.0, [784770.0, 6280225, 401767932, 3146785, 50350780, 394337]] [15251728398.0, [1236591.0, 9891951, 633078168, 4912239, 85328280, 668271]] [1272098100, [104330, 834570, 53412240, 417290, 6676880, 52170]] [20750532584, [1701716, 13613588, 871269392, 6806804, 108909584, 850868]] [1489571908, [122162, 977254, 62543896, 488630, 7818008, 61084]] [1169407998846.0, [95899227.0, 767192703, 49100323449, 383602047, 6138057081, 47954907]] [36196674214.0, [2968336.0, 23746591, 1519781728, 11908127, 189974368, 1488528]]
Model_cost: [5496083926.722222, [1146.5972222222222, 3205857, 204263100, 517537, 49399997, 120738]] [3899758014.0, [14823.0, 1333359, 85328280, 86895, 77870232, 184491]] [300919528.0, [21.0, 104010, 6246800, 13130, 6246800, 13130]] [5032080608.0, [5004.0, 1680596, 106001424, 38684, 103508112, 218266]] [392211548.0, [189.0, 136502, 8678424, 5718, 7767768, 16731]] [295498833284.0, [2136.5, 95907291, 6138011769, 5340891, 6137123253, 14212794]] [1245232814.0, [154.0, 413151, 26354976, 33735, 25504800, 57136]]
Arch_Param: [64, 8192, 8192, 32, 256, 16]
Samsung_cost: [9525193788.0, [774562.0, 24785444, 396549116, 3101732, 49793724, 389985]] [15370430478.0, [1236591.0, 39567471, 633078168, 4912239, 85328280, 668271]] [1282113340, [104330, 3338270, 53412240, 417310, 6676880, 52170]] [20913896700, [1701716, 54454342, 871269392, 6806854, 108909584, 850868]] [1493162904, [121500, 3887814, 62204952, 485982, 7775640, 60753]] [1178614309374.0, [95899227.0, 3068770335, 49100323449, 383602047, 6138057081, 47954907]] [36456465276.0, [2966288.0, 94920822, 1518733152, 11900022, 189843296, 1487504]]
Model_cost: [3466993184.388889, [671.0138888888889, 6404260, 102452412, 260388, 49399997, 120738]] [3915756990.0, [14823.0, 5333103, 85328280, 86895, 77870232, 184491]] [302065648.0, [21.0, 390430, 6246800, 13150, 6246800, 13130]] [5051900660.0, [5004.0, 6635334, 106001424, 38734, 103508112, 218266]] [382911544.0, [130.0, 509030, 8140312, 4526, 7767768, 16731]] [296649709652.0, [2136.5, 383626383, 6138011769, 5340891, 6137123253, 14212794]] [1238991158.3333333, [142.08333333333334, 1613302, 25807008, 29982, 25504800, 57136]]
Arch_Param: [64, 8192, 8192, 32, 512, 16]
Samsung_cost: [9475623918.0, [774562.0, 12392993, 396549116, 3101729, 49793724, 389985]] [15291295758.0, [1236591.0, 19783791, 633078168, 4912239, 85328280, 668271]] [1275436600, [104330, 1669140, 53412240, 417300, 6676880, 52170]] [20804987376, [1701716, 27227176, 871269392, 6806824, 108909584, 850868]] [1485387288, [121500, 1943910, 62204952, 485982, 7775640, 60753]] [1172476769022.0, [95899227.0, 1534385247, 49100323449, 383602047, 6138057081, 47954907]] [36266622334.0, [2966288.0, 47460411, 1518733152, 11899963, 189843296, 1487504]]
Model_cost: [3454185682.388889, [671.0138888888889, 3202401, 102452412, 260385, 49399997, 120738]] [3905091006.0, [14823.0, 2666607, 85328280, 86895, 77870232, 184491]] [301284588.0, [21.0, 195220, 6246800, 13140, 6246800, 13130]] [5038670312.0, [5004.0, 3327912, 106001424, 38704, 103508112, 218266]] [381894520.0, [130.0, 254774, 8140312, 4526, 7767768, 16731]] [295882458740.0, [2136.5, 191813655, 6138011769, 5340891, 6137123253, 14212794]] [1235763256.3333333, [142.08333333333334, 806651, 25807008, 29923, 25504800, 57136]]
Arch_Param: [64, 8192, 8192, 32, 1024, 16]
Samsung_cost: [9450843118.0, [774562.0, 6197793, 396549116, 3101729, 49793724, 389985]] [15251728398.0, [1236591.0, 9891951, 633078168, 4912239, 85328280, 668271]] [1272098100, [104330, 834570, 53412240, 417290, 6676880, 52170]] [20750532584, [1701716, 13613588, 871269392, 6806804, 108909584, 850868]] [1481499480, [121500, 971958, 62204952, 485982, 7775640, 60753]] [1169407998846.0, [95899227.0, 767192703, 49100323449, 383602047, 6138057081, 47954907]] [36171700902.0, [2966288.0, 23730207, 1518733152, 11899935, 189843296, 1487504]]
Model_cost: [3447809746.388889, [671.0138888888889, 1608417, 102452412, 260385, 49399997, 120738]] [3899758014.0, [14823.0, 1333359, 85328280, 86895, 77870232, 184491]] [300919528.0, [21.0, 104010, 6246800, 13130, 6246800, 13130]] [5032080608.0, [5004.0, 1680596, 106001424, 38684, 103508112, 218266]] [381386008.0, [130.0, 127646, 8140312, 4526, 7767768, 16731]] [295498833284.0, [2136.5, 95907291, 6138011769, 5340891, 6137123253, 14212794]] [1234151776.3333333, [142.08333333333334, 403935, 25807008, 29895, 25504800, 57136]]
Arch_Param: [64, 8192, 4096, 4, 256, 16]
Samsung_cost: [19733649496.0, [3207011.0, 51312164, 820922876, 6444068, 102001340, 797857]] [15405051918.0, [2473071.0, 39567471, 633078168, 4912239, 85328280, 668271]] [1285034300, [208650, 3338270, 53412240, 417310, 6676880, 52170]] [20961544188, [3403412, 54454342, 871269392, 6806854, 108909584, 850868]] [1578873612, [256358, 4101638, 65626136, 512710, 8203288, 64094]] [1181299483278.0, [191798295.0, 3068770335, 49100323449, 383602047, 6138057081, 47954907]] [37073260412, [6021648, 96346230, 1541539680, 12113014, 192137056, 1505424]]
Model_cost: [14970864753.0, [7544.75, 41814564, 668963196, 1706852, 49399997, 120738]] [3916167918.0, [29511.0, 5333103, 85328280, 86895, 77870232, 184479]] [302065956, [32, 390430, 6246800, 13150, 6246800, 13130]] [5052039932.0, [9978.0, 6635334, 106001424, 38734, 103508112, 218266]] [922972784, [1416, 2171654, 34713624, 87366, 7767768, 19803]] [296649763958.0, [4077.0, 383626383, 6138011769, 5340891, 6137123253, 14212793]] [1382192563.0, [480.25, 2054902, 32837664, 66910, 25504800, 57136]]
Arch_Param: [64, 8192, 4096, 4, 512, 16]
Samsung_cost: [19631026186.0, [3207011.0, 25656353, 820922876, 6444065, 102001340, 797857]] [15325917198.0, [2473071.0, 19783791, 633078168, 4912239, 85328280, 668271]] [1278357560, [208650, 1669140, 53412240, 417300, 6676880, 52170]] [20852634864, [3403412, 27227176, 871269392, 6806824, 108909584, 850868]] [1570670348, [256358, 2050822, 65626136, 512710, 8203288, 64094]] [1175161942926.0, [191798295.0, 1534385247, 49100323449, 383602047, 6138057081, 47954907]] [36880566654, [6021648, 48173115, 1541539680, 12112955, 192137056, 1505424]]
Model_cost: [14887236643.0, [7544.75, 20907553, 668963196, 1706849, 49399997, 120738]] [3905501934.0, [29511.0, 2666607, 85328280, 86895, 77870232, 184479]] [301284896, [32, 195220, 6246800, 13140, 6246800, 13130]] [5038809584.0, [9978.0, 3327912, 106001424, 38704, 103508112, 218266]] [918637680, [1416, 1087878, 34713624, 87366, 7767768, 19803]] [295882513046.0, [4077.0, 191813655, 6138011769, 5340891, 6137123253, 14212793]] [1378081461.0, [480.25, 1027451, 32837664, 66851, 25504800, 57136]]
Arch_Param: [64, 8192, 4096, 4, 1024, 16]
Samsung_cost: [19579740170.0, [3207011.0, 12834849, 820922876, 6444065, 102001340, 797857]] [15286349838.0, [2473071.0, 9891951, 633078168, 4912239, 85328280, 668271]] [1275019060, [208650, 834570, 53412240, 417290, 6676880, 52170]] [20798180072, [3403412, 13613588, 871269392, 6806804, 108909584, 850868]] [1566568716, [256358, 1025414, 65626136, 512710, 8203288, 64094]] [1172093172750.0, [191798295.0, 767192703, 49100323449, 383602047, 6138057081, 47954907]] [36784219814, [6021648, 24086559, 1541539680, 12112927, 192137056, 1505424]]
Model_cost: [14845634083.0, [7544.75, 10506913, 668963196, 1706849, 49399997, 120738]] [3900168942.0, [29511.0, 1333359, 85328280, 86895, 77870232, 184479]] [300919836, [32, 104010, 6246800, 13130, 6246800, 13130]] [5032219880.0, [9978.0, 1680596, 106001424, 38684, 103508112, 218266]] [916470128, [1416, 545990, 34713624, 87366, 7767768, 19803]] [295498887590.0, [4077.0, 95907291, 6138011769, 5340891, 6137123253, 14212793]] [1376042205.0, [480.25, 517791, 32837664, 66823, 25504800, 57136]]
Arch_Param: [64, 8192, 4096, 8, 256, 16]
Samsung_cost: [9915776344.0, [1610339.0, 25765412, 412205564, 3236900, 51464892, 403041]] [15405051918.0, [2473071.0, 39567471, 633078168, 4912239, 85328280, 668271]] [1285034300, [208650, 3338270, 53412240, 417310, 6676880, 52170]] [20961544188, [3403412, 54454342, 871269392, 6806854, 108909584, 850868]] [1521028284, [246966, 3951366, 63221784, 493926, 7902744, 61746]] [1181299483278.0, [191798295.0, 3068770335, 49100323449, 383602047, 6138057081, 47954907]] [36615202684, [5944848, 95117430, 1521878880, 11924598, 190236512, 1490576]]
Model_cost: [8679103674.777779, [4068.527777777778, 22447780, 359125692, 913828, 49399997, 120738]] [3916167918.0, [29511.0, 5333103, 85328280, 86895, 77870232, 184479]] [302065956, [32, 390430, 6246800, 13150, 6246800, 13130]] [5052039932.0, [9978.0, 6635334, 106001424, 38734, 103508112, 218266]] [570512788, [711, 1085830, 17356824, 43686, 7767768, 19803]] [296649763958.0, [4077.0, 383626383, 6138011769, 5340891, 6137123253, 14212793]] [1294197105.0, [340.75, 1783542, 28515872, 45534, 25504800, 57136]]
Arch_Param: [64, 8192, 4096, 8, 512, 16]
Samsung_cost: [9864246538.0, [1610339.0, 12882977, 412205564, 3236897, 51464892, 403041]] [15325917198.0, [2473071.0, 19783791, 633078168, 4912239, 85328280, 668271]] [1278357560, [208650, 1669140, 53412240, 417300, 6676880, 52170]] [20852634864, [3403412, 27227176, 871269392, 6806824, 108909584, 850868]] [1513125564, [246966, 1975686, 63221784, 493926, 7902744, 61746]] [1175161942926.0, [191798295.0, 1534385247, 49100323449, 383602047, 6138057081, 47954907]] [36424966526, [5944848, 47558715, 1521878880, 11924539, 190236512, 1490576]]
Model_cost: [8634209132.777779, [4068.527777777778, 11224161, 359125692, 913825, 49399997, 120738]] [3905501934.0, [29511.0, 2666607, 85328280, 86895, 77870232, 184479]] [301284896, [32, 195220, 6246800, 13140, 6246800, 13130]] [5038809584.0, [9978.0, 3327912, 106001424, 38704, 103508112, 218266]] [568345236, [711, 543942, 17356824, 43686, 7767768, 19803]] [295882513046.0, [4077.0, 191813655, 6138011769, 5340891, 6137123253, 14212793]] [1290628723.0, [340.75, 891771, 28515872, 45475, 25504800, 57136]]
Arch_Param: [64, 8192, 4096, 8, 1024, 16]
Samsung_cost: [9838494986.0, [1610339.0, 6445089, 412205564, 3236897, 51464892, 403041]] [15286349838.0, [2473071.0, 9891951, 633078168, 4912239, 85328280, 668271]] [1275019060, [208650, 834570, 53412240, 417290, 6676880, 52170]] [20798180072, [3403412, 13613588, 871269392, 6806804, 108909584, 850868]] [1509174204, [246966, 987846, 63221784, 493926, 7902744, 61746]] [1172093172750.0, [191798295.0, 767192703, 49100323449, 383602047, 6138057081, 47954907]] [36329848486, [5944848, 23779359, 1521878880, 11924511, 190236512, 1490576]]
Model_cost: [8611868012.777779, [4068.527777777778, 5638881, 359125692, 913825, 49399997, 120738]] [3900168942.0, [29511.0, 1333359, 85328280, 86895, 77870232, 184479]] [300919836, [32, 104010, 6246800, 13130, 6246800, 13130]] [5032219880.0, [9978.0, 1680596, 106001424, 38684, 103508112, 218266]] [567261460, [711, 272998, 17356824, 43686, 7767768, 19803]] [295498887590.0, [4077.0, 95907291, 6138011769, 5340891, 6137123253, 14212793]] [1288853147.0, [340.75, 448031, 28515872, 45447, 25504800, 57136]]
Arch_Param: [64, 8192, 4096, 16, 256, 16]
Samsung_cost: [9669845848.0, [1569507.0, 25112100, 401767932, 3146788, 50350780, 394337]] [15405051918.0, [2473071.0, 39567471, 633078168, 4912239, 85328280, 668271]] [1285034300, [208650, 3338270, 53412240, 417310, 6676880, 52170]] [20961544188, [3403412, 54454342, 871269392, 6806854, 108909584, 850868]] [1504719252, [244318, 3908998, 62543896, 488630, 7818008, 61084]] [1181299483278.0, [191798295.0, 3068770335, 49100323449, 383602047, 6138057081, 47954907]] [36564748156, [5936656, 94986358, 1519781728, 11908214, 189974368, 1488528]]
Model_cost: [5534363209.444445, [2254.1944444444443, 12767908, 204263100, 517540, 49399997, 120738]] [3916167918.0, [29511.0, 5333103, 85328280, 86895, 77870232, 184479]] [302065956, [32, 390430, 6246800, 13150, 6246800, 13130]] [5052039932.0, [9978.0, 6635334, 106001424, 38734, 103508112, 218266]] [393841972, [359, 542918, 8678424, 5718, 7767768, 16731]] [296649763958.0, [4077.0, 383626383, 6138011769, 5340891, 6137123253, 14212793]] [1250176988.0, [276.0, 1647862, 26354976, 33822, 25504800, 57136]]
Arch_Param: [64, 8192, 4096, 16, 512, 16]
Samsung_cost: [9619622666.0, [1569507.0, 12556321, 401767932, 3146785, 50350780, 394337]] [15325917198.0, [2473071.0, 19783791, 633078168, 4912239, 85328280, 668271]] [1278357560, [208650, 1669140, 53412240, 417300, 6676880, 52170]] [20852634864, [3403412, 27227176, 871269392, 6806824, 108909584, 850868]] [1496901268, [244318, 1954502, 62543896, 488630, 7818008, 61084]] [1175161942926.0, [191798295.0, 1534385247, 49100323449, 383602047, 6138057081, 47954907]] [36374774142, [5936656, 47493179, 1519781728, 11908155, 189974368, 1488528]]
Model_cost: [5508828411.444445, [2254.1944444444443, 6384225, 204263100, 517537, 49399997, 120738]] [3905501934.0, [29511.0, 2666607, 85328280, 86895, 77870232, 184479]] [301284896, [32, 195220, 6246800, 13140, 6246800, 13130]] [5038809584.0, [9978.0, 3327912, 106001424, 38704, 103508112, 218266]] [392758196, [359, 271974, 8678424, 5718, 7767768, 16731]] [295882513046.0, [4077.0, 191813655, 6138011769, 5340891, 6137123253, 14212793]] [1246879966.0, [276.0, 823931, 26354976, 33763, 25504800, 57136]]
Arch_Param: [64, 8192, 4096, 16, 1024, 16]
Samsung_cost: [9594518282.0, [1569507.0, 6280225, 401767932, 3146785, 50350780, 394337]] [15286349838.0, [2473071.0, 9891951, 633078168, 4912239, 85328280, 668271]] [1275019060, [208650, 834570, 53412240, 417290, 6676880, 52170]] [20798180072, [3403412, 13613588, 871269392, 6806804, 108909584, 850868]] [1492992276, [244318, 977254, 62543896, 488630, 7818008, 61084]] [1172093172750.0, [191798295.0, 767192703, 49100323449, 383602047, 6138057081, 47954907]] [36279787174, [5936656, 23746591, 1519781728, 11908127, 189974368, 1488528]]
Model_cost: [5496114939.444445, [2254.1944444444443, 3205857, 204263100, 517537, 49399997, 120738]] [3900168942.0, [29511.0, 1333359, 85328280, 86895, 77870232, 184479]] [300919836, [32, 104010, 6246800, 13130, 6246800, 13130]] [5032219880.0, [9978.0, 1680596, 106001424, 38684, 103508112, 218266]] [392216308, [359, 136502, 8678424, 5718, 7767768, 16731]] [295498887590.0, [4077.0, 95907291, 6138011769, 5340891, 6137123253, 14212793]] [1245236230.0, [276.0, 413151, 26354976, 33735, 25504800, 57136]]
Arch_Param: [64, 8192, 4096, 32, 256, 16]
Samsung_cost: [9546880600.0, [1549091.0, 24785444, 396549116, 3101732, 49793724, 389985]] [15405051918.0, [2473071.0, 39567471, 633078168, 4912239, 85328280, 668271]] [1285034300, [208650, 3338270, 53412240, 417310, 6676880, 52170]] [20961544188, [3403412, 54454342, 871269392, 6806854, 108909584, 850868]] [1496564736, [242994, 3887814, 62204952, 485982, 7775640, 60753]] [1181299483278.0, [191798295.0, 3068770335, 49100323449, 383602047, 6138057081, 47954907]] [36539520892, [5932560, 94920822, 1518733152, 11900022, 189843296, 1487504]]
Model_cost: [3467006736.7777777, [1155.0277777777778, 6404260, 102452412, 260388, 49399997, 120738]] [3916167918.0, [29511.0, 5333103, 85328280, 86895, 77870232, 184479]] [302065956, [32, 390430, 6246800, 13150, 6246800, 13130]] [5052039932.0, [9978.0, 6635334, 106001424, 38734, 103508112, 218266]] [382914652, [241, 509030, 8140312, 4526, 7767768, 16731]] [296649763958.0, [4077.0, 383626383, 6138011769, 5340891, 6137123253, 14212793]] [1238994250.0, [252.5, 1613302, 25807008, 29982, 25504800, 57136]]
Arch_Param: [64, 8192, 4096, 32, 512, 16]
Samsung_cost: [9497310730.0, [1549091.0, 12392993, 396549116, 3101729, 49793724, 389985]] [15325917198.0, [2473071.0, 19783791, 633078168, 4912239, 85328280, 668271]] [1278357560, [208650, 1669140, 53412240, 417300, 6676880, 52170]] [20852634864, [3403412, 27227176, 871269392, 6806824, 108909584, 850868]] [1488789120, [242994, 1943910, 62204952, 485982, 7775640, 60753]] [1175161942926.0, [191798295.0, 1534385247, 49100323449, 383602047, 6138057081, 47954907]] [36349677950, [5932560, 47460411, 1518733152, 11899963, 189843296, 1487504]]
Model_cost: [3454199234.7777777, [1155.0277777777778, 3202401, 102452412, 260385, 49399997, 120738]] [3905501934.0, [29511.0, 2666607, 85328280, 86895, 77870232, 184479]] [301284896, [32, 195220, 6246800, 13140, 6246800, 13130]] [5038809584.0, [9978.0, 3327912, 106001424, 38704, 103508112, 218266]] [381897628, [241, 254774, 8140312, 4526, 7767768, 16731]] [295882513046.0, [4077.0, 191813655, 6138011769, 5340891, 6137123253, 14212793]] [1235766348.0, [252.5, 806651, 25807008, 29923, 25504800, 57136]]
Arch_Param: [64, 8192, 4096, 32, 1024, 16]
Samsung_cost: [9472529930.0, [1549091.0, 6197793, 396549116, 3101729, 49793724, 389985]] [15286349838.0, [2473071.0, 9891951, 633078168, 4912239, 85328280, 668271]] [1275019060, [208650, 834570, 53412240, 417290, 6676880, 52170]] [20798180072, [3403412, 13613588, 871269392, 6806804, 108909584, 850868]] [1484901312, [242994, 971958, 62204952, 485982, 7775640, 60753]] [1172093172750.0, [191798295.0, 767192703, 49100323449, 383602047, 6138057081, 47954907]] [36254756518, [5932560, 23730207, 1518733152, 11899935, 189843296, 1487504]]
Model_cost: [3447823298.7777777, [1155.0277777777778, 1608417, 102452412, 260385, 49399997, 120738]] [3900168942.0, [29511.0, 1333359, 85328280, 86895, 77870232, 184479]] [300919836, [32, 104010, 6246800, 13130, 6246800, 13130]] [5032219880.0, [9978.0, 1680596, 106001424, 38684, 103508112, 218266]] [381389116, [241, 127646, 8140312, 4526, 7767768, 16731]] [295498887590.0, [4077.0, 95907291, 6138011769, 5340891, 6137123253, 14212793]] [1234154868.0, [252.5, 403935, 25807008, 29895, 25504800, 57136]]
Arch_Param: [64, 8192, 2048, 4, 256, 16]
Samsung_cost: [19823444880.0, [6413989.0, 51312164, 820922876, 6444068, 102001340, 797857]] [15474294798.0, [4946031.0, 39567471, 633078168, 4912239, 85328280, 668271]] [1290876220, [417290, 3338270, 53412240, 417310, 6676880, 52170]] [21056839164, [6806804, 54454342, 871269392, 6806854, 108909584, 850868]] [1586051468, [512710, 4101638, 65626136, 512710, 8203288, 64094]] [1186669831086.0, [383596431.0, 3068770335, 49100323449, 383602047, 6138057081, 47954907]] [37241866192, [12043283, 96346230, 1541539680, 12113014, 192137056, 1505424]]
Model_cost: [14971070574.0, [14895.5, 41814564, 668963196, 1706852, 49399997, 120738]] [3916991118.0, [58911.0, 5333103, 85328280, 86895, 77870232, 184479]] [302066544, [53, 390430, 6246800, 13150, 6246800, 13130]] [5052318616, [19934, 6635334, 106001424, 38734, 103508112, 218263]] [923012264, [2826, 2171654, 34713624, 87366, 7767768, 19803]] [296649873662.0, [7995.0, 383626383, 6138011769, 5340891, 6137123253, 14212793]] [1382205618.0, [946.5, 2054902, 32837664, 66910, 25504800, 57136]]
Arch_Param: [64, 8192, 2048, 4, 512, 16]
Samsung_cost: [19720821570.0, [6413989.0, 25656353, 820922876, 6444065, 102001340, 797857]] [15395160078.0, [4946031.0, 19783791, 633078168, 4912239, 85328280, 668271]] [1284199480, [417290, 1669140, 53412240, 417300, 6676880, 52170]] [20947929840, [6806804, 27227176, 871269392, 6806824, 108909584, 850868]] [1577848204, [512710, 2050822, 65626136, 512710, 8203288, 64094]] [1180532290734.0, [383596431.0, 1534385247, 49100323449, 383602047, 6138057081, 47954907]] [37049172434, [12043283, 48173115, 1541539680, 12112955, 192137056, 1505424]]
Model_cost: [14887442464.0, [14895.5, 20907553, 668963196, 1706849, 49399997, 120738]] [3906325134.0, [58911.0, 2666607, 85328280, 86895, 77870232, 184479]] [301285484, [53, 195220, 6246800, 13140, 6246800, 13130]] [5039088268, [19934, 3327912, 106001424, 38704, 103508112, 218263]] [918677160, [2826, 1087878, 34713624, 87366, 7767768, 19803]] [295882622750.0, [7995.0, 191813655, 6138011769, 5340891, 6137123253, 14212793]] [1378094516.0, [946.5, 1027451, 32837664, 66851, 25504800, 57136]]
Arch_Param: [64, 8192, 2048, 4, 1024, 16]
Samsung_cost: [19669535554.0, [6413989.0, 12834849, 820922876, 6444065, 102001340, 797857]] [15355592718.0, [4946031.0, 9891951, 633078168, 4912239, 85328280, 668271]] [1280860980, [417290, 834570, 53412240, 417290, 6676880, 52170]] [20893475048, [6806804, 13613588, 871269392, 6806804, 108909584, 850868]] [1573746572, [512710, 1025414, 65626136, 512710, 8203288, 64094]] [1177463520558.0, [383596431.0, 767192703, 49100323449, 383602047, 6138057081, 47954907]] [36952825594, [12043283, 24086559, 1541539680, 12112927, 192137056, 1505424]]
Model_cost: [14845839904.0, [14895.5, 10506913, 668963196, 1706849, 49399997, 120738]] [3900992142.0, [58911.0, 1333359, 85328280, 86895, 77870232, 184479]] [300920424, [53, 104010, 6246800, 13130, 6246800, 13130]] [5032498564, [19934, 1680596, 106001424, 38684, 103508112, 218263]] [916509608, [2826, 545990, 34713624, 87366, 7767768, 19803]] [295498997294.0, [7995.0, 95907291, 6138011769, 5340891, 6137123253, 14212793]] [1376055260.0, [946.5, 517791, 32837664, 66823, 25504800, 57136]]
Arch_Param: [64, 8192, 2048, 8, 256, 16]
Samsung_cost: [9960864912.0, [3220645.0, 25765412, 412205564, 3236900, 51464892, 403041]] [15474294798.0, [4946031.0, 39567471, 633078168, 4912239, 85328280, 668271]] [1290876220, [417290, 3338270, 53412240, 417310, 6676880, 52170]] [21056839164, [6806804, 54454342, 871269392, 6806854, 108909584, 850868]] [1527943164, [493926, 3951366, 63221784, 493926, 7902744, 61746]] [1186669831086.0, [383596431.0, 3068770335, 49100323449, 383602047, 6138057081, 47954907]] [36781658064, [11889683, 95117430, 1521878880, 11924598, 190236512, 1490576]]
Model_cost: [8679212174.0, [7943.5, 22447780, 359125692, 913828, 49399997, 120738]] [3916991118.0, [58911.0, 5333103, 85328280, 86895, 77870232, 184479]] [302066544, [53, 390430, 6246800, 13150, 6246800, 13130]] [5052318616, [19934, 6635334, 106001424, 38734, 103508112, 218263]] [570532528, [1416, 1085830, 17356824, 43686, 7767768, 19803]] [296649873662.0, [7995.0, 383626383, 6138011769, 5340891, 6137123253, 14212793]] [1294206254.0, [667.5, 1783542, 28515872, 45534, 25504800, 57136]]
Arch_Param: [64, 8192, 2048, 8, 512, 16]
Samsung_cost: [9909335106.0, [3220645.0, 12882977, 412205564, 3236897, 51464892, 403041]] [15395160078.0, [4946031.0, 19783791, 633078168, 4912239, 85328280, 668271]] [1284199480, [417290, 1669140, 53412240, 417300, 6676880, 52170]] [20947929840, [6806804, 27227176, 871269392, 6806824, 108909584, 850868]] [1520040444, [493926, 1975686, 63221784, 493926, 7902744, 61746]] [1180532290734.0, [383596431.0, 1534385247, 49100323449, 383602047, 6138057081, 47954907]] [36591421906, [11889683, 47558715, 1521878880, 11924539, 190236512, 1490576]]
Model_cost: [8634317632.0, [7943.5, 11224161, 359125692, 913825, 49399997, 120738]] [3906325134.0, [58911.0, 2666607, 85328280, 86895, 77870232, 184479]] [301285484, [53, 195220, 6246800, 13140, 6246800, 13130]] [5039088268, [19934, 3327912, 106001424, 38704, 103508112, 218263]] [568364976, [1416, 543942, 17356824, 43686, 7767768, 19803]] [295882622750.0, [7995.0, 191813655, 6138011769, 5340891, 6137123253, 14212793]] [1290637872.0, [667.5, 891771, 28515872, 45475, 25504800, 57136]]
Arch_Param: [64, 8192, 2048, 8, 1024, 16]
Samsung_cost: [9883583554.0, [3220645.0, 6445089, 412205564, 3236897, 51464892, 403041]] [15355592718.0, [4946031.0, 9891951, 633078168, 4912239, 85328280, 668271]] [1280860980, [417290, 834570, 53412240, 417290, 6676880, 52170]] [20893475048, [6806804, 13613588, 871269392, 6806804, 108909584, 850868]] [1516089084, [493926, 987846, 63221784, 493926, 7902744, 61746]] [1177463520558.0, [383596431.0, 767192703, 49100323449, 383602047, 6138057081, 47954907]] [36496303866, [11889683, 23779359, 1521878880, 11924511, 190236512, 1490576]]
Model_cost: [8611976512.0, [7943.5, 5638881, 359125692, 913825, 49399997, 120738]] [3900992142.0, [58911.0, 1333359, 85328280, 86895, 77870232, 184479]] [300920424, [53, 104010, 6246800, 13130, 6246800, 13130]] [5032498564, [19934, 1680596, 106001424, 38684, 103508112, 218263]] [567281200, [1416, 272998, 17356824, 43686, 7767768, 19803]] [295498997294.0, [7995.0, 95907291, 6138011769, 5340891, 6137123253, 14212793]] [1288862296.0, [667.5, 448031, 28515872, 45447, 25504800, 57136]]
Arch_Param: [64, 8192, 2048, 16, 256, 16]
Samsung_cost: [9713791120.0, [3138981.0, 25112100, 401767932, 3146788, 50350780, 394337]] [15474294798.0, [4946031.0, 39567471, 633078168, 4912239, 85328280, 668271]] [1290876220, [417290, 3338270, 53412240, 417310, 6676880, 52170]] [21056839164, [6806804, 54454342, 871269392, 6806854, 108909584, 850868]] [1511559988, [488630, 3908998, 62543896, 488630, 7818008, 61084]] [1186669831086.0, [383596431.0, 3068770335, 49100323449, 383602047, 6138057081, 47954907]] [36730974160, [11873299, 94986358, 1519781728, 11908214, 189974368, 1488528]]
Model_cost: [5534425294.0, [4471.5, 12767908, 204263100, 517540, 49399997, 120738]] [3916991118.0, [58911.0, 5333103, 85328280, 86895, 77870232, 184479]] [302066544, [53, 390430, 6246800, 13150, 6246800, 13130]] [5052318616, [19934, 6635334, 106001424, 38734, 103508112, 218263]] [393851828, [711, 542918, 8678424, 5718, 7767768, 16731]] [296649873662.0, [7995.0, 383626383, 6138011769, 5340891, 6137123253, 14212793]] [1250184044.0, [528.0, 1647862, 26354976, 33822, 25504800, 57136]]
Arch_Param: [64, 8192, 2048, 16, 512, 16]
Samsung_cost: [9663567938.0, [3138981.0, 12556321, 401767932, 3146785, 50350780, 394337]] [15395160078.0, [4946031.0, 19783791, 633078168, 4912239, 85328280, 668271]] [1284199480, [417290, 1669140, 53412240, 417300, 6676880, 52170]] [20947929840, [6806804, 27227176, 871269392, 6806824, 108909584, 850868]] [1503742004, [488630, 1954502, 62543896, 488630, 7818008, 61084]] [1180532290734.0, [383596431.0, 1534385247, 49100323449, 383602047, 6138057081, 47954907]] [36541000146, [11873299, 47493179, 1519781728, 11908155, 189974368, 1488528]]
Model_cost: [5508890496.0, [4471.5, 6384225, 204263100, 517537, 49399997, 120738]] [3906325134.0, [58911.0, 2666607, 85328280, 86895, 77870232, 184479]] [301285484, [53, 195220, 6246800, 13140, 6246800, 13130]] [5039088268, [19934, 3327912, 106001424, 38704, 103508112, 218263]] [392768052, [711, 271974, 8678424, 5718, 7767768, 16731]] [295882622750.0, [7995.0, 191813655, 6138011769, 5340891, 6137123253, 14212793]] [1246887022.0, [528.0, 823931, 26354976, 33763, 25504800, 57136]]
Arch_Param: [64, 8192, 2048, 16, 1024, 16]
Samsung_cost: [9638463554.0, [3138981.0, 6280225, 401767932, 3146785, 50350780, 394337]] [15355592718.0, [4946031.0, 9891951, 633078168, 4912239, 85328280, 668271]] [1280860980, [417290, 834570, 53412240, 417290, 6676880, 52170]] [20893475048, [6806804, 13613588, 871269392, 6806804, 108909584, 850868]] [1499833012, [488630, 977254, 62543896, 488630, 7818008, 61084]] [1177463520558.0, [383596431.0, 767192703, 49100323449, 383602047, 6138057081, 47954907]] [36446013178, [11873299, 23746591, 1519781728, 11908127, 189974368, 1488528]]
Model_cost: [5496177024.0, [4471.5, 3205857, 204263100, 517537, 49399997, 120738]] [3900992142.0, [58911.0, 1333359, 85328280, 86895, 77870232, 184479]] [300920424, [53, 104010, 6246800, 13130, 6246800, 13130]] [5032498564, [19934, 1680596, 106001424, 38684, 103508112, 218263]] [392226164, [711, 136502, 8678424, 5718, 7767768, 16731]] [295498997294.0, [7995.0, 95907291, 6138011769, 5340891, 6137123253, 14212793]] [1245243286.0, [528.0, 413151, 26354976, 33735, 25504800, 57136]]
Arch_Param: [64, 8192, 2048, 32, 256, 16]
Samsung_cost: [9590254224.0, [3098149.0, 24785444, 396549116, 3101732, 49793724, 389985]] [15474294798.0, [4946031.0, 39567471, 633078168, 4912239, 85328280, 668271]] [1290876220, [417290, 3338270, 53412240, 417310, 6676880, 52170]] [21056839164, [6806804, 54454342, 871269392, 6806854, 108909584, 850868]] [1503368400, [485982, 3887814, 62204952, 485982, 7775640, 60753]] [1186669831086.0, [383596431.0, 3068770335, 49100323449, 383602047, 6138057081, 47954907]] [36705632208, [11865107, 94920822, 1518733152, 11900022, 189843296, 1487504]]
Model_cost: [3467038054.0, [2273.5, 6404260, 102452412, 260388, 49399997, 120738]] [3916991118.0, [58911.0, 5333103, 85328280, 86895, 77870232, 184479]] [302066544, [53, 390430, 6246800, 13150, 6246800, 13130]] [5052318616, [19934, 6635334, 106001424, 38734, 103508112, 218263]] [382921204, [475, 509030, 8140312, 4526, 7767768, 16731]] [296649873662.0, [7995.0, 383626383, 6138011769, 5340891, 6137123253, 14212793]] [1239000648.0, [481.0, 1613302, 25807008, 29982, 25504800, 57136]]
Arch_Param: [64, 8192, 2048, 32, 512, 16]
Samsung_cost: [9540684354.0, [3098149.0, 12392993, 396549116, 3101729, 49793724, 389985]] [15395160078.0, [4946031.0, 19783791, 633078168, 4912239, 85328280, 668271]] [1284199480, [417290, 1669140, 53412240, 417300, 6676880, 52170]] [20947929840, [6806804, 27227176, 871269392, 6806824, 108909584, 850868]] [1495592784, [485982, 1943910, 62204952, 485982, 7775640, 60753]] [1180532290734.0, [383596431.0, 1534385247, 49100323449, 383602047, 6138057081, 47954907]] [36515789266, [11865107, 47460411, 1518733152, 11899963, 189843296, 1487504]]
Model_cost: [3454230552.0, [2273.5, 3202401, 102452412, 260385, 49399997, 120738]] [3906325134.0, [58911.0, 2666607, 85328280, 86895, 77870232, 184479]] [301285484, [53, 195220, 6246800, 13140, 6246800, 13130]] [5039088268, [19934, 3327912, 106001424, 38704, 103508112, 218263]] [381904180, [475, 254774, 8140312, 4526, 7767768, 16731]] [295882622750.0, [7995.0, 191813655, 6138011769, 5340891, 6137123253, 14212793]] [1235772746.0, [481.0, 806651, 25807008, 29923, 25504800, 57136]]
Arch_Param: [64, 8192, 2048, 32, 1024, 16]
Samsung_cost: [9515903554.0, [3098149.0, 6197793, 396549116, 3101729, 49793724, 389985]] [15355592718.0, [4946031.0, 9891951, 633078168, 4912239, 85328280, 668271]] [1280860980, [417290, 834570, 53412240, 417290, 6676880, 52170]] [20893475048, [6806804, 13613588, 871269392, 6806804, 108909584, 850868]] [1491704976, [485982, 971958, 62204952, 485982, 7775640, 60753]] [1177463520558.0, [383596431.0, 767192703, 49100323449, 383602047, 6138057081, 47954907]] [36420867834, [11865107, 23730207, 1518733152, 11899935, 189843296, 1487504]]
Model_cost: [3447854616.0, [2273.5, 1608417, 102452412, 260385, 49399997, 120738]] [3900992142.0, [58911.0, 1333359, 85328280, 86895, 77870232, 184479]] [300920424, [53, 104010, 6246800, 13130, 6246800, 13130]] [5032498564, [19934, 1680596, 106001424, 38684, 103508112, 218263]] [381395668, [475, 127646, 8140312, 4526, 7767768, 16731]] [295498997294.0, [7995.0, 95907291, 6138011769, 5340891, 6137123253, 14212793]] [1234161266.0, [481.0, 403935, 25807008, 29895, 25504800, 57136]]
Arch_Param: [64, 8192, 1024, 4, 256, 16]
Samsung_cost: [20003035648.0, [12827945.0, 51312164, 820922876, 6444068, 102001340, 797857]] [15612780558, [9891951, 39567471, 633078168, 4912239, 85328280, 668271]] [1302560060, [834570, 3338270, 53412240, 417310, 6676880, 52170]] [21247429116, [13613588, 54454342, 871269392, 6806854, 108909584, 850868]] [1600407180, [1025414, 4101638, 65626136, 512710, 8203288, 64094]] [1197410526702, [767192703, 3068770335, 49100323449, 383602047, 6138057081, 47954907]] [37579077920, [24086559, 96346230, 1541539680, 12113014, 192137056, 1505424]]
Model_cost: [14971486444.0, [29748.0, 41814564, 668963196, 1706852, 49399997, 120738]] [3918637518.0, [117711.0, 5333103, 85328280, 86895, 77870232, 184479]] [302067720, [95, 390430, 6246800, 13150, 6246800, 13130]] [5052875872, [39836, 6635334, 106001424, 38734, 103508112, 218263]] [923091224, [5646, 2171654, 34713624, 87366, 7767768, 19803]] [296650093070.0, [15831.0, 383626383, 6138011769, 5340891, 6137123253, 14212793]] [1382231728.0, [1879.0, 2054902, 32837664, 66910, 25504800, 57136]]
Arch_Param: [64, 8192, 1024, 4, 512, 16]
Samsung_cost: [19900412338.0, [12827945.0, 25656353, 820922876, 6444065, 102001340, 797857]] [15533645838, [9891951, 19783791, 633078168, 4912239, 85328280, 668271]] [1295883320, [834570, 1669140, 53412240, 417300, 6676880, 52170]] [21138519792, [13613588, 27227176, 871269392, 6806824, 108909584, 850868]] [1592203916, [1025414, 2050822, 65626136, 512710, 8203288, 64094]] [1191272986350, [767192703, 1534385247, 49100323449, 383602047, 6138057081, 47954907]] [37386384162, [24086559, 48173115, 1541539680, 12112955, 192137056, 1505424]]
Model_cost: [14887858334.0, [29748.0, 20907553, 668963196, 1706849, 49399997, 120738]] [3907971534.0, [117711.0, 2666607, 85328280, 86895, 77870232, 184479]] [301286660, [95, 195220, 6246800, 13140, 6246800, 13130]] [5039645524, [39836, 3327912, 106001424, 38704, 103508112, 218263]] [918756120, [5646, 1087878, 34713624, 87366, 7767768, 19803]] [295882842158.0, [15831.0, 191813655, 6138011769, 5340891, 6137123253, 14212793]] [1378120626.0, [1879.0, 1027451, 32837664, 66851, 25504800, 57136]]
Arch_Param: [64, 8192, 1024, 4, 1024, 16]
Samsung_cost: [19849126322.0, [12827945.0, 12834849, 820922876, 6444065, 102001340, 797857]] [15494078478, [9891951, 9891951, 633078168, 4912239, 85328280, 668271]] [1292544820, [834570, 834570, 53412240, 417290, 6676880, 52170]] [21084065000, [13613588, 13613588, 871269392, 6806804, 108909584, 850868]] [1588102284, [1025414, 1025414, 65626136, 512710, 8203288, 64094]] [1188204216174, [767192703, 767192703, 49100323449, 383602047, 6138057081, 47954907]] [37290037322, [24086559, 24086559, 1541539680, 12112927, 192137056, 1505424]]
Model_cost: [14846255774.0, [29748.0, 10506913, 668963196, 1706849, 49399997, 120738]] [3902638542.0, [117711.0, 1333359, 85328280, 86895, 77870232, 184479]] [300921600, [95, 104010, 6246800, 13130, 6246800, 13130]] [5033055820, [39836, 1680596, 106001424, 38684, 103508112, 218263]] [916588568, [5646, 545990, 34713624, 87366, 7767768, 19803]] [295499216702.0, [15831.0, 95907291, 6138011769, 5340891, 6137123253, 14212793]] [1376081370.0, [1879.0, 517791, 32837664, 66823, 25504800, 57136]]
Arch_Param: [64, 8192, 1024, 8, 256, 16]
Samsung_cost: [10051042048.0, [6441257.0, 25765412, 412205564, 3236900, 51464892, 403041]] [15612780558, [9891951, 39567471, 633078168, 4912239, 85328280, 668271]] [1302560060, [834570, 3338270, 53412240, 417310, 6676880, 52170]] [21247429116, [13613588, 54454342, 871269392, 6806854, 108909584, 850868]] [1541772924, [987846, 3951366, 63221784, 493926, 7902744, 61746]] [1197410526702, [767192703, 3068770335, 49100323449, 383602047, 6138057081, 47954907]] [37114568992, [23779359, 95117430, 1521878880, 11924598, 190236512, 1490576]]
Model_cost: [8679433360.0, [15843.0, 22447780, 359125692, 913828, 49399997, 120738]] [3918637518.0, [117711.0, 5333103, 85328280, 86895, 77870232, 184479]] [302067720, [95, 390430, 6246800, 13150, 6246800, 13130]] [5052875872, [39836, 6635334, 106001424, 38734, 103508112, 218263]] [570572008, [2826, 1085830, 17356824, 43686, 7767768, 19803]] [296650093070.0, [15831.0, 383626383, 6138011769, 5340891, 6137123253, 14212793]] [1294224748.0, [1328.0, 1783542, 28515872, 45534, 25504800, 57136]]
Arch_Param: [64, 8192, 1024, 8, 512, 16]
Samsung_cost: [9999512242.0, [6441257.0, 12882977, 412205564, 3236897, 51464892, 403041]] [15533645838, [9891951, 19783791, 633078168, 4912239, 85328280, 668271]] [1295883320, [834570, 1669140, 53412240, 417300, 6676880, 52170]] [21138519792, [13613588, 27227176, 871269392, 6806824, 108909584, 850868]] [1533870204, [987846, 1975686, 63221784, 493926, 7902744, 61746]] [1191272986350, [767192703, 1534385247, 49100323449, 383602047, 6138057081, 47954907]] [36924332834, [23779359, 47558715, 1521878880, 11924539, 190236512, 1490576]]
Model_cost: [8634538818.0, [15843.0, 11224161, 359125692, 913825, 49399997, 120738]] [3907971534.0, [117711.0, 2666607, 85328280, 86895, 77870232, 184479]] [301286660, [95, 195220, 6246800, 13140, 6246800, 13130]] [5039645524, [39836, 3327912, 106001424, 38704, 103508112, 218263]] [568404456, [2826, 543942, 17356824, 43686, 7767768, 19803]] [295882842158.0, [15831.0, 191813655, 6138011769, 5340891, 6137123253, 14212793]] [1290656366.0, [1328.0, 891771, 28515872, 45475, 25504800, 57136]]
Arch_Param: [64, 8192, 1024, 8, 1024, 16]
Samsung_cost: [9973760690.0, [6441257.0, 6445089, 412205564, 3236897, 51464892, 403041]] [15494078478, [9891951, 9891951, 633078168, 4912239, 85328280, 668271]] [1292544820, [834570, 834570, 53412240, 417290, 6676880, 52170]] [21084065000, [13613588, 13613588, 871269392, 6806804, 108909584, 850868]] [1529918844, [987846, 987846, 63221784, 493926, 7902744, 61746]] [1188204216174, [767192703, 767192703, 49100323449, 383602047, 6138057081, 47954907]] [36829214794, [23779359, 23779359, 1521878880, 11924511, 190236512, 1490576]]
Model_cost: [8612197698.0, [15843.0, 5638881, 359125692, 913825, 49399997, 120738]] [3902638542.0, [117711.0, 1333359, 85328280, 86895, 77870232, 184479]] [300921600, [95, 104010, 6246800, 13130, 6246800, 13130]] [5033055820, [39836, 1680596, 106001424, 38684, 103508112, 218263]] [567320680, [2826, 272998, 17356824, 43686, 7767768, 19803]] [295499216702.0, [15831.0, 95907291, 6138011769, 5340891, 6137123253, 14212793]] [1288880790.0, [1328.0, 448031, 28515872, 45447, 25504800, 57136]]
Arch_Param: [64, 8192, 1024, 16, 256, 16]
Samsung_cost: [9801681664.0, [6277929.0, 25112100, 401767932, 3146788, 50350780, 394337]] [15612780558, [9891951, 39567471, 633078168, 4912239, 85328280, 668271]] [1302560060, [834570, 3338270, 53412240, 417310, 6676880, 52170]] [21247429116, [13613588, 54454342, 871269392, 6806854, 108909584, 850868]] [1525241460, [977254, 3908998, 62543896, 488630, 7818008, 61084]] [1197410526702, [767192703, 3068770335, 49100323449, 383602047, 6138057081, 47954907]] [37063426336, [23746591, 94986358, 1519781728, 11908214, 189974368, 1488528]]
Model_cost: [5534549264.0, [8899.0, 12767908, 204263100, 517540, 49399997, 120738]] [3918637518.0, [117711.0, 5333103, 85328280, 86895, 77870232, 184479]] [302067720, [95, 390430, 6246800, 13150, 6246800, 13130]] [5052875872, [39836, 6635334, 106001424, 38734, 103508112, 218263]] [393871568, [1416, 542918, 8678424, 5718, 7767768, 16731]] [296650093070.0, [15831.0, 383626383, 6138011769, 5340891, 6137123253, 14212793]] [1250198632.0, [1049.0, 1647862, 26354976, 33822, 25504800, 57136]]
Arch_Param: [64, 8192, 1024, 16, 512, 16]
Samsung_cost: [9751458482.0, [6277929.0, 12556321, 401767932, 3146785, 50350780, 394337]] [15533645838, [9891951, 19783791, 633078168, 4912239, 85328280, 668271]] [1295883320, [834570, 1669140, 53412240, 417300, 6676880, 52170]] [21138519792, [13613588, 27227176, 871269392, 6806824, 108909584, 850868]] [1517423476, [977254, 1954502, 62543896, 488630, 7818008, 61084]] [1191272986350, [767192703, 1534385247, 49100323449, 383602047, 6138057081, 47954907]] [36873452322, [23746591, 47493179, 1519781728, 11908155, 189974368, 1488528]]
Model_cost: [5509014466.0, [8899.0, 6384225, 204263100, 517537, 49399997, 120738]] [3907971534.0, [117711.0, 2666607, 85328280, 86895, 77870232, 184479]] [301286660, [95, 195220, 6246800, 13140, 6246800, 13130]] [5039645524, [39836, 3327912, 106001424, 38704, 103508112, 218263]] [392787792, [1416, 271974, 8678424, 5718, 7767768, 16731]] [295882842158.0, [15831.0, 191813655, 6138011769, 5340891, 6137123253, 14212793]] [1246901610.0, [1049.0, 823931, 26354976, 33763, 25504800, 57136]]
Arch_Param: [64, 8192, 1024, 16, 1024, 16]
Samsung_cost: [9726354098.0, [6277929.0, 6280225, 401767932, 3146785, 50350780, 394337]] [15494078478, [9891951, 9891951, 633078168, 4912239, 85328280, 668271]] [1292544820, [834570, 834570, 53412240, 417290, 6676880, 52170]] [21084065000, [13613588, 13613588, 871269392, 6806804, 108909584, 850868]] [1513514484, [977254, 977254, 62543896, 488630, 7818008, 61084]] [1188204216174, [767192703, 767192703, 49100323449, 383602047, 6138057081, 47954907]] [36778465354, [23746591, 23746591, 1519781728, 11908127, 189974368, 1488528]]
Model_cost: [5496300994.0, [8899.0, 3205857, 204263100, 517537, 49399997, 120738]] [3902638542.0, [117711.0, 1333359, 85328280, 86895, 77870232, 184479]] [300921600, [95, 104010, 6246800, 13130, 6246800, 13130]] [5033055820, [39836, 1680596, 106001424, 38684, 103508112, 218263]] [392245904, [1416, 136502, 8678424, 5718, 7767768, 16731]] [295499216702.0, [15831.0, 95907291, 6138011769, 5340891, 6137123253, 14212793]] [1245257874.0, [1049.0, 413151, 26354976, 33735, 25504800, 57136]]
Arch_Param: [64, 8192, 1024, 32, 256, 16]
Samsung_cost: [9677001472.0, [6196265.0, 24785444, 396549116, 3101732, 49793724, 389985]] [15612780558, [9891951, 39567471, 633078168, 4912239, 85328280, 668271]] [1302560060, [834570, 3338270, 53412240, 417310, 6676880, 52170]] [21247429116, [13613588, 54454342, 871269392, 6806854, 108909584, 850868]] [1516975728, [971958, 3887814, 62204952, 485982, 7775640, 60753]] [1197410526702, [767192703, 3068770335, 49100323449, 383602047, 6138057081, 47954907]] [37037855008, [23730207, 94920822, 1518733152, 11900022, 189843296, 1487504]]
Model_cost: [3467100648.0, [4509.0, 6404260, 102452412, 260388, 49399997, 120738]] [3918637518.0, [117711.0, 5333103, 85328280, 86895, 77870232, 184479]] [302067720, [95, 390430, 6246800, 13150, 6246800, 13130]] [5052875872, [39836, 6635334, 106001424, 38734, 103508112, 218263]] [382934308, [943, 509030, 8140312, 4526, 7767768, 16731]] [296650093070.0, [15831.0, 383626383, 6138011769, 5340891, 6137123253, 14212793]] [1239013724.0, [948.0, 1613302, 25807008, 29982, 25504800, 57136]]
Arch_Param: [64, 8192, 1024, 32, 512, 16]
Samsung_cost: [9627431602.0, [6196265.0, 12392993, 396549116, 3101729, 49793724, 389985]] [15533645838, [9891951, 19783791, 633078168, 4912239, 85328280, 668271]] [1295883320, [834570, 1669140, 53412240, 417300, 6676880, 52170]] [21138519792, [13613588, 27227176, 871269392, 6806824, 108909584, 850868]] [1509200112, [971958, 1943910, 62204952, 485982, 7775640, 60753]] [1191272986350, [767192703, 1534385247, 49100323449, 383602047, 6138057081, 47954907]] [36848012066, [23730207, 47460411, 1518733152, 11899963, 189843296, 1487504]]
Model_cost: [3454293146.0, [4509.0, 3202401, 102452412, 260385, 49399997, 120738]] [3907971534.0, [117711.0, 2666607, 85328280, 86895, 77870232, 184479]] [301286660, [95, 195220, 6246800, 13140, 6246800, 13130]] [5039645524, [39836, 3327912, 106001424, 38704, 103508112, 218263]] [381917284, [943, 254774, 8140312, 4526, 7767768, 16731]] [295882842158.0, [15831.0, 191813655, 6138011769, 5340891, 6137123253, 14212793]] [1235785822.0, [948.0, 806651, 25807008, 29923, 25504800, 57136]]
Arch_Param: [64, 8192, 1024, 32, 1024, 16]
Samsung_cost: [9602650802.0, [6196265.0, 6197793, 396549116, 3101729, 49793724, 389985]] [15494078478, [9891951, 9891951, 633078168, 4912239, 85328280, 668271]] [1292544820, [834570, 834570, 53412240, 417290, 6676880, 52170]] [21084065000, [13613588, 13613588, 871269392, 6806804, 108909584, 850868]] [1505312304, [971958, 971958, 62204952, 485982, 7775640, 60753]] [1188204216174, [767192703, 767192703, 49100323449, 383602047, 6138057081, 47954907]] [36753090634, [23730207, 23730207, 1518733152, 11899935, 189843296, 1487504]]
Model_cost: [3447917210.0, [4509.0, 1608417, 102452412, 260385, 49399997, 120738]] [3902638542.0, [117711.0, 1333359, 85328280, 86895, 77870232, 184479]] [300921600, [95, 104010, 6246800, 13130, 6246800, 13130]] [5033055820, [39836, 1680596, 106001424, 38684, 103508112, 218263]] [381408772, [943, 127646, 8140312, 4526, 7767768, 16731]] [295499216702.0, [15831.0, 95907291, 6138011769, 5340891, 6137123253, 14212793]] [1234174342.0, [948.0, 403935, 25807008, 29895, 25504800, 57136]]
