[[0, 0, 0, 0, 0, 0, 0, 0, 0, 0, 0], [0, 0, 0, 0, 0, 0, 0, 0, 0, 0, 0], [0, 0, 0, 0, 0, 0, 0, 0, 0, 0, 0], [0, 0, 0, 0, 0, 0, 0, 0, 0, 0, 0]]
Arch_Param: [32, 16384, 32768, 4, 256, 16]
Samsung_cost: [39212611829.44444, [800029.6944444445, 102405697, 1638358008, 12858433, 203074744, 1587489]] [15344483406.0, [309231.0, 39567471, 633078564, 4912239, 85328676, 668271]] [1279942340.0, [26090.0, 3338290, 53412640, 417330, 6677280, 52170]] [20878212564.0, [425444.0, 54454402, 871270432, 6806914, 108910624, 850868]] [1687824588.0, [34398.0, 4402182, 70434864, 550278, 8804400, 68790]] [1176600451698.0, [23974926.0, 3068770335, 49100323923, 383602047, 6138057555, 47954907]] [37838176376.0, [771920.0, 98803948, 1580863168, 12489964, 195940032, 1535120]]
Model_cost: [27536968457.103333, [1898.1108333333334, 80564801, 1288904952, 2316545, 49400505, 84962]] [5499972462.0, [4011.0, 10223727, 163578660, 201327, 77870628, 92331]] [302085134.6666667, [12.666666666666666, 390450, 6247200, 13170, 6247200, 13130]] [5048980411.333334, [1270.8333333333333, 6635394, 106002464, 38794, 103509152, 115866]] [1625721048.0, [359.0, 4343302, 69427248, 91654, 7767792, 9938]] [420928838723.80005, [821.3500000000001, 767215743, 12275433555, 14219799, 6137123727, 7106490]] [1682778151.4519231, [125.69471153846155, 2983404, 47652928, 113364, 25506688, 39328]]
Arch_Param: [32, 16384, 32768, 4, 512, 16]
Samsung_cost: [39007800835.44444, [800029.6944444445, 51203108, 1638358008, 12858404, 203074744, 1587489]] [15265348686.0, [309231.0, 19783791, 633078564, 4912239, 85328676, 668271]] [1273265340.0, [26090.0, 1669150, 53412640, 417310, 6677280, 52170]] [20769302460.0, [425444.0, 27227206, 871270432, 6806854, 108910624, 850868]] [1679020236.0, [34398.0, 2201094, 70434864, 550278, 8804400, 68790]] [1170462911346.0, [23974926.0, 1534385247, 49100323923, 383602047, 6138057555, 47954907]] [37640565884.0, [771920.0, 49401974, 1580863168, 12489846, 195940032, 1535120]]
Model_cost: [27375839255.103333, [1898.1108333333334, 40282660, 1288904952, 2316516, 49400505, 84962]] [5479525230.0, [4011.0, 5111919, 163578660, 201327, 77870628, 92331]] [301303814.6666667, [12.666666666666666, 195230, 6247200, 13150, 6247200, 13130]] [5035749283.333334, [1270.8333333333333, 3327942, 106002464, 38734, 103509152, 115866]] [1617053912.0, [359.0, 2176518, 69427248, 91654, 7767792, 9938]] [419394410627.80005, [821.3500000000001, 383608719, 12275433555, 14219799, 6137123727, 7106490]] [1676808747.4519231, [125.69471153846155, 1491702, 47652928, 113246, 25506688, 39328]]
Arch_Param: [32, 16384, 32768, 4, 1024, 16]
Samsung_cost: [38905445813.44444, [800029.6944444445, 25614369, 1638358008, 12858401, 203074744, 1587489]] [15225781326.0, [309231.0, 9891951, 633078564, 4912239, 85328676, 668271]] [1269926840.0, [26090.0, 834580, 53412640, 417300, 6677280, 52170]] [20714847408.0, [425444.0, 13613608, 871270432, 6806824, 108910624, 850868]] [1674618060.0, [34398.0, 1100550, 70434864, 550278, 8804400, 68790]] [1167394141170.0, [23974926.0, 767192703, 49100323923, 383602047, 6138057555, 47954907]] [37541760638.0, [771920.0, 24700987, 1580863168, 12489787, 195940032, 1535120]]
Model_cost: [27295324617.103333, [1898.1108333333334, 20154017, 1288904952, 2316513, 49400505, 84962]] [5469301614.0, [4011.0, 2556015, 163578660, 201327, 77870628, 92331]] [300938754.6666667, [12.666666666666666, 104020, 6247200, 13140, 6247200, 13130]] [5029159319.333334, [1270.8333333333333, 1680616, 106002464, 38704, 103509152, 115866]] [1612720344.0, [359.0, 1093126, 69427248, 91654, 7767792, 9938]] [418627196579.80005, [821.3500000000001, 191805207, 12275433555, 14219799, 6137123727, 7106490]] [1673836589.4519231, [125.69471153846155, 748987, 47652928, 113187, 25506688, 39328]]
Arch_Param: [32, 16384, 32768, 8, 256, 16]
Samsung_cost: [19655103050.77778, [400883.02777777775, 51312193, 820923384, 6444097, 102001848, 797857]] [15344483406.0, [309231.0, 39567471, 633078564, 4912239, 85328676, 668271]] [1279942340.0, [26090.0, 3338290, 53412640, 417330, 6677280, 52170]] [20878212564.0, [425444.0, 54454402, 871270432, 6806914, 108910624, 850868]] [1572594140.0, [32050.0, 4101638, 65626160, 512710, 8203312, 64094]] [1176600451698.0, [23974926.0, 3068770335, 49100323923, 383602047, 6138057555, 47954907]] [36925824120.0, [752720.0, 96346348, 1541541568, 12113132, 192138944, 1505424]]
Model_cost: [14958555743.385, [977.7637500000001, 41814593, 668963704, 1200129, 49400505, 84962]] [3912886566.0, [3789.0, 5333103, 85328676, 86895, 77870628, 92331]] [302085134.6666667, [12.666666666666666, 390450, 6247200, 13170, 6247200, 13130]] [5048980411.333334, [1270.8333333333333, 6635394, 106002464, 38794, 103509152, 115866]] [921749954.4, [202.8, 2171654, 34713648, 45830, 7767792, 9938]] [296450713826.9001, [634.1750000000001, 383626383, 6138012243, 5340891, 6137123727, 7106490]] [1381676486.5801282, [81.09214743589743, 2055020, 32839552, 62484, 25506688, 39328]]
Arch_Param: [32, 16384, 32768, 8, 512, 16]
Samsung_cost: [19552479064.77778, [400883.02777777775, 25656356, 820923384, 6444068, 102001848, 797857]] [15265348686.0, [309231.0, 19783791, 633078564, 4912239, 85328676, 668271]] [1273265340.0, [26090.0, 1669150, 53412640, 417310, 6677280, 52170]] [20769302460.0, [425444.0, 27227206, 871270432, 6806854, 108910624, 850868]] [1564390876.0, [32050.0, 2050822, 65626160, 512710, 8203312, 64094]] [1170462911346.0, [23974926.0, 1534385247, 49100323923, 383602047, 6138057555, 47954907]] [36733128828.0, [752720.0, 48173174, 1541541568, 12113014, 192138944, 1505424]]
Model_cost: [14874926957.385, [977.7637500000001, 20907556, 668963704, 1200100, 49400505, 84962]] [3902220582.0, [3789.0, 2666607, 85328676, 86895, 77870628, 92331]] [301303814.6666667, [12.666666666666666, 195230, 6247200, 13150, 6247200, 13130]] [5035749283.333334, [1270.8333333333333, 3327942, 106002464, 38734, 103509152, 115866]] [917416386.4, [202.8, 1088262, 34713648, 45830, 7767792, 9938]] [295683462914.9001, [634.1750000000001, 191813655, 6138012243, 5340891, 6137123727, 7106490]] [1377563850.5801282, [81.09214743589743, 1027510, 32839552, 62366, 25506688, 39328]]
Arch_Param: [32, 16384, 32768, 8, 1024, 16]
Samsung_cost: [19501192970.77778, [400883.02777777775, 12834849, 820923384, 6444065, 102001848, 797857]] [15225781326.0, [309231.0, 9891951, 633078564, 4912239, 85328676, 668271]] [1269926840.0, [26090.0, 834580, 53412640, 417300, 6677280, 52170]] [20714847408.0, [425444.0, 13613608, 871270432, 6806824, 108910624, 850868]] [1560289244.0, [32050.0, 1025414, 65626160, 512710, 8203312, 64094]] [1167394141170.0, [23974926.0, 767192703, 49100323923, 383602047, 6138057555, 47954907]] [36636781182.0, [752720.0, 24086587, 1541541568, 12112955, 192138944, 1505424]]
Model_cost: [14833137695.385, [977.7637500000001, 10460257, 668963704, 1200097, 49400505, 84962]] [3896887590.0, [3789.0, 1333359, 85328676, 86895, 77870628, 92331]] [300938754.6666667, [12.666666666666666, 104020, 6247200, 13140, 6247200, 13130]] [5029159319.333334, [1270.8333333333333, 1680616, 106002464, 38704, 103509152, 115866]] [915249602.4, [202.8, 546566, 34713648, 45830, 7767792, 9938]] [295299837458.9001, [634.1750000000001, 95907291, 6138012243, 5340891, 6137123727, 7106490]] [1375513804.5801282, [81.09214743589743, 515323, 32839552, 62307, 25506688, 39328]]
Arch_Param: [32, 16384, 32768, 16, 256, 16]
Samsung_cost: [9876348661.444445, [201309.69444444444, 25765441, 412206072, 3236929, 51465400, 403041]] [15344483406.0, [309231.0, 39567471, 633078564, 4912239, 85328676, 668271]] [1279942340.0, [26090.0, 3338290, 53412640, 417330, 6677280, 52170]] [20878212564.0, [425444.0, 54454402, 871270432, 6806914, 108910624, 850868]] [1514978916.0, [30876.0, 3951366, 63221808, 493926, 7902768, 61746]] [1176600451698.0, [23974926.0, 3068770335, 49100323923, 383602047, 6138057555, 47954907]] [36469647992.0, [743120.0, 95117548, 1521880768, 11924716, 190238400, 1490576]]
Model_cost: [8672063282.171667, [564.7204166666667, 22447809, 359126200, 642689, 49400505, 84962]] [3912886566.0, [3789.0, 5333103, 85328676, 86895, 77870628, 92331]] [302085134.6666667, [12.666666666666666, 390450, 6247200, 13170, 6247200, 13130]] [5048980411.333334, [1270.8333333333333, 6635394, 106002464, 38794, 103509152, 115866]] [569763895.2, [106.4, 1085830, 17356848, 22918, 7767792, 9938]] [296450713826.9001, [634.1750000000001, 383626383, 6138012243, 5340891, 6137123727, 7106490]] [1293732271.3044872, [61.975160256410255, 1783660, 28517760, 43284, 25506688, 39328]]
Arch_Param: [32, 16384, 32768, 16, 512, 16]
Samsung_cost: [9824818179.444445, [201309.69444444444, 12882980, 412206072, 3236900, 51465400, 403041]] [15265348686.0, [309231.0, 19783791, 633078564, 4912239, 85328676, 668271]] [1273265340.0, [26090.0, 1669150, 53412640, 417310, 6677280, 52170]] [20769302460.0, [425444.0, 27227206, 871270432, 6806854, 108910624, 850868]] [1507076196.0, [30876.0, 1975686, 63221808, 493926, 7902768, 61746]] [1170462911346.0, [23974926.0, 1534385247, 49100323923, 383602047, 6138057555, 47954907]] [36279410300.0, [743120.0, 47558774, 1521880768, 11924598, 190238400, 1490576]]
Model_cost: [8627168064.171665, [564.7204166666667, 11224164, 359126200, 642660, 49400505, 84962]] [3902220582.0, [3789.0, 2666607, 85328676, 86895, 77870628, 92331]] [301303814.6666667, [12.666666666666666, 195230, 6247200, 13150, 6247200, 13130]] [5035749283.333334, [1270.8333333333333, 3327942, 106002464, 38734, 103509152, 115866]] [567597111.2, [106.4, 544134, 17356848, 22918, 7767792, 9938]] [295683462914.9001, [634.1750000000001, 191813655, 6138012243, 5340891, 6137123727, 7106490]] [1290162355.3044872, [61.975160256410255, 891830, 28517760, 43166, 25506688, 39328]]
Arch_Param: [32, 16384, 32768, 16, 1024, 16]
Samsung_cost: [9799066549.444445, [201309.69444444444, 6445089, 412206072, 3236897, 51465400, 403041]] [15225781326.0, [309231.0, 9891951, 633078564, 4912239, 85328676, 668271]] [1269926840.0, [26090.0, 834580, 53412640, 417300, 6677280, 52170]] [20714847408.0, [425444.0, 13613608, 871270432, 6806824, 108910624, 850868]] [1503124836.0, [30876.0, 987846, 63221808, 493926, 7902768, 61746]] [1167394141170.0, [23974926.0, 767192703, 49100323923, 383602047, 6138057555, 47954907]] [36184291454.0, [743120.0, 23779387, 1521880768, 11924539, 190238400, 1490576]]
Model_cost: [8604733170.171665, [564.7204166666667, 5615457, 359126200, 642657, 49400505, 84962]] [3896887590.0, [3789.0, 1333359, 85328676, 86895, 77870628, 92331]] [300938754.6666667, [12.666666666666666, 104020, 6247200, 13140, 6247200, 13130]] [5029159319.333334, [1270.8333333333333, 1680616, 106002464, 38704, 103509152, 115866]] [566513719.2, [106.4, 273286, 17356848, 22918, 7767792, 9938]] [295299837458.9001, [634.1750000000001, 95907291, 6138012243, 5340891, 6137123727, 7106490]] [1288380597.3044872, [61.975160256410255, 446715, 28517760, 43107, 25506688, 39328]]
Arch_Param: [32, 16384, 32768, 32, 256, 16]
Samsung_cost: [9631418698.777779, [196211.02777777778, 25112129, 401768440, 3146817, 50351288, 394337]] [15344483406.0, [309231.0, 39567471, 633078564, 4912239, 85328676, 668271]] [1279942340.0, [26090.0, 3338290, 53412640, 417330, 6677280, 52170]] [20878212564.0, [425444.0, 54454402, 871270432, 6806914, 108910624, 850868]] [1498734760.0, [30545.0, 3908998, 62543920, 488630, 7818032, 61084]] [1176600451698.0, [23974926.0, 3068770335, 49100323923, 383602047, 6138057555, 47954907]] [36419394168.0, [742096.0, 94986476, 1519783616, 11908332, 189976256, 1488528]]
Model_cost: [5529957110.418333, [356.8720833333333, 12767937, 204263608, 364097, 49400505, 84962]] [3912886566.0, [3789.0, 5333103, 85328676, 86895, 77870628, 92331]] [302085134.6666667, [12.666666666666666, 390450, 6247200, 13170, 6247200, 13130]] [5048980411.333334, [1270.8333333333333, 6635394, 106002464, 38794, 103509152, 115866]] [393630065.6, [58.2, 542918, 8678448, 5062, 7767792, 9938]] [296450713826.9001, [634.1750000000001, 383626383, 6138012243, 5340891, 6137123727, 7106490]] [1249748927.6666667, [53.416666666666664, 1647980, 26356864, 33172, 25506688, 39328]]
Arch_Param: [32, 16384, 32768, 32, 512, 16]
Samsung_cost: [9581194840.777779, [196211.02777777778, 12556324, 401768440, 3146788, 50351288, 394337]] [15265348686.0, [309231.0, 19783791, 633078564, 4912239, 85328676, 668271]] [1273265340.0, [26090.0, 1669150, 53412640, 417310, 6677280, 52170]] [20769302460.0, [425444.0, 27227206, 871270432, 6806854, 108910624, 850868]] [1490916776.0, [30545.0, 1954502, 62543920, 488630, 7818032, 61084]] [1170462911346.0, [23974926.0, 1534385247, 49100323923, 383602047, 6138057555, 47954907]] [36229418620.0, [742096.0, 47493238, 1519783616, 11908214, 189976256, 1488528]]
Model_cost: [5504421636.418333, [356.8720833333333, 6384228, 204263608, 364068, 49400505, 84962]] [3902220582.0, [3789.0, 2666607, 85328676, 86895, 77870628, 92331]] [301303814.6666667, [12.666666666666666, 195230, 6247200, 13150, 6247200, 13130]] [5035749283.333334, [1270.8333333333333, 3327942, 106002464, 38734, 103509152, 115866]] [392546673.6, [58.2, 272070, 8678448, 5062, 7767792, 9938]] [295683462914.9001, [634.1750000000001, 191813655, 6138012243, 5340891, 6137123727, 7106490]] [1246450371.6666667, [53.416666666666664, 823990, 26356864, 33054, 25506688, 39328]]
Arch_Param: [32, 16384, 32768, 32, 1024, 16]
Samsung_cost: [9556090378.777779, [196211.02777777778, 6280225, 401768440, 3146785, 50351288, 394337]] [15225781326.0, [309231.0, 9891951, 633078564, 4912239, 85328676, 668271]] [1269926840.0, [26090.0, 834580, 53412640, 417300, 6677280, 52170]] [20714847408.0, [425444.0, 13613608, 871270432, 6806824, 108910624, 850868]] [1487007784.0, [30545.0, 977254, 62543920, 488630, 7818032, 61084]] [1167394141170.0, [23974926.0, 767192703, 49100323923, 383602047, 6138057555, 47954907]] [36134430846.0, [742096.0, 23746619, 1519783616, 11908155, 189976256, 1488528]]
Model_cost: [5491660470.418333, [356.8720833333333, 3193953, 204263608, 364065, 49400505, 84962]] [3896887590.0, [3789.0, 1333359, 85328676, 86895, 77870628, 92331]] [300938754.6666667, [12.666666666666666, 104020, 6247200, 13140, 6247200, 13130]] [5029159319.333334, [1270.8333333333333, 1680616, 106002464, 38704, 103509152, 115866]] [392004977.6, [58.2, 136646, 8678448, 5062, 7767792, 9938]] [295299837458.9001, [634.1750000000001, 95907291, 6138012243, 5340891, 6137123727, 7106490]] [1244802757.6666667, [53.416666666666664, 412411, 26356864, 32995, 25506688, 39328]]
Arch_Param: [32, 16384, 16384, 4, 256, 16]
Samsung_cost: [39235014176.0, [1600113.5, 102405697, 1638358008, 12858433, 203074744, 1587489]] [15353138766.0, [618351.0, 39567471, 633078564, 4912239, 85328676, 668271]] [1280672580.0, [52170.0, 3338290, 53412640, 417330, 6677280, 52170]] [20890124436.0, [850868.0, 54454402, 871270432, 6806914, 108910624, 850868]] [1688787564.0, [68790.0, 4402182, 70434864, 550278, 8804400, 68790]] [1177271745174.0, [47949693.0, 3068770335, 49100323923, 383602047, 6138057555, 47954907]] [37859789688.0, [1543824.0, 98803948, 1580863168, 12489964, 195940032, 1535120]]
Model_cost: [27537017968.12162, [3666.3614864864867, 80564801, 1288904952, 2316545, 49400505, 84962]] [5500081662.0, [7911.0, 10223727, 163578660, 201327, 77870628, 92331]] [302085209.3333333, [15.333333333333332, 390450, 6247200, 13170, 6247200, 13130]] [5049015154.666666, [2511.6666666666665, 6635394, 106002464, 38794, 103509152, 115866]] [1625730904.0, [711.0, 4343302, 69427248, 91654, 7767792, 9938]] [420928857269.5999, [1483.7000000000003, 767215743, 12275433555, 14219799, 6137123727, 7106490]] [1682781052.75, [229.3125, 2983404, 47652928, 113364, 25506688, 39328]]
Arch_Param: [32, 16384, 16384, 4, 512, 16]
Samsung_cost: [39030203182.0, [1600113.5, 51203108, 1638358008, 12858404, 203074744, 1587489]] [15274004046.0, [618351.0, 19783791, 633078564, 4912239, 85328676, 668271]] [1273995580.0, [52170.0, 1669150, 53412640, 417310, 6677280, 52170]] [20781214332.0, [850868.0, 27227206, 871270432, 6806854, 108910624, 850868]] [1679983212.0, [68790.0, 2201094, 70434864, 550278, 8804400, 68790]] [1171134204822.0, [47949693.0, 1534385247, 49100323923, 383602047, 6138057555, 47954907]] [37662179196.0, [1543824.0, 49401974, 1580863168, 12489846, 195940032, 1535120]]
Model_cost: [27375888766.12162, [3666.3614864864867, 40282660, 1288904952, 2316516, 49400505, 84962]] [5479634430.0, [7911.0, 5111919, 163578660, 201327, 77870628, 92331]] [301303889.3333333, [15.333333333333332, 195230, 6247200, 13150, 6247200, 13130]] [5035784026.666666, [2511.6666666666665, 3327942, 106002464, 38734, 103509152, 115866]] [1617063768.0, [711.0, 2176518, 69427248, 91654, 7767792, 9938]] [419394429173.5999, [1483.7000000000003, 383608719, 12275433555, 14219799, 6137123727, 7106490]] [1676811648.75, [229.3125, 1491702, 47652928, 113246, 25506688, 39328]]
Arch_Param: [32, 16384, 16384, 4, 1024, 16]
Samsung_cost: [38927848160.0, [1600113.5, 25614369, 1638358008, 12858401, 203074744, 1587489]] [15234436686.0, [618351.0, 9891951, 633078564, 4912239, 85328676, 668271]] [1270657080.0, [52170.0, 834580, 53412640, 417300, 6677280, 52170]] [20726759280.0, [850868.0, 13613608, 871270432, 6806824, 108910624, 850868]] [1675581036.0, [68790.0, 1100550, 70434864, 550278, 8804400, 68790]] [1168065434646.0, [47949693.0, 767192703, 49100323923, 383602047, 6138057555, 47954907]] [37563373950.0, [1543824.0, 24700987, 1580863168, 12489787, 195940032, 1535120]]
Model_cost: [27295374128.12162, [3666.3614864864867, 20154017, 1288904952, 2316513, 49400505, 84962]] [5469410814.0, [7911.0, 2556015, 163578660, 201327, 77870628, 92331]] [300938829.3333333, [15.333333333333332, 104020, 6247200, 13140, 6247200, 13130]] [5029194062.666666, [2511.6666666666665, 1680616, 106002464, 38704, 103509152, 115866]] [1612730200.0, [711.0, 1093126, 69427248, 91654, 7767792, 9938]] [418627215125.5999, [1483.7000000000003, 191805207, 12275433555, 14219799, 6137123727, 7106490]] [1673839490.75, [229.3125, 748987, 47652928, 113187, 25506688, 39328]]
Arch_Param: [32, 16384, 16384, 8, 256, 16]
Samsung_cost: [19666328096.0, [801777.5, 51312193, 820923384, 6444097, 102001848, 797857]] [15353138766.0, [618351.0, 39567471, 633078564, 4912239, 85328676, 668271]] [1280672580.0, [52170.0, 3338290, 53412640, 417330, 6677280, 52170]] [20890124436.0, [850868.0, 54454402, 871270432, 6806914, 108910624, 850868]] [1573491372.0, [64094.0, 4101638, 65626160, 512710, 8203312, 64094]] [1177271745174.0, [47949693.0, 3068770335, 49100323923, 383602047, 6138057555, 47954907]] [36946899832.0, [1505424.0, 96346348, 1541541568, 12113132, 192138944, 1505424]]
Model_cost: [14958582236.06081, [1923.9307432432433, 41814593, 668963704, 1200129, 49400505, 84962]] [3912989550.0, [7467.0, 5333103, 85328676, 86895, 77870628, 92331]] [302085209.3333333, [15.333333333333332, 390450, 6247200, 13170, 6247200, 13130]] [5049015154.666666, [2511.6666666666665, 6635394, 106002464, 38794, 103509152, 115866]] [921754328.0, [359.0, 2171654, 34713648, 45830, 7767792, 9938]] [296450727131.7999, [1109.3500000000001, 383626383, 6138012243, 5340891, 6137123727, 7106490]] [1381678312.75, [146.3125, 2055020, 32839552, 62484, 25506688, 39328]]
Arch_Param: [32, 16384, 16384, 8, 512, 16]
Samsung_cost: [19563704110.0, [801777.5, 25656356, 820923384, 6444068, 102001848, 797857]] [15274004046.0, [618351.0, 19783791, 633078564, 4912239, 85328676, 668271]] [1273995580.0, [52170.0, 1669150, 53412640, 417310, 6677280, 52170]] [20781214332.0, [850868.0, 27227206, 871270432, 6806854, 108910624, 850868]] [1565288108.0, [64094.0, 2050822, 65626160, 512710, 8203312, 64094]] [1171134204822.0, [47949693.0, 1534385247, 49100323923, 383602047, 6138057555, 47954907]] [36754204540.0, [1505424.0, 48173174, 1541541568, 12113014, 192138944, 1505424]]
Model_cost: [14874953450.06081, [1923.9307432432433, 20907556, 668963704, 1200100, 49400505, 84962]] [3902323566.0, [7467.0, 2666607, 85328676, 86895, 77870628, 92331]] [301303889.3333333, [15.333333333333332, 195230, 6247200, 13150, 6247200, 13130]] [5035784026.666666, [2511.6666666666665, 3327942, 106002464, 38734, 103509152, 115866]] [917420760.0, [359.0, 1088262, 34713648, 45830, 7767792, 9938]] [295683476219.7999, [1109.3500000000001, 191813655, 6138012243, 5340891, 6137123727, 7106490]] [1377565676.75, [146.3125, 1027510, 32839552, 62366, 25506688, 39328]]
Arch_Param: [32, 16384, 16384, 8, 1024, 16]
Samsung_cost: [19512418016.0, [801777.5, 12834849, 820923384, 6444065, 102001848, 797857]] [15234436686.0, [618351.0, 9891951, 633078564, 4912239, 85328676, 668271]] [1270657080.0, [52170.0, 834580, 53412640, 417300, 6677280, 52170]] [20726759280.0, [850868.0, 13613608, 871270432, 6806824, 108910624, 850868]] [1561186476.0, [64094.0, 1025414, 65626160, 512710, 8203312, 64094]] [1168065434646.0, [47949693.0, 767192703, 49100323923, 383602047, 6138057555, 47954907]] [36657856894.0, [1505424.0, 24086587, 1541541568, 12112955, 192138944, 1505424]]
Model_cost: [14833164188.06081, [1923.9307432432433, 10460257, 668963704, 1200097, 49400505, 84962]] [3896990574.0, [7467.0, 1333359, 85328676, 86895, 77870628, 92331]] [300938829.3333333, [15.333333333333332, 104020, 6247200, 13140, 6247200, 13130]] [5029194062.666666, [2511.6666666666665, 1680616, 106002464, 38704, 103509152, 115866]] [915253976.0, [359.0, 546566, 34713648, 45830, 7767792, 9938]] [295299850763.7999, [1109.3500000000001, 95907291, 6138012243, 5340891, 6137123727, 7106490]] [1375515630.75, [146.3125, 515323, 32839552, 62307, 25506688, 39328]]
Arch_Param: [32, 16384, 16384, 16, 256, 16]
Samsung_cost: [9881985056.0, [402609.5, 25765441, 412206072, 3236929, 51465400, 403041]] [15353138766.0, [618351.0, 39567471, 633078564, 4912239, 85328676, 668271]] [1280672580.0, [52170.0, 3338290, 53412640, 417330, 6677280, 52170]] [20890124436.0, [850868.0, 54454402, 871270432, 6806914, 108910624, 850868]] [1515843276.0, [61746.0, 3951366, 63221808, 493926, 7902768, 61746]] [1177271745174.0, [47949693.0, 3068770335, 49100323923, 383602047, 6138057555, 47954907]] [36490454904.0, [1486224.0, 95117548, 1521880768, 11924716, 190238400, 1490576]]
Model_cost: [8672078068.655405, [1092.8091216216217, 22447809, 359126200, 642689, 49400505, 84962]] [3912989550.0, [7467.0, 5333103, 85328676, 86895, 77870628, 92331]] [302085209.3333333, [15.333333333333332, 390450, 6247200, 13170, 6247200, 13130]] [5049015154.666666, [2511.6666666666665, 6635394, 106002464, 38794, 103509152, 115866]] [569766600.0, [203.0, 1085830, 17356848, 22918, 7767792, 9938]] [296450727131.7999, [1109.3500000000001, 383626383, 6138012243, 5340891, 6137123727, 7106490]] [1293733628.25, [110.4375, 1783660, 28517760, 43284, 25506688, 39328]]
Arch_Param: [32, 16384, 16384, 16, 512, 16]
Samsung_cost: [9830454574.0, [402609.5, 12882980, 412206072, 3236900, 51465400, 403041]] [15274004046.0, [618351.0, 19783791, 633078564, 4912239, 85328676, 668271]] [1273995580.0, [52170.0, 1669150, 53412640, 417310, 6677280, 52170]] [20781214332.0, [850868.0, 27227206, 871270432, 6806854, 108910624, 850868]] [1507940556.0, [61746.0, 1975686, 63221808, 493926, 7902768, 61746]] [1171134204822.0, [47949693.0, 1534385247, 49100323923, 383602047, 6138057555, 47954907]] [36300217212.0, [1486224.0, 47558774, 1521880768, 11924598, 190238400, 1490576]]
Model_cost: [8627182850.655405, [1092.8091216216217, 11224164, 359126200, 642660, 49400505, 84962]] [3902323566.0, [7467.0, 2666607, 85328676, 86895, 77870628, 92331]] [301303889.3333333, [15.333333333333332, 195230, 6247200, 13150, 6247200, 13130]] [5035784026.666666, [2511.6666666666665, 3327942, 106002464, 38734, 103509152, 115866]] [567599816.0, [203.0, 544134, 17356848, 22918, 7767792, 9938]] [295683476219.7999, [1109.3500000000001, 191813655, 6138012243, 5340891, 6137123727, 7106490]] [1290163712.25, [110.4375, 891830, 28517760, 43166, 25506688, 39328]]
Arch_Param: [32, 16384, 16384, 16, 1024, 16]
Samsung_cost: [9804702944.0, [402609.5, 6445089, 412206072, 3236897, 51465400, 403041]] [15234436686.0, [618351.0, 9891951, 633078564, 4912239, 85328676, 668271]] [1270657080.0, [52170.0, 834580, 53412640, 417300, 6677280, 52170]] [20726759280.0, [850868.0, 13613608, 871270432, 6806824, 108910624, 850868]] [1503989196.0, [61746.0, 987846, 63221808, 493926, 7902768, 61746]] [1168065434646.0, [47949693.0, 767192703, 49100323923, 383602047, 6138057555, 47954907]] [36205098366.0, [1486224.0, 23779387, 1521880768, 11924539, 190238400, 1490576]]
Model_cost: [8604747956.655405, [1092.8091216216217, 5615457, 359126200, 642657, 49400505, 84962]] [3896990574.0, [7467.0, 1333359, 85328676, 86895, 77870628, 92331]] [300938829.3333333, [15.333333333333332, 104020, 6247200, 13140, 6247200, 13130]] [5029194062.666666, [2511.6666666666665, 1680616, 106002464, 38704, 103509152, 115866]] [566516424.0, [203.0, 273286, 17356848, 22918, 7767792, 9938]] [295299850763.7999, [1109.3500000000001, 95907291, 6138012243, 5340891, 6137123727, 7106490]] [1288381954.25, [110.4375, 446715, 28517760, 43107, 25506688, 39328]]
Arch_Param: [32, 16384, 16384, 32, 256, 16]
Samsung_cost: [9636912032.0, [392401.5, 25112129, 401768440, 3146817, 50351288, 394337]] [15353138766.0, [618351.0, 39567471, 633078564, 4912239, 85328676, 668271]] [1280672580.0, [52170.0, 3338290, 53412640, 417330, 6677280, 52170]] [20890124436.0, [850868.0, 54454402, 871270432, 6806914, 108910624, 850868]] [1499589852.0, [61084.0, 3908998, 62543920, 488630, 7818032, 61084]] [1177271745174.0, [47949693.0, 3068770335, 49100323923, 383602047, 6138057555, 47954907]] [36440172408.0, [1484176.0, 94986476, 1519783616, 11908332, 189976256, 1488528]]
Model_cost: [5529963855.331081, [597.7618243243244, 12767937, 204263608, 364097, 49400505, 84962]] [3912989550.0, [7467.0, 5333103, 85328676, 86895, 77870628, 92331]] [302085209.3333333, [15.333333333333332, 390450, 6247200, 13170, 6247200, 13130]] [5049015154.666666, [2511.6666666666665, 6635394, 106002464, 38794, 103509152, 115866]] [393631432.0, [107.0, 542918, 8678448, 5062, 7767792, 9938]] [296450727131.7999, [1109.3500000000001, 383626383, 6138012243, 5340891, 6137123727, 7106490]] [1249749994.0, [91.5, 1647980, 26356864, 33172, 25506688, 39328]]
Arch_Param: [32, 16384, 16384, 32, 512, 16]
Samsung_cost: [9586688174.0, [392401.5, 12556324, 401768440, 3146788, 50351288, 394337]] [15274004046.0, [618351.0, 19783791, 633078564, 4912239, 85328676, 668271]] [1273995580.0, [52170.0, 1669150, 53412640, 417310, 6677280, 52170]] [20781214332.0, [850868.0, 27227206, 871270432, 6806854, 108910624, 850868]] [1491771868.0, [61084.0, 1954502, 62543920, 488630, 7818032, 61084]] [1171134204822.0, [47949693.0, 1534385247, 49100323923, 383602047, 6138057555, 47954907]] [36250196860.0, [1484176.0, 47493238, 1519783616, 11908214, 189976256, 1488528]]
Model_cost: [5504428381.331081, [597.7618243243244, 6384228, 204263608, 364068, 49400505, 84962]] [3902323566.0, [7467.0, 2666607, 85328676, 86895, 77870628, 92331]] [301303889.3333333, [15.333333333333332, 195230, 6247200, 13150, 6247200, 13130]] [5035784026.666666, [2511.6666666666665, 3327942, 106002464, 38734, 103509152, 115866]] [392548040.0, [107.0, 272070, 8678448, 5062, 7767792, 9938]] [295683476219.7999, [1109.3500000000001, 191813655, 6138012243, 5340891, 6137123727, 7106490]] [1246451438.0, [91.5, 823990, 26356864, 33054, 25506688, 39328]]
Arch_Param: [32, 16384, 16384, 32, 1024, 16]
Samsung_cost: [9561583712.0, [392401.5, 6280225, 401768440, 3146785, 50351288, 394337]] [15234436686.0, [618351.0, 9891951, 633078564, 4912239, 85328676, 668271]] [1270657080.0, [52170.0, 834580, 53412640, 417300, 6677280, 52170]] [20726759280.0, [850868.0, 13613608, 871270432, 6806824, 108910624, 850868]] [1487862876.0, [61084.0, 977254, 62543920, 488630, 7818032, 61084]] [1168065434646.0, [47949693.0, 767192703, 49100323923, 383602047, 6138057555, 47954907]] [36155209086.0, [1484176.0, 23746619, 1519783616, 11908155, 189976256, 1488528]]
Model_cost: [5491667215.331081, [597.7618243243244, 3193953, 204263608, 364065, 49400505, 84962]] [3896990574.0, [7467.0, 1333359, 85328676, 86895, 77870628, 92331]] [300938829.3333333, [15.333333333333332, 104020, 6247200, 13140, 6247200, 13130]] [5029194062.666666, [2511.6666666666665, 1680616, 106002464, 38704, 103509152, 115866]] [392006344.0, [107.0, 136646, 8678448, 5062, 7767792, 9938]] [295299850763.7999, [1109.3500000000001, 95907291, 6138012243, 5340891, 6137123727, 7106490]] [1244803824.0, [91.5, 412411, 26356864, 32995, 25506688, 39328]]
Arch_Param: [32, 16384, 8192, 4, 256, 16]
Samsung_cost: [39279816430.0, [3200194.0, 102405697, 1638358008, 12858433, 203074744, 1587489]] [15370449486.0, [1236591.0, 39567471, 633078564, 4912239, 85328676, 668271]] [1282133060, [104330, 3338290, 53412640, 417330, 6677280, 52170]] [20913948180, [1701716, 54454402, 871270432, 6806914, 108910624, 850868]] [1690713516, [137574, 4402182, 70434864, 550278, 8804400, 68790]] [1178614332126.0, [95899227.0, 3068770335, 49100323923, 383602047, 6138057555, 47954907]] [37903016312.0, [3087632.0, 98803948, 1580863168, 12489964, 195940032, 1535120]]
Model_cost: [27537119339.0, [7286.75, 80564801, 1288904952, 2316545, 49400505, 84962]] [5500299390.0, [15687.0, 10223727, 163578660, 201327, 77870628, 92331]] [302085368.0, [21.0, 390450, 6247200, 13170, 6247200, 13130]] [5049084940.0, [5004.0, 6635394, 106002464, 38794, 103509152, 115866]] [1625750644, [1416, 4343302, 69427248, 91654, 7767792, 9938]] [420928897626.0, [2925.0, 767215743, 12275433555, 14219799, 6137123727, 7106490]] [1682786325.5, [417.625, 2983404, 47652928, 113364, 25506688, 39328]]
Arch_Param: [32, 16384, 8192, 4, 512, 16]
Samsung_cost: [39075005436.0, [3200194.0, 51203108, 1638358008, 12858404, 203074744, 1587489]] [15291314766.0, [1236591.0, 19783791, 633078564, 4912239, 85328676, 668271]] [1275456060, [104330, 1669150, 53412640, 417310, 6677280, 52170]] [20805038076, [1701716, 27227206, 871270432, 6806854, 108910624, 850868]] [1681909164, [137574, 2201094, 70434864, 550278, 8804400, 68790]] [1172476791774.0, [95899227.0, 1534385247, 49100323923, 383602047, 6138057555, 47954907]] [37705405820.0, [3087632.0, 49401974, 1580863168, 12489846, 195940032, 1535120]]
Model_cost: [27375990137.0, [7286.75, 40282660, 1288904952, 2316516, 49400505, 84962]] [5479852158.0, [15687.0, 5111919, 163578660, 201327, 77870628, 92331]] [301304048.0, [21.0, 195230, 6247200, 13150, 6247200, 13130]] [5035853812.0, [5004.0, 3327942, 106002464, 38734, 103509152, 115866]] [1617083508, [1416, 2176518, 69427248, 91654, 7767792, 9938]] [419394469530.0, [2925.0, 383608719, 12275433555, 14219799, 6137123727, 7106490]] [1676816921.5, [417.625, 1491702, 47652928, 113246, 25506688, 39328]]
Arch_Param: [32, 16384, 8192, 4, 1024, 16]
Samsung_cost: [38972650414.0, [3200194.0, 25614369, 1638358008, 12858401, 203074744, 1587489]] [15251747406.0, [1236591.0, 9891951, 633078564, 4912239, 85328676, 668271]] [1272117560, [104330, 834580, 53412640, 417300, 6677280, 52170]] [20750583024, [1701716, 13613608, 871270432, 6806824, 108910624, 850868]] [1677506988, [137574, 1100550, 70434864, 550278, 8804400, 68790]] [1169408021598.0, [95899227.0, 767192703, 49100323923, 383602047, 6138057555, 47954907]] [37606600574.0, [3087632.0, 24700987, 1580863168, 12489787, 195940032, 1535120]]
Model_cost: [27295475499.0, [7286.75, 20154017, 1288904952, 2316513, 49400505, 84962]] [5469628542.0, [15687.0, 2556015, 163578660, 201327, 77870628, 92331]] [300938988.0, [21.0, 104020, 6247200, 13140, 6247200, 13130]] [5029263848.0, [5004.0, 1680616, 106002464, 38704, 103509152, 115866]] [1612749940, [1416, 1093126, 69427248, 91654, 7767792, 9938]] [418627255482.0, [2925.0, 191805207, 12275433555, 14219799, 6137123727, 7106490]] [1673844763.5, [417.625, 748987, 47652928, 113187, 25506688, 39328]]
Arch_Param: [32, 16384, 8192, 8, 256, 16]
Samsung_cost: [19688776942.0, [1603522.0, 51312193, 820923384, 6444097, 102001848, 797857]] [15370449486.0, [1236591.0, 39567471, 633078564, 4912239, 85328676, 668271]] [1282133060, [104330, 3338290, 53412640, 417330, 6677280, 52170]] [20913948180, [1701716, 54454402, 871270432, 6806914, 108910624, 850868]] [1575285836, [128182, 4101638, 65626160, 512710, 8203312, 64094]] [1178614332126.0, [95899227.0, 3068770335, 49100323923, 383602047, 6138057555, 47954907]] [36989051256.0, [3010832.0, 96346348, 1541541568, 12113132, 192138944, 1505424]]
Model_cost: [14958634798.277779, [3801.152777777778, 41814593, 668963704, 1200129, 49400505, 84962]] [3913195518.0, [14823.0, 5333103, 85328676, 86895, 77870628, 92331]] [302085368.0, [21.0, 390450, 6247200, 13170, 6247200, 13130]] [5049084940.0, [5004.0, 6635394, 106002464, 38794, 103509152, 115866]] [921764184, [711, 2171654, 34713648, 45830, 7767792, 9938]] [296450755892.0, [2136.5, 383626383, 6138012243, 5340891, 6137123727, 7106490]] [1381681373.5, [255.625, 2055020, 32839552, 62484, 25506688, 39328]]
Arch_Param: [32, 16384, 8192, 8, 512, 16]
Samsung_cost: [19586152956.0, [1603522.0, 25656356, 820923384, 6444068, 102001848, 797857]] [15291314766.0, [1236591.0, 19783791, 633078564, 4912239, 85328676, 668271]] [1275456060, [104330, 1669150, 53412640, 417310, 6677280, 52170]] [20805038076, [1701716, 27227206, 871270432, 6806854, 108910624, 850868]] [1567082572, [128182, 2050822, 65626160, 512710, 8203312, 64094]] [1172476791774.0, [95899227.0, 1534385247, 49100323923, 383602047, 6138057555, 47954907]] [36796355964.0, [3010832.0, 48173174, 1541541568, 12113014, 192138944, 1505424]]
Model_cost: [14875006012.277779, [3801.152777777778, 20907556, 668963704, 1200100, 49400505, 84962]] [3902529534.0, [14823.0, 2666607, 85328676, 86895, 77870628, 92331]] [301304048.0, [21.0, 195230, 6247200, 13150, 6247200, 13130]] [5035853812.0, [5004.0, 3327942, 106002464, 38734, 103509152, 115866]] [917430616, [711, 1088262, 34713648, 45830, 7767792, 9938]] [295683504980.0, [2136.5, 191813655, 6138012243, 5340891, 6137123727, 7106490]] [1377568737.5, [255.625, 1027510, 32839552, 62366, 25506688, 39328]]
Arch_Param: [32, 16384, 8192, 8, 1024, 16]
Samsung_cost: [19534866862.0, [1603522.0, 12834849, 820923384, 6444065, 102001848, 797857]] [15251747406.0, [1236591.0, 9891951, 633078564, 4912239, 85328676, 668271]] [1272117560, [104330, 834580, 53412640, 417300, 6677280, 52170]] [20750583024, [1701716, 13613608, 871270432, 6806824, 108910624, 850868]] [1562980940, [128182, 1025414, 65626160, 512710, 8203312, 64094]] [1169408021598.0, [95899227.0, 767192703, 49100323923, 383602047, 6138057555, 47954907]] [36700008318.0, [3010832.0, 24086587, 1541541568, 12112955, 192138944, 1505424]]
Model_cost: [14833216750.277779, [3801.152777777778, 10460257, 668963704, 1200097, 49400505, 84962]] [3897196542.0, [14823.0, 1333359, 85328676, 86895, 77870628, 92331]] [300938988.0, [21.0, 104020, 6247200, 13140, 6247200, 13130]] [5029263848.0, [5004.0, 1680616, 106002464, 38704, 103509152, 115866]] [915263832, [711, 546566, 34713648, 45830, 7767792, 9938]] [295299879524.0, [2136.5, 95907291, 6138012243, 5340891, 6137123727, 7106490]] [1375518691.5, [255.625, 515323, 32839552, 62307, 25506688, 39328]]
Arch_Param: [32, 16384, 8192, 16, 256, 16]
Samsung_cost: [9893257198.0, [805186.0, 25765441, 412206072, 3236929, 51465400, 403041]] [15370449486.0, [1236591.0, 39567471, 633078564, 4912239, 85328676, 668271]] [1282133060, [104330, 3338290, 53412640, 417330, 6677280, 52170]] [20913948180, [1701716, 54454402, 871270432, 6806914, 108910624, 850868]] [1517571996, [123486, 3951366, 63221808, 493926, 7902768, 61746]] [1178614332126.0, [95899227.0, 3068770335, 49100323923, 383602047, 6138057555, 47954907]] [36532068728.0, [2972432.0, 95117548, 1521880768, 11924716, 190238400, 1490576]]
Model_cost: [8672105115.38889, [2058.7638888888887, 22447809, 359126200, 642689, 49400505, 84962]] [3913195518.0, [14823.0, 5333103, 85328676, 86895, 77870628, 92331]] [302085368.0, [21.0, 390450, 6247200, 13170, 6247200, 13130]] [5049084940.0, [5004.0, 6635394, 106002464, 38794, 103509152, 115866]] [569770968, [359, 1085830, 17356848, 22918, 7767792, 9938]] [296450755892.0, [2136.5, 383626383, 6138012243, 5340891, 6137123727, 7106490]] [1293735796.5, [187.875, 1783660, 28517760, 43284, 25506688, 39328]]
Arch_Param: [32, 16384, 8192, 16, 512, 16]
Samsung_cost: [9841726716.0, [805186.0, 12882980, 412206072, 3236900, 51465400, 403041]] [15291314766.0, [1236591.0, 19783791, 633078564, 4912239, 85328676, 668271]] [1275456060, [104330, 1669150, 53412640, 417310, 6677280, 52170]] [20805038076, [1701716, 27227206, 871270432, 6806854, 108910624, 850868]] [1509669276, [123486, 1975686, 63221808, 493926, 7902768, 61746]] [1172476791774.0, [95899227.0, 1534385247, 49100323923, 383602047, 6138057555, 47954907]] [36341831036.0, [2972432.0, 47558774, 1521880768, 11924598, 190238400, 1490576]]
Model_cost: [8627209897.38889, [2058.7638888888887, 11224164, 359126200, 642660, 49400505, 84962]] [3902529534.0, [14823.0, 2666607, 85328676, 86895, 77870628, 92331]] [301304048.0, [21.0, 195230, 6247200, 13150, 6247200, 13130]] [5035853812.0, [5004.0, 3327942, 106002464, 38734, 103509152, 115866]] [567604184, [359, 544134, 17356848, 22918, 7767792, 9938]] [295683504980.0, [2136.5, 191813655, 6138012243, 5340891, 6137123727, 7106490]] [1290165880.5, [187.875, 891830, 28517760, 43166, 25506688, 39328]]
Arch_Param: [32, 16384, 8192, 16, 1024, 16]
Samsung_cost: [9815975086.0, [805186.0, 6445089, 412206072, 3236897, 51465400, 403041]] [15251747406.0, [1236591.0, 9891951, 633078564, 4912239, 85328676, 668271]] [1272117560, [104330, 834580, 53412640, 417300, 6677280, 52170]] [20750583024, [1701716, 13613608, 871270432, 6806824, 108910624, 850868]] [1505717916, [123486, 987846, 63221808, 493926, 7902768, 61746]] [1169408021598.0, [95899227.0, 767192703, 49100323923, 383602047, 6138057555, 47954907]] [36246712190.0, [2972432.0, 23779387, 1521880768, 11924539, 190238400, 1490576]]
Model_cost: [8604775003.38889, [2058.7638888888887, 5615457, 359126200, 642657, 49400505, 84962]] [3897196542.0, [14823.0, 1333359, 85328676, 86895, 77870628, 92331]] [300938988.0, [21.0, 104020, 6247200, 13140, 6247200, 13130]] [5029263848.0, [5004.0, 1680616, 106002464, 38704, 103509152, 115866]] [566520792, [359, 273286, 17356848, 22918, 7767792, 9938]] [295299879524.0, [2136.5, 95907291, 6138012243, 5340891, 6137123727, 7106490]] [1288384122.5, [187.875, 446715, 28517760, 43107, 25506688, 39328]]
Arch_Param: [32, 16384, 8192, 32, 256, 16]
Samsung_cost: [9647898350.0, [784770.0, 25112129, 401768440, 3146817, 50351288, 394337]] [15370449486.0, [1236591.0, 39567471, 633078564, 4912239, 85328676, 668271]] [1282133060, [104330, 3338290, 53412640, 417330, 6677280, 52170]] [20913948180, [1701716, 54454402, 871270432, 6806914, 108910624, 850868]] [1501300036, [122162, 3908998, 62543920, 488630, 7818032, 61084]] [1178614332126.0, [95899227.0, 3068770335, 49100323923, 383602047, 6138057555, 47954907]] [36481728888.0, [2968336.0, 94986476, 1519783616, 11908332, 189976256, 1488528]]
Model_cost: [5529979250.722222, [1147.5972222222222, 12767937, 204263608, 364097, 49400505, 84962]] [3913195518.0, [14823.0, 5333103, 85328676, 86895, 77870628, 92331]] [302085368.0, [21.0, 390450, 6247200, 13170, 6247200, 13130]] [5049084940.0, [5004.0, 6635394, 106002464, 38794, 103509152, 115866]] [393633784, [191, 542918, 8678448, 5062, 7767792, 9938]] [296450755892.0, [2136.5, 383626383, 6138012243, 5340891, 6137123727, 7106490]] [1249751660.0, [151.0, 1647980, 26356864, 33172, 25506688, 39328]]
Arch_Param: [32, 16384, 8192, 32, 512, 16]
Samsung_cost: [9597674492.0, [784770.0, 12556324, 401768440, 3146788, 50351288, 394337]] [15291314766.0, [1236591.0, 19783791, 633078564, 4912239, 85328676, 668271]] [1275456060, [104330, 1669150, 53412640, 417310, 6677280, 52170]] [20805038076, [1701716, 27227206, 871270432, 6806854, 108910624, 850868]] [1493482052, [122162, 1954502, 62543920, 488630, 7818032, 61084]] [1172476791774.0, [95899227.0, 1534385247, 49100323923, 383602047, 6138057555, 47954907]] [36291753340.0, [2968336.0, 47493238, 1519783616, 11908214, 189976256, 1488528]]
Model_cost: [5504443776.722222, [1147.5972222222222, 6384228, 204263608, 364068, 49400505, 84962]] [3902529534.0, [14823.0, 2666607, 85328676, 86895, 77870628, 92331]] [301304048.0, [21.0, 195230, 6247200, 13150, 6247200, 13130]] [5035853812.0, [5004.0, 3327942, 106002464, 38734, 103509152, 115866]] [392550392, [191, 272070, 8678448, 5062, 7767792, 9938]] [295683504980.0, [2136.5, 191813655, 6138012243, 5340891, 6137123727, 7106490]] [1246453104.0, [151.0, 823990, 26356864, 33054, 25506688, 39328]]
Arch_Param: [32, 16384, 8192, 32, 1024, 16]
Samsung_cost: [9572570030.0, [784770.0, 6280225, 401768440, 3146785, 50351288, 394337]] [15251747406.0, [1236591.0, 9891951, 633078564, 4912239, 85328676, 668271]] [1272117560, [104330, 834580, 53412640, 417300, 6677280, 52170]] [20750583024, [1701716, 13613608, 871270432, 6806824, 108910624, 850868]] [1489573060, [122162, 977254, 62543920, 488630, 7818032, 61084]] [1169408021598.0, [95899227.0, 767192703, 49100323923, 383602047, 6138057555, 47954907]] [36196765566.0, [2968336.0, 23746619, 1519783616, 11908155, 189976256, 1488528]]
Model_cost: [5491682610.722222, [1147.5972222222222, 3193953, 204263608, 364065, 49400505, 84962]] [3897196542.0, [14823.0, 1333359, 85328676, 86895, 77870628, 92331]] [300938988.0, [21.0, 104020, 6247200, 13140, 6247200, 13130]] [5029263848.0, [5004.0, 1680616, 106002464, 38704, 103509152, 115866]] [392008696, [191, 136646, 8678448, 5062, 7767792, 9938]] [295299879524.0, [2136.5, 95907291, 6138012243, 5340891, 6137123727, 7106490]] [1244805490.0, [151.0, 412411, 26356864, 32995, 25506688, 39328]]
Arch_Param: [32, 16384, 4096, 4, 256, 16]
Samsung_cost: [39369420938.0, [6400355.0, 102405697, 1638358008, 12858433, 203074744, 1587489]] [15405070926.0, [2473071.0, 39567471, 633078564, 4912239, 85328676, 668271]] [1285054020, [208650, 3338290, 53412640, 417330, 6677280, 52170]] [20961595668, [3403412, 54454402, 871270432, 6806914, 108910624, 850868]] [1694565420, [275142, 4402182, 70434864, 550278, 8804400, 68790]] [1181299506030.0, [191798295.0, 3068770335, 49100323923, 383602047, 6138057555, 47954907]] [37989469644, [6175251, 98803948, 1580863168, 12489964, 195940032, 1535120]]
Model_cost: [27537319504.0, [14435.5, 80564801, 1288904952, 2316545, 49400505, 84962]] [5500734846.0, [31263.0, 10223727, 163578660, 201327, 77870628, 92307]] [302085676, [32, 390450, 6247200, 13170, 6247200, 13130]] [5049224212.0, [9978.0, 6635394, 106002464, 38794, 103509152, 115866]] [1625790124, [2826, 4343302, 69427248, 91654, 7767792, 9938]] [420928975018.0, [5691.0, 767215743, 12275433555, 14219799, 6137123727, 7106488]] [1682797543.0, [818.25, 2983404, 47652928, 113364, 25506688, 39328]]
Arch_Param: [32, 16384, 4096, 4, 512, 16]
Samsung_cost: [39164609944.0, [6400355.0, 51203108, 1638358008, 12858404, 203074744, 1587489]] [15325936206.0, [2473071.0, 19783791, 633078564, 4912239, 85328676, 668271]] [1278377020, [208650, 1669150, 53412640, 417310, 6677280, 52170]] [20852685564, [3403412, 27227206, 871270432, 6806854, 108910624, 850868]] [1685761068, [275142, 2201094, 70434864, 550278, 8804400, 68790]] [1175161965678.0, [191798295.0, 1534385247, 49100323923, 383602047, 6138057555, 47954907]] [37791859152, [6175251, 49401974, 1580863168, 12489846, 195940032, 1535120]]
Model_cost: [27376190302.0, [14435.5, 40282660, 1288904952, 2316516, 49400505, 84962]] [5480287614.0, [31263.0, 5111919, 163578660, 201327, 77870628, 92307]] [301304356, [32, 195230, 6247200, 13150, 6247200, 13130]] [5035993084.0, [9978.0, 3327942, 106002464, 38734, 103509152, 115866]] [1617122988, [2826, 2176518, 69427248, 91654, 7767792, 9938]] [419394546922.0, [5691.0, 383608719, 12275433555, 14219799, 6137123727, 7106488]] [1676828139.0, [818.25, 1491702, 47652928, 113246, 25506688, 39328]]
Arch_Param: [32, 16384, 4096, 4, 1024, 16]
Samsung_cost: [39062254922.0, [6400355.0, 25614369, 1638358008, 12858401, 203074744, 1587489]] [15286368846.0, [2473071.0, 9891951, 633078564, 4912239, 85328676, 668271]] [1275038520, [208650, 834580, 53412640, 417300, 6677280, 52170]] [20798230512, [3403412, 13613608, 871270432, 6806824, 108910624, 850868]] [1681358892, [275142, 1100550, 70434864, 550278, 8804400, 68790]] [1172093195502.0, [191798295.0, 767192703, 49100323923, 383602047, 6138057555, 47954907]] [37693053906, [6175251, 24700987, 1580863168, 12489787, 195940032, 1535120]]
Model_cost: [27295675664.0, [14435.5, 20154017, 1288904952, 2316513, 49400505, 84962]] [5470063998.0, [31263.0, 2556015, 163578660, 201327, 77870628, 92307]] [300939296, [32, 104020, 6247200, 13140, 6247200, 13130]] [5029403120.0, [9978.0, 1680616, 106002464, 38704, 103509152, 115866]] [1612789420, [2826, 1093126, 69427248, 91654, 7767792, 9938]] [418627332874.0, [5691.0, 191805207, 12275433555, 14219799, 6137123727, 7106488]] [1673855981.0, [818.25, 748987, 47652928, 113187, 25506688, 39328]]
Arch_Param: [32, 16384, 4096, 8, 256, 16]
Samsung_cost: [19733674634.0, [3207011.0, 51312193, 820923384, 6444097, 102001848, 797857]] [15405070926.0, [2473071.0, 39567471, 633078564, 4912239, 85328676, 668271]] [1285054020, [208650, 3338290, 53412640, 417330, 6677280, 52170]] [20961595668, [3403412, 54454402, 871270432, 6806914, 108910624, 850868]] [1578874764, [256358, 4101638, 65626160, 512710, 8203312, 64094]] [1181299506030.0, [191798295.0, 3068770335, 49100323923, 383602047, 6138057555, 47954907]] [37073354188, [6021651, 96346348, 1541541568, 12113132, 192138944, 1505424]]
Model_cost: [14958737603.0, [7472.75, 41814593, 668963704, 1200129, 49400505, 84962]] [3913606110.0, [29511.0, 5333103, 85328676, 86895, 77870628, 92307]] [302085676, [32, 390450, 6247200, 13170, 6247200, 13130]] [5049224212.0, [9978.0, 6635394, 106002464, 38794, 103509152, 115866]] [921783924, [1416, 2171654, 34713648, 45830, 7767792, 9938]] [296450810170.0, [4077.0, 383626383, 6138012243, 5340891, 6137123727, 7106488]] [1381687747.0, [483.25, 2055020, 32839552, 62484, 25506688, 39328]]
Arch_Param: [32, 16384, 4096, 8, 512, 16]
Samsung_cost: [19631050648.0, [3207011.0, 25656356, 820923384, 6444068, 102001848, 797857]] [15325936206.0, [2473071.0, 19783791, 633078564, 4912239, 85328676, 668271]] [1278377020, [208650, 1669150, 53412640, 417310, 6677280, 52170]] [20852685564, [3403412, 27227206, 871270432, 6806854, 108910624, 850868]] [1570671500, [256358, 2050822, 65626160, 512710, 8203312, 64094]] [1175161965678.0, [191798295.0, 1534385247, 49100323923, 383602047, 6138057555, 47954907]] [36880658896, [6021651, 48173174, 1541541568, 12113014, 192138944, 1505424]]
Model_cost: [14875108817.0, [7472.75, 20907556, 668963704, 1200100, 49400505, 84962]] [3902940126.0, [29511.0, 2666607, 85328676, 86895, 77870628, 92307]] [301304356, [32, 195230, 6247200, 13150, 6247200, 13130]] [5035993084.0, [9978.0, 3327942, 106002464, 38734, 103509152, 115866]] [917450356, [1416, 1088262, 34713648, 45830, 7767792, 9938]] [295683559258.0, [4077.0, 191813655, 6138012243, 5340891, 6137123727, 7106488]] [1377575111.0, [483.25, 1027510, 32839552, 62366, 25506688, 39328]]
Arch_Param: [32, 16384, 4096, 8, 1024, 16]
Samsung_cost: [19579764554.0, [3207011.0, 12834849, 820923384, 6444065, 102001848, 797857]] [15286368846.0, [2473071.0, 9891951, 633078564, 4912239, 85328676, 668271]] [1275038520, [208650, 834580, 53412640, 417300, 6677280, 52170]] [20798230512, [3403412, 13613608, 871270432, 6806824, 108910624, 850868]] [1566569868, [256358, 1025414, 65626160, 512710, 8203312, 64094]] [1172093195502.0, [191798295.0, 767192703, 49100323923, 383602047, 6138057555, 47954907]] [36784311250, [6021651, 24086587, 1541541568, 12112955, 192138944, 1505424]]
Model_cost: [14833319555.0, [7472.75, 10460257, 668963704, 1200097, 49400505, 84962]] [3897607134.0, [29511.0, 1333359, 85328676, 86895, 77870628, 92307]] [300939296, [32, 104020, 6247200, 13140, 6247200, 13130]] [5029403120.0, [9978.0, 1680616, 106002464, 38704, 103509152, 115866]] [915283572, [1416, 546566, 34713648, 45830, 7767792, 9938]] [295299933802.0, [4077.0, 95907291, 6138012243, 5340891, 6137123727, 7106488]] [1375525065.0, [483.25, 515323, 32839552, 62307, 25506688, 39328]]
Arch_Param: [32, 16384, 4096, 16, 256, 16]
Samsung_cost: [9915801482.0, [1610339.0, 25765441, 412206072, 3236929, 51465400, 403041]] [15405070926.0, [2473071.0, 39567471, 633078564, 4912239, 85328676, 668271]] [1285054020, [208650, 3338290, 53412640, 417330, 6677280, 52170]] [20961595668, [3403412, 54454402, 871270432, 6806914, 108910624, 850868]] [1521029436, [246966, 3951366, 63221808, 493926, 7902768, 61746]] [1181299506030.0, [191798295.0, 3068770335, 49100323923, 383602047, 6138057555, 47954907]] [36615296460, [5944851, 95117548, 1521880768, 11924716, 190238400, 1490576]]
Model_cost: [8672159260.777779, [3992.527777777778, 22447809, 359126200, 642689, 49400505, 84962]] [3913606110.0, [29511.0, 5333103, 85328676, 86895, 77870628, 92307]] [302085676, [32, 390450, 6247200, 13170, 6247200, 13130]] [5049224212.0, [9978.0, 6635394, 106002464, 38794, 103509152, 115866]] [569780824, [711, 1085830, 17356848, 22918, 7767792, 9938]] [296450810170.0, [4077.0, 383626383, 6138012243, 5340891, 6137123727, 7106488]] [1293740273.0, [347.75, 1783660, 28517760, 43284, 25506688, 39328]]
Arch_Param: [32, 16384, 4096, 16, 512, 16]
Samsung_cost: [9864271000.0, [1610339.0, 12882980, 412206072, 3236900, 51465400, 403041]] [15325936206.0, [2473071.0, 19783791, 633078564, 4912239, 85328676, 668271]] [1278377020, [208650, 1669150, 53412640, 417310, 6677280, 52170]] [20852685564, [3403412, 27227206, 871270432, 6806854, 108910624, 850868]] [1513126716, [246966, 1975686, 63221808, 493926, 7902768, 61746]] [1175161965678.0, [191798295.0, 1534385247, 49100323923, 383602047, 6138057555, 47954907]] [36425058768, [5944851, 47558774, 1521880768, 11924598, 190238400, 1490576]]
Model_cost: [8627264042.777779, [3992.527777777778, 11224164, 359126200, 642660, 49400505, 84962]] [3902940126.0, [29511.0, 2666607, 85328676, 86895, 77870628, 92307]] [301304356, [32, 195230, 6247200, 13150, 6247200, 13130]] [5035993084.0, [9978.0, 3327942, 106002464, 38734, 103509152, 115866]] [567614040, [711, 544134, 17356848, 22918, 7767792, 9938]] [295683559258.0, [4077.0, 191813655, 6138012243, 5340891, 6137123727, 7106488]] [1290170357.0, [347.75, 891830, 28517760, 43166, 25506688, 39328]]
Arch_Param: [32, 16384, 4096, 16, 1024, 16]
Samsung_cost: [9838519370.0, [1610339.0, 6445089, 412206072, 3236897, 51465400, 403041]] [15286368846.0, [2473071.0, 9891951, 633078564, 4912239, 85328676, 668271]] [1275038520, [208650, 834580, 53412640, 417300, 6677280, 52170]] [20798230512, [3403412, 13613608, 871270432, 6806824, 108910624, 850868]] [1509175356, [246966, 987846, 63221808, 493926, 7902768, 61746]] [1172093195502.0, [191798295.0, 767192703, 49100323923, 383602047, 6138057555, 47954907]] [36329939922, [5944851, 23779387, 1521880768, 11924539, 190238400, 1490576]]
Model_cost: [8604829148.777779, [3992.527777777778, 5615457, 359126200, 642657, 49400505, 84962]] [3897607134.0, [29511.0, 1333359, 85328676, 86895, 77870628, 92307]] [300939296, [32, 104020, 6247200, 13140, 6247200, 13130]] [5029403120.0, [9978.0, 1680616, 106002464, 38704, 103509152, 115866]] [566530648, [711, 273286, 17356848, 22918, 7767792, 9938]] [295299933802.0, [4077.0, 95907291, 6138012243, 5340891, 6137123727, 7106488]] [1288388599.0, [347.75, 446715, 28517760, 43107, 25506688, 39328]]
Arch_Param: [32, 16384, 4096, 32, 256, 16]
Samsung_cost: [9669870986.0, [1569507.0, 25112129, 401768440, 3146817, 50351288, 394337]] [15405070926.0, [2473071.0, 39567471, 633078564, 4912239, 85328676, 668271]] [1285054020, [208650, 3338290, 53412640, 417330, 6677280, 52170]] [20961595668, [3403412, 54454402, 871270432, 6806914, 108910624, 850868]] [1504720404, [244318, 3908998, 62543920, 488630, 7818032, 61084]] [1181299506030.0, [191798295.0, 3068770335, 49100323923, 383602047, 6138057555, 47954907]] [36564841932, [5936659, 94986476, 1519783616, 11908332, 189976256, 1488528]]
Model_cost: [5530010179.444445, [2252.1944444444443, 12767937, 204263608, 364097, 49400505, 84962]] [3913606110.0, [29511.0, 5333103, 85328676, 86895, 77870628, 92307]] [302085676, [32, 390450, 6247200, 13170, 6247200, 13130]] [5049224212.0, [9978.0, 6635394, 106002464, 38794, 103509152, 115866]] [393638488, [359, 542918, 8678448, 5062, 7767792, 9938]] [296450810170.0, [4077.0, 383626383, 6138012243, 5340891, 6137123727, 7106488]] [1249755160.0, [276.0, 1647980, 26356864, 33172, 25506688, 39328]]
Arch_Param: [32, 16384, 4096, 32, 512, 16]
Samsung_cost: [9619647128.0, [1569507.0, 12556324, 401768440, 3146788, 50351288, 394337]] [15325936206.0, [2473071.0, 19783791, 633078564, 4912239, 85328676, 668271]] [1278377020, [208650, 1669150, 53412640, 417310, 6677280, 52170]] [20852685564, [3403412, 27227206, 871270432, 6806854, 108910624, 850868]] [1496902420, [244318, 1954502, 62543920, 488630, 7818032, 61084]] [1175161965678.0, [191798295.0, 1534385247, 49100323923, 383602047, 6138057555, 47954907]] [36374866384, [5936659, 47493238, 1519783616, 11908214, 189976256, 1488528]]
Model_cost: [5504474705.444445, [2252.1944444444443, 6384228, 204263608, 364068, 49400505, 84962]] [3902940126.0, [29511.0, 2666607, 85328676, 86895, 77870628, 92307]] [301304356, [32, 195230, 6247200, 13150, 6247200, 13130]] [5035993084.0, [9978.0, 3327942, 106002464, 38734, 103509152, 115866]] [392555096, [359, 272070, 8678448, 5062, 7767792, 9938]] [295683559258.0, [4077.0, 191813655, 6138012243, 5340891, 6137123727, 7106488]] [1246456604.0, [276.0, 823990, 26356864, 33054, 25506688, 39328]]
Arch_Param: [32, 16384, 4096, 32, 1024, 16]
Samsung_cost: [9594542666.0, [1569507.0, 6280225, 401768440, 3146785, 50351288, 394337]] [15286368846.0, [2473071.0, 9891951, 633078564, 4912239, 85328676, 668271]] [1275038520, [208650, 834580, 53412640, 417300, 6677280, 52170]] [20798230512, [3403412, 13613608, 871270432, 6806824, 108910624, 850868]] [1492993428, [244318, 977254, 62543920, 488630, 7818032, 61084]] [1172093195502.0, [191798295.0, 767192703, 49100323923, 383602047, 6138057555, 47954907]] [36279878610, [5936659, 23746619, 1519783616, 11908155, 189976256, 1488528]]
Model_cost: [5491713539.444445, [2252.1944444444443, 3193953, 204263608, 364065, 49400505, 84962]] [3897607134.0, [29511.0, 1333359, 85328676, 86895, 77870628, 92307]] [300939296, [32, 104020, 6247200, 13140, 6247200, 13130]] [5029403120.0, [9978.0, 1680616, 106002464, 38704, 103509152, 115866]] [392013400, [359, 136646, 8678448, 5062, 7767792, 9938]] [295299933802.0, [4077.0, 95907291, 6138012243, 5340891, 6137123727, 7106488]] [1244808990.0, [276.0, 412411, 26356864, 32995, 25506688, 39328]]
Arch_Param: [32, 16384, 2048, 4, 256, 16]
Samsung_cost: [39548629954.0, [12800677.0, 102405697, 1638358008, 12858433, 203074744, 1587489]] [15474313806.0, [4946031.0, 39567471, 633078564, 4912239, 85328676, 668271]] [1290895940, [417290, 3338290, 53412640, 417330, 6677280, 52170]] [21056890644, [6806804, 54454402, 871270432, 6806914, 108910624, 850868]] [1702269228, [550278, 4402182, 70434864, 550278, 8804400, 68790]] [1186669853838.0, [383596431.0, 3068770335, 49100323923, 383602047, 6138057555, 47954907]] [38162376476, [12350495, 98803948, 1580863168, 12489964, 195940032, 1535120]]
Model_cost: [27537722354.0, [28823.0, 80564801, 1288904952, 2316545, 49400505, 84962]] [5501607102.0, [62415.0, 10223727, 163578660, 201327, 77870628, 92307]] [302086264, [53, 390450, 6247200, 13170, 6247200, 13130]] [5049502868, [19934, 6635394, 106002464, 38794, 103509152, 115862]] [1625869084, [5646, 4343302, 69427248, 91654, 7767792, 9938]] [420929129914.0, [11223.0, 767215743, 12275433555, 14219799, 6137123727, 7106488]] [1682820146.0, [1625.5, 2983404, 47652928, 113364, 25506688, 39328]]
Arch_Param: [32, 16384, 2048, 4, 512, 16]
Samsung_cost: [39343818960.0, [12800677.0, 51203108, 1638358008, 12858404, 203074744, 1587489]] [15395179086.0, [4946031.0, 19783791, 633078564, 4912239, 85328676, 668271]] [1284218940, [417290, 1669150, 53412640, 417310, 6677280, 52170]] [20947980540, [6806804, 27227206, 871270432, 6806854, 108910624, 850868]] [1693464876, [550278, 2201094, 70434864, 550278, 8804400, 68790]] [1180532313486.0, [383596431.0, 1534385247, 49100323923, 383602047, 6138057555, 47954907]] [37964765984, [12350495, 49401974, 1580863168, 12489846, 195940032, 1535120]]
Model_cost: [27376593152.0, [28823.0, 40282660, 1288904952, 2316516, 49400505, 84962]] [5481159870.0, [62415.0, 5111919, 163578660, 201327, 77870628, 92307]] [301304944, [53, 195230, 6247200, 13150, 6247200, 13130]] [5036271740, [19934, 3327942, 106002464, 38734, 103509152, 115862]] [1617201948, [5646, 2176518, 69427248, 91654, 7767792, 9938]] [419394701818.0, [11223.0, 383608719, 12275433555, 14219799, 6137123727, 7106488]] [1676850742.0, [1625.5, 1491702, 47652928, 113246, 25506688, 39328]]
Arch_Param: [32, 16384, 2048, 4, 1024, 16]
Samsung_cost: [39241463938.0, [12800677.0, 25614369, 1638358008, 12858401, 203074744, 1587489]] [15355611726.0, [4946031.0, 9891951, 633078564, 4912239, 85328676, 668271]] [1280880440, [417290, 834580, 53412640, 417300, 6677280, 52170]] [20893525488, [6806804, 13613608, 871270432, 6806824, 108910624, 850868]] [1689062700, [550278, 1100550, 70434864, 550278, 8804400, 68790]] [1177463543310.0, [383596431.0, 767192703, 49100323923, 383602047, 6138057555, 47954907]] [37865960738, [12350495, 24700987, 1580863168, 12489787, 195940032, 1535120]]
Model_cost: [27296078514.0, [28823.0, 20154017, 1288904952, 2316513, 49400505, 84962]] [5470936254.0, [62415.0, 2556015, 163578660, 201327, 77870628, 92307]] [300939884, [53, 104020, 6247200, 13140, 6247200, 13130]] [5029681776, [19934, 1680616, 106002464, 38704, 103509152, 115862]] [1612868380, [5646, 1093126, 69427248, 91654, 7767792, 9938]] [418627487770.0, [11223.0, 191805207, 12275433555, 14219799, 6137123727, 7106488]] [1673878584.0, [1625.5, 748987, 47652928, 113187, 25506688, 39328]]
Arch_Param: [32, 16384, 2048, 8, 256, 16]
Samsung_cost: [19823470018.0, [6413989.0, 51312193, 820923384, 6444097, 102001848, 797857]] [15474313806.0, [4946031.0, 39567471, 633078564, 4912239, 85328676, 668271]] [1290895940, [417290, 3338290, 53412640, 417330, 6677280, 52170]] [21056890644, [6806804, 54454402, 871270432, 6806914, 108910624, 850868]] [1586052620, [512710, 4101638, 65626160, 512710, 8203312, 64094]] [1186669853838.0, [383596431.0, 3068770335, 49100323923, 383602047, 6138057555, 47954907]] [37241960220, [12043295, 96346348, 1541541568, 12113132, 192138944, 1505424]]
Model_cost: [14958945412.0, [14894.5, 41814593, 668963704, 1200129, 49400505, 84962]] [3914429310.0, [58911.0, 5333103, 85328676, 86895, 77870628, 92307]] [302086264, [53, 390450, 6247200, 13170, 6247200, 13130]] [5049502868, [19934, 6635394, 106002464, 38794, 103509152, 115862]] [921823404, [2826, 2171654, 34713648, 45830, 7767792, 9938]] [296450919874.0, [7995.0, 383626383, 6138012243, 5340891, 6137123727, 7106488]] [1381700970.0, [955.5, 2055020, 32839552, 62484, 25506688, 39328]]
Arch_Param: [32, 16384, 2048, 8, 512, 16]
Samsung_cost: [19720846032.0, [6413989.0, 25656356, 820923384, 6444068, 102001848, 797857]] [15395179086.0, [4946031.0, 19783791, 633078564, 4912239, 85328676, 668271]] [1284218940, [417290, 1669150, 53412640, 417310, 6677280, 52170]] [20947980540, [6806804, 27227206, 871270432, 6806854, 108910624, 850868]] [1577849356, [512710, 2050822, 65626160, 512710, 8203312, 64094]] [1180532313486.0, [383596431.0, 1534385247, 49100323923, 383602047, 6138057555, 47954907]] [37049264928, [12043295, 48173174, 1541541568, 12113014, 192138944, 1505424]]
Model_cost: [14875316626.0, [14894.5, 20907556, 668963704, 1200100, 49400505, 84962]] [3903763326.0, [58911.0, 2666607, 85328676, 86895, 77870628, 92307]] [301304944, [53, 195230, 6247200, 13150, 6247200, 13130]] [5036271740, [19934, 3327942, 106002464, 38734, 103509152, 115862]] [917489836, [2826, 1088262, 34713648, 45830, 7767792, 9938]] [295683668962.0, [7995.0, 191813655, 6138012243, 5340891, 6137123727, 7106488]] [1377588334.0, [955.5, 1027510, 32839552, 62366, 25506688, 39328]]
Arch_Param: [32, 16384, 2048, 8, 1024, 16]
Samsung_cost: [19669559938.0, [6413989.0, 12834849, 820923384, 6444065, 102001848, 797857]] [15355611726.0, [4946031.0, 9891951, 633078564, 4912239, 85328676, 668271]] [1280880440, [417290, 834580, 53412640, 417300, 6677280, 52170]] [20893525488, [6806804, 13613608, 871270432, 6806824, 108910624, 850868]] [1573747724, [512710, 1025414, 65626160, 512710, 8203312, 64094]] [1177463543310.0, [383596431.0, 767192703, 49100323923, 383602047, 6138057555, 47954907]] [36952917282, [12043295, 24086587, 1541541568, 12112955, 192138944, 1505424]]
Model_cost: [14833527364.0, [14894.5, 10460257, 668963704, 1200097, 49400505, 84962]] [3898430334.0, [58911.0, 1333359, 85328676, 86895, 77870628, 92307]] [300939884, [53, 104020, 6247200, 13140, 6247200, 13130]] [5029681776, [19934, 1680616, 106002464, 38704, 103509152, 115862]] [915323052, [2826, 546566, 34713648, 45830, 7767792, 9938]] [295300043506.0, [7995.0, 95907291, 6138012243, 5340891, 6137123727, 7106488]] [1375538288.0, [955.5, 515323, 32839552, 62307, 25506688, 39328]]
Arch_Param: [32, 16384, 2048, 16, 256, 16]
Samsung_cost: [9960890050.0, [3220645.0, 25765441, 412206072, 3236929, 51465400, 403041]] [15474313806.0, [4946031.0, 39567471, 633078564, 4912239, 85328676, 668271]] [1290895940, [417290, 3338290, 53412640, 417330, 6677280, 52170]] [21056890644, [6806804, 54454402, 871270432, 6806914, 108910624, 850868]] [1527944316, [493926, 3951366, 63221808, 493926, 7902768, 61746]] [1186669853838.0, [383596431.0, 3068770335, 49100323923, 383602047, 6138057555, 47954907]] [36781752092, [11889695, 95117548, 1521880768, 11924716, 190238400, 1490576]]
Model_cost: [8672269860.0, [7942.5, 22447809, 359126200, 642689, 49400505, 84962]] [3914429310.0, [58911.0, 5333103, 85328676, 86895, 77870628, 92307]] [302086264, [53, 390450, 6247200, 13170, 6247200, 13130]] [5049502868, [19934, 6635394, 106002464, 38794, 103509152, 115862]] [569800564, [1416, 1085830, 17356848, 22918, 7767792, 9938]] [296450919874.0, [7995.0, 383626383, 6138012243, 5340891, 6137123727, 7106488]] [1293749562.0, [679.5, 1783660, 28517760, 43284, 25506688, 39328]]
Arch_Param: [32, 16384, 2048, 16, 512, 16]
Samsung_cost: [9909359568.0, [3220645.0, 12882980, 412206072, 3236900, 51465400, 403041]] [15395179086.0, [4946031.0, 19783791, 633078564, 4912239, 85328676, 668271]] [1284218940, [417290, 1669150, 53412640, 417310, 6677280, 52170]] [20947980540, [6806804, 27227206, 871270432, 6806854, 108910624, 850868]] [1520041596, [493926, 1975686, 63221808, 493926, 7902768, 61746]] [1180532313486.0, [383596431.0, 1534385247, 49100323923, 383602047, 6138057555, 47954907]] [36591514400, [11889695, 47558774, 1521880768, 11924598, 190238400, 1490576]]
Model_cost: [8627374642.0, [7942.5, 11224164, 359126200, 642660, 49400505, 84962]] [3903763326.0, [58911.0, 2666607, 85328676, 86895, 77870628, 92307]] [301304944, [53, 195230, 6247200, 13150, 6247200, 13130]] [5036271740, [19934, 3327942, 106002464, 38734, 103509152, 115862]] [567633780, [1416, 544134, 17356848, 22918, 7767792, 9938]] [295683668962.0, [7995.0, 191813655, 6138012243, 5340891, 6137123727, 7106488]] [1290179646.0, [679.5, 891830, 28517760, 43166, 25506688, 39328]]
Arch_Param: [32, 16384, 2048, 16, 1024, 16]
Samsung_cost: [9883607938.0, [3220645.0, 6445089, 412206072, 3236897, 51465400, 403041]] [15355611726.0, [4946031.0, 9891951, 633078564, 4912239, 85328676, 668271]] [1280880440, [417290, 834580, 53412640, 417300, 6677280, 52170]] [20893525488, [6806804, 13613608, 871270432, 6806824, 108910624, 850868]] [1516090236, [493926, 987846, 63221808, 493926, 7902768, 61746]] [1177463543310.0, [383596431.0, 767192703, 49100323923, 383602047, 6138057555, 47954907]] [36496395554, [11889695, 23779387, 1521880768, 11924539, 190238400, 1490576]]
Model_cost: [8604939748.0, [7942.5, 5615457, 359126200, 642657, 49400505, 84962]] [3898430334.0, [58911.0, 1333359, 85328676, 86895, 77870628, 92307]] [300939884, [53, 104020, 6247200, 13140, 6247200, 13130]] [5029681776, [19934, 1680616, 106002464, 38704, 103509152, 115862]] [566550388, [1416, 273286, 17356848, 22918, 7767792, 9938]] [295300043506.0, [7995.0, 95907291, 6138012243, 5340891, 6137123727, 7106488]] [1288397888.0, [679.5, 446715, 28517760, 43107, 25506688, 39328]]
Arch_Param: [32, 16384, 2048, 32, 256, 16]
Samsung_cost: [9713816258.0, [3138981.0, 25112129, 401768440, 3146817, 50351288, 394337]] [15474313806.0, [4946031.0, 39567471, 633078564, 4912239, 85328676, 668271]] [1290895940, [417290, 3338290, 53412640, 417330, 6677280, 52170]] [21056890644, [6806804, 54454402, 871270432, 6806914, 108910624, 850868]] [1511561140, [488630, 3908998, 62543920, 488630, 7818032, 61084]] [1186669853838.0, [383596431.0, 3068770335, 49100323923, 383602047, 6138057555, 47954907]] [36731068188, [11873311, 94986476, 1519783616, 11908332, 189976256, 1488528]]
Model_cost: [5530072180.0, [4466.5, 12767937, 204263608, 364097, 49400505, 84962]] [3914429310.0, [58911.0, 5333103, 85328676, 86895, 77870628, 92307]] [302086264, [53, 390450, 6247200, 13170, 6247200, 13130]] [5049502868, [19934, 6635394, 106002464, 38794, 103509152, 115862]] [393648344, [711, 542918, 8678448, 5062, 7767792, 9938]] [296450919874.0, [7995.0, 383626383, 6138012243, 5340891, 6137123727, 7106488]] [1249762552.0, [540.0, 1647980, 26356864, 33172, 25506688, 39328]]
Arch_Param: [32, 16384, 2048, 32, 512, 16]
Samsung_cost: [9663592400.0, [3138981.0, 12556324, 401768440, 3146788, 50351288, 394337]] [15395179086.0, [4946031.0, 19783791, 633078564, 4912239, 85328676, 668271]] [1284218940, [417290, 1669150, 53412640, 417310, 6677280, 52170]] [20947980540, [6806804, 27227206, 871270432, 6806854, 108910624, 850868]] [1503743156, [488630, 1954502, 62543920, 488630, 7818032, 61084]] [1180532313486.0, [383596431.0, 1534385247, 49100323923, 383602047, 6138057555, 47954907]] [36541092640, [11873311, 47493238, 1519783616, 11908214, 189976256, 1488528]]
Model_cost: [5504536706.0, [4466.5, 6384228, 204263608, 364068, 49400505, 84962]] [3903763326.0, [58911.0, 2666607, 85328676, 86895, 77870628, 92307]] [301304944, [53, 195230, 6247200, 13150, 6247200, 13130]] [5036271740, [19934, 3327942, 106002464, 38734, 103509152, 115862]] [392564952, [711, 272070, 8678448, 5062, 7767792, 9938]] [295683668962.0, [7995.0, 191813655, 6138012243, 5340891, 6137123727, 7106488]] [1246463996.0, [540.0, 823990, 26356864, 33054, 25506688, 39328]]
Arch_Param: [32, 16384, 2048, 32, 1024, 16]
Samsung_cost: [9638487938.0, [3138981.0, 6280225, 401768440, 3146785, 50351288, 394337]] [15355611726.0, [4946031.0, 9891951, 633078564, 4912239, 85328676, 668271]] [1280880440, [417290, 834580, 53412640, 417300, 6677280, 52170]] [20893525488, [6806804, 13613608, 871270432, 6806824, 108910624, 850868]] [1499834164, [488630, 977254, 62543920, 488630, 7818032, 61084]] [1177463543310.0, [383596431.0, 767192703, 49100323923, 383602047, 6138057555, 47954907]] [36446104866, [11873311, 23746619, 1519783616, 11908155, 189976256, 1488528]]
Model_cost: [5491775540.0, [4466.5, 3193953, 204263608, 364065, 49400505, 84962]] [3898430334.0, [58911.0, 1333359, 85328676, 86895, 77870628, 92307]] [300939884, [53, 104020, 6247200, 13140, 6247200, 13130]] [5029681776, [19934, 1680616, 106002464, 38704, 103509152, 115862]] [392023256, [711, 136646, 8678448, 5062, 7767792, 9938]] [295300043506.0, [7995.0, 95907291, 6138012243, 5340891, 6137123727, 7106488]] [1244816382.0, [540.0, 412411, 26356864, 32995, 25506688, 39328]]
Arch_Param: [32, 16384, 1024, 4, 256, 16]
Samsung_cost: [39907047986.0, [25601321.0, 102405697, 1638358008, 12858433, 203074744, 1587489]] [15612799566, [9891951, 39567471, 633078564, 4912239, 85328676, 668271]] [1302580060, [834580, 3338290, 53412640, 417330, 6677280, 52170]] [21247481156, [13613608, 54454402, 871270432, 6806914, 108910624, 850868]] [1717676844, [1100550, 4402182, 70434864, 550278, 8804400, 68790]] [1197410549454, [767192703, 3068770335, 49100323923, 383602047, 6138057555, 47954907]] [38508190252, [24700987, 98803948, 1580863168, 12489964, 195940032, 1535120]]
Model_cost: [27538528250.0, [57605.0, 80564801, 1288904952, 2316545, 49400505, 84962]] [5503351614.0, [124719.0, 10223727, 163578660, 201327, 77870628, 92307]] [302087720, [105, 390450, 6247200, 13170, 6247200, 13130]] [5050060684, [39856, 6635394, 106002464, 38794, 103509152, 115862]] [1626027004, [11286, 4343302, 69427248, 91654, 7767792, 9938]] [420929418202.0, [21519.0, 767215743, 12275433555, 14219799, 6137123727, 7106488]] [1682865268.0, [3237.0, 2983404, 47652928, 113364, 25506688, 39328]]
Arch_Param: [32, 16384, 1024, 4, 512, 16]
Samsung_cost: [39702236992.0, [25601321.0, 51203108, 1638358008, 12858404, 203074744, 1587489]] [15533664846, [9891951, 19783791, 633078564, 4912239, 85328676, 668271]] [1295903060, [834580, 1669150, 53412640, 417310, 6677280, 52170]] [21138571052, [13613608, 27227206, 871270432, 6806854, 108910624, 850868]] [1708872492, [1100550, 2201094, 70434864, 550278, 8804400, 68790]] [1191273009102, [767192703, 1534385247, 49100323923, 383602047, 6138057555, 47954907]] [38310579760, [24700987, 49401974, 1580863168, 12489846, 195940032, 1535120]]
Model_cost: [27377399048.0, [57605.0, 40282660, 1288904952, 2316516, 49400505, 84962]] [5482904382.0, [124719.0, 5111919, 163578660, 201327, 77870628, 92307]] [301306400, [105, 195230, 6247200, 13150, 6247200, 13130]] [5036829556, [39856, 3327942, 106002464, 38734, 103509152, 115862]] [1617359868, [11286, 2176518, 69427248, 91654, 7767792, 9938]] [419394990106.0, [21519.0, 383608719, 12275433555, 14219799, 6137123727, 7106488]] [1676895864.0, [3237.0, 1491702, 47652928, 113246, 25506688, 39328]]
Arch_Param: [32, 16384, 1024, 4, 1024, 16]
Samsung_cost: [39599881970.0, [25601321.0, 25614369, 1638358008, 12858401, 203074744, 1587489]] [15494097486, [9891951, 9891951, 633078564, 4912239, 85328676, 668271]] [1292564560, [834580, 834580, 53412640, 417300, 6677280, 52170]] [21084116000, [13613608, 13613608, 871270432, 6806824, 108910624, 850868]] [1704470316, [1100550, 1100550, 70434864, 550278, 8804400, 68790]] [1188204238926, [767192703, 767192703, 49100323923, 383602047, 6138057555, 47954907]] [38211774514, [24700987, 24700987, 1580863168, 12489787, 195940032, 1535120]]
Model_cost: [27296884410.0, [57605.0, 20154017, 1288904952, 2316513, 49400505, 84962]] [5472680766.0, [124719.0, 2556015, 163578660, 201327, 77870628, 92307]] [300941340, [105, 104020, 6247200, 13140, 6247200, 13130]] [5030239592, [39856, 1680616, 106002464, 38704, 103509152, 115862]] [1613026300, [11286, 1093126, 69427248, 91654, 7767792, 9938]] [418627776058.0, [21519.0, 191805207, 12275433555, 14219799, 6137123727, 7106488]] [1673923706.0, [3237.0, 748987, 47652928, 113187, 25506688, 39328]]
Arch_Param: [32, 16384, 1024, 8, 256, 16]
Samsung_cost: [20003060786.0, [12827945.0, 51312193, 820923384, 6444097, 102001848, 797857]] [15612799566, [9891951, 39567471, 633078564, 4912239, 85328676, 668271]] [1302580060, [834580, 3338290, 53412640, 417330, 6677280, 52170]] [21247481156, [13613608, 54454402, 871270432, 6806914, 108910624, 850868]] [1600408332, [1025414, 4101638, 65626160, 512710, 8203312, 64094]] [1197410549454, [767192703, 3068770335, 49100323923, 383602047, 6138057555, 47954907]] [37579172396, [24086587, 96346348, 1541541568, 12113132, 192138944, 1505424]]
Model_cost: [14959361226.0, [29745.0, 41814593, 668963704, 1200129, 49400505, 84962]] [3916075710.0, [117711.0, 5333103, 85328676, 86895, 77870628, 92307]] [302087720, [105, 390450, 6247200, 13170, 6247200, 13130]] [5050060684, [39856, 6635394, 106002464, 38794, 103509152, 115862]] [921902364, [5646, 2171654, 34713648, 45830, 7767792, 9938]] [296451139282.0, [15831.0, 383626383, 6138012243, 5340891, 6137123727, 7106488]] [1381727528.0, [1904.0, 2055020, 32839552, 62484, 25506688, 39328]]
Arch_Param: [32, 16384, 1024, 8, 512, 16]
Samsung_cost: [19900436800.0, [12827945.0, 25656356, 820923384, 6444068, 102001848, 797857]] [15533664846, [9891951, 19783791, 633078564, 4912239, 85328676, 668271]] [1295903060, [834580, 1669150, 53412640, 417310, 6677280, 52170]] [21138571052, [13613608, 27227206, 871270432, 6806854, 108910624, 850868]] [1592205068, [1025414, 2050822, 65626160, 512710, 8203312, 64094]] [1191273009102, [767192703, 1534385247, 49100323923, 383602047, 6138057555, 47954907]] [37386477104, [24086587, 48173174, 1541541568, 12113014, 192138944, 1505424]]
Model_cost: [14875732440.0, [29745.0, 20907556, 668963704, 1200100, 49400505, 84962]] [3905409726.0, [117711.0, 2666607, 85328676, 86895, 77870628, 92307]] [301306400, [105, 195230, 6247200, 13150, 6247200, 13130]] [5036829556, [39856, 3327942, 106002464, 38734, 103509152, 115862]] [917568796, [5646, 1088262, 34713648, 45830, 7767792, 9938]] [295683888370.0, [15831.0, 191813655, 6138012243, 5340891, 6137123727, 7106488]] [1377614892.0, [1904.0, 1027510, 32839552, 62366, 25506688, 39328]]
Arch_Param: [32, 16384, 1024, 8, 1024, 16]
Samsung_cost: [19849150706.0, [12827945.0, 12834849, 820923384, 6444065, 102001848, 797857]] [15494097486, [9891951, 9891951, 633078564, 4912239, 85328676, 668271]] [1292564560, [834580, 834580, 53412640, 417300, 6677280, 52170]] [21084116000, [13613608, 13613608, 871270432, 6806824, 108910624, 850868]] [1588103436, [1025414, 1025414, 65626160, 512710, 8203312, 64094]] [1188204238926, [767192703, 767192703, 49100323923, 383602047, 6138057555, 47954907]] [37290129458, [24086587, 24086587, 1541541568, 12112955, 192138944, 1505424]]
Model_cost: [14833943178.0, [29745.0, 10460257, 668963704, 1200097, 49400505, 84962]] [3900076734.0, [117711.0, 1333359, 85328676, 86895, 77870628, 92307]] [300941340, [105, 104020, 6247200, 13140, 6247200, 13130]] [5030239592, [39856, 1680616, 106002464, 38704, 103509152, 115862]] [915402012, [5646, 546566, 34713648, 45830, 7767792, 9938]] [295300262914.0, [15831.0, 95907291, 6138012243, 5340891, 6137123727, 7106488]] [1375564846.0, [1904.0, 515323, 32839552, 62307, 25506688, 39328]]
Arch_Param: [32, 16384, 1024, 16, 256, 16]
Samsung_cost: [10051067186.0, [6441257.0, 25765441, 412206072, 3236929, 51465400, 403041]] [15612799566, [9891951, 39567471, 633078564, 4912239, 85328676, 668271]] [1302580060, [834580, 3338290, 53412640, 417330, 6677280, 52170]] [21247481156, [13613608, 54454402, 871270432, 6806914, 108910624, 850868]] [1541774076, [987846, 3951366, 63221808, 493926, 7902768, 61746]] [1197410549454, [767192703, 3068770335, 49100323923, 383602047, 6138057555, 47954907]] [37114663468, [23779387, 95117548, 1521880768, 11924716, 190238400, 1490576]]
Model_cost: [8672490934.0, [15838.0, 22447809, 359126200, 642689, 49400505, 84962]] [3916075710.0, [117711.0, 5333103, 85328676, 86895, 77870628, 92307]] [302087720, [105, 390450, 6247200, 13170, 6247200, 13130]] [5050060684, [39856, 6635394, 106002464, 38794, 103509152, 115862]] [569840044, [2826, 1085830, 17356848, 22918, 7767792, 9938]] [296451139282.0, [15831.0, 383626383, 6138012243, 5340891, 6137123727, 7106488]] [1293768420.0, [1353.0, 1783660, 28517760, 43284, 25506688, 39328]]
Arch_Param: [32, 16384, 1024, 16, 512, 16]
Samsung_cost: [9999536704.0, [6441257.0, 12882980, 412206072, 3236900, 51465400, 403041]] [15533664846, [9891951, 19783791, 633078564, 4912239, 85328676, 668271]] [1295903060, [834580, 1669150, 53412640, 417310, 6677280, 52170]] [21138571052, [13613608, 27227206, 871270432, 6806854, 108910624, 850868]] [1533871356, [987846, 1975686, 63221808, 493926, 7902768, 61746]] [1191273009102, [767192703, 1534385247, 49100323923, 383602047, 6138057555, 47954907]] [36924425776, [23779387, 47558774, 1521880768, 11924598, 190238400, 1490576]]
Model_cost: [8627595716.0, [15838.0, 11224164, 359126200, 642660, 49400505, 84962]] [3905409726.0, [117711.0, 2666607, 85328676, 86895, 77870628, 92307]] [301306400, [105, 195230, 6247200, 13150, 6247200, 13130]] [5036829556, [39856, 3327942, 106002464, 38734, 103509152, 115862]] [567673260, [2826, 544134, 17356848, 22918, 7767792, 9938]] [295683888370.0, [15831.0, 191813655, 6138012243, 5340891, 6137123727, 7106488]] [1290198504.0, [1353.0, 891830, 28517760, 43166, 25506688, 39328]]
Arch_Param: [32, 16384, 1024, 16, 1024, 16]
Samsung_cost: [9973785074.0, [6441257.0, 6445089, 412206072, 3236897, 51465400, 403041]] [15494097486, [9891951, 9891951, 633078564, 4912239, 85328676, 668271]] [1292564560, [834580, 834580, 53412640, 417300, 6677280, 52170]] [21084116000, [13613608, 13613608, 871270432, 6806824, 108910624, 850868]] [1529919996, [987846, 987846, 63221808, 493926, 7902768, 61746]] [1188204238926, [767192703, 767192703, 49100323923, 383602047, 6138057555, 47954907]] [36829306930, [23779387, 23779387, 1521880768, 11924539, 190238400, 1490576]]
Model_cost: [8605160822.0, [15838.0, 5615457, 359126200, 642657, 49400505, 84962]] [3900076734.0, [117711.0, 1333359, 85328676, 86895, 77870628, 92307]] [300941340, [105, 104020, 6247200, 13140, 6247200, 13130]] [5030239592, [39856, 1680616, 106002464, 38704, 103509152, 115862]] [566589868, [2826, 273286, 17356848, 22918, 7767792, 9938]] [295300262914.0, [15831.0, 95907291, 6138012243, 5340891, 6137123727, 7106488]] [1288416746.0, [1353.0, 446715, 28517760, 43107, 25506688, 39328]]
Arch_Param: [32, 16384, 1024, 32, 256, 16]
Samsung_cost: [9801706802.0, [6277929.0, 25112129, 401768440, 3146817, 50351288, 394337]] [15612799566, [9891951, 39567471, 633078564, 4912239, 85328676, 668271]] [1302580060, [834580, 3338290, 53412640, 417330, 6677280, 52170]] [21247481156, [13613608, 54454402, 871270432, 6806914, 108910624, 850868]] [1525242612, [977254, 3908998, 62543920, 488630, 7818032, 61084]] [1197410549454, [767192703, 3068770335, 49100323923, 383602047, 6138057555, 47954907]] [37063520812, [23746619, 94986476, 1519783616, 11908332, 189976256, 1488528]]
Model_cost: [5530196150.0, [8894.0, 12767937, 204263608, 364097, 49400505, 84962]] [3916075710.0, [117711.0, 5333103, 85328676, 86895, 77870628, 92307]] [302087720, [105, 390450, 6247200, 13170, 6247200, 13130]] [5050060684, [39856, 6635394, 106002464, 38794, 103509152, 115862]] [393668084, [1416, 542918, 8678448, 5062, 7767792, 9938]] [296451139282.0, [15831.0, 383626383, 6138012243, 5340891, 6137123727, 7106488]] [1249777588.0, [1077.0, 1647980, 26356864, 33172, 25506688, 39328]]
Arch_Param: [32, 16384, 1024, 32, 512, 16]
Samsung_cost: [9751482944.0, [6277929.0, 12556324, 401768440, 3146788, 50351288, 394337]] [15533664846, [9891951, 19783791, 633078564, 4912239, 85328676, 668271]] [1295903060, [834580, 1669150, 53412640, 417310, 6677280, 52170]] [21138571052, [13613608, 27227206, 871270432, 6806854, 108910624, 850868]] [1517424628, [977254, 1954502, 62543920, 488630, 7818032, 61084]] [1191273009102, [767192703, 1534385247, 49100323923, 383602047, 6138057555, 47954907]] [36873545264, [23746619, 47493238, 1519783616, 11908214, 189976256, 1488528]]
Model_cost: [5504660676.0, [8894.0, 6384228, 204263608, 364068, 49400505, 84962]] [3905409726.0, [117711.0, 2666607, 85328676, 86895, 77870628, 92307]] [301306400, [105, 195230, 6247200, 13150, 6247200, 13130]] [5036829556, [39856, 3327942, 106002464, 38734, 103509152, 115862]] [392584692, [1416, 272070, 8678448, 5062, 7767792, 9938]] [295683888370.0, [15831.0, 191813655, 6138012243, 5340891, 6137123727, 7106488]] [1246479032.0, [1077.0, 823990, 26356864, 33054, 25506688, 39328]]
Arch_Param: [32, 16384, 1024, 32, 1024, 16]
Samsung_cost: [9726378482.0, [6277929.0, 6280225, 401768440, 3146785, 50351288, 394337]] [15494097486, [9891951, 9891951, 633078564, 4912239, 85328676, 668271]] [1292564560, [834580, 834580, 53412640, 417300, 6677280, 52170]] [21084116000, [13613608, 13613608, 871270432, 6806824, 108910624, 850868]] [1513515636, [977254, 977254, 62543920, 488630, 7818032, 61084]] [1188204238926, [767192703, 767192703, 49100323923, 383602047, 6138057555, 47954907]] [36778557490, [23746619, 23746619, 1519783616, 11908155, 189976256, 1488528]]
Model_cost: [5491899510.0, [8894.0, 3193953, 204263608, 364065, 49400505, 84962]] [3900076734.0, [117711.0, 1333359, 85328676, 86895, 77870628, 92307]] [300941340, [105, 104020, 6247200, 13140, 6247200, 13130]] [5030239592, [39856, 1680616, 106002464, 38704, 103509152, 115862]] [392042996, [1416, 136646, 8678448, 5062, 7767792, 9938]] [295300262914.0, [15831.0, 95907291, 6138012243, 5340891, 6137123727, 7106488]] [1244831418.0, [1077.0, 412411, 26356864, 32995, 25506688, 39328]]
