[[0, 0, 0, 0, 0, 0, 0, 0, 0, 0, 0], [0, 0, 0, 0, 0, 0, 0, 0, 0, 0, 0], [0, 0, 0, 0, 0, 0, 0, 0, 0, 0, 0], [0, 0, 0, 0, 0, 0, 0, 0, 0, 0, 0]]
Arch_Param: [32, 4096, 32768, 4, 256, 16]
Samsung_cost: [39212611829.44444, [800029.6944444445, 102405697, 1638358008, 12858433, 203074744, 1587489]] [15344483406.0, [309231.0, 39567471, 633078564, 4912239, 85328676, 668271]] [1279942340.0, [26090.0, 3338290, 53412640, 417330, 6677280, 52170]] [20878212564.0, [425444.0, 54454402, 871270432, 6806914, 108910624, 850868]] [1687824588.0, [34398.0, 4402182, 70434864, 550278, 8804400, 68790]] [1176600451698.0, [23974926.0, 3068770335, 49100323923, 383602047, 6138057555, 47954907]] [37838176460.0, [771920.0, 98803948, 1580863168, 12489964, 195940032, 1535123]]
Model_cost: [27604475839.20333, [1845.1858333333332, 80564801, 1288904952, 5243969, 49400505, 195874]] [5515233990.0, [4005.0, 10223727, 163578660, 625263, 77870628, 304299]] [302452494.6666667, [12.666666666666666, 390450, 6247200, 13170, 6247200, 26250]] [5057384919.333334, [1270.8333333333333, 6635394, 106002464, 38794, 103509152, 416027]] [1632214048.0, [359.0, 4343302, 69492784, 300294, 7768304, 30576]] [422143249216.80005, [812.1000000000001, 767215743, 12275433555, 47953431, 6137123727, 23973306]] [1685856746.851923, [118.24471153846154, 2983404, 47652928, 173012, 25506688, 102419]]
Arch_Param: [32, 4096, 32768, 4, 512, 16]
Samsung_cost: [39007800835.44444, [800029.6944444445, 51203108, 1638358008, 12858404, 203074744, 1587489]] [15265348686.0, [309231.0, 19783791, 633078564, 4912239, 85328676, 668271]] [1273265340.0, [26090.0, 1669150, 53412640, 417310, 6677280, 52170]] [20769302460.0, [425444.0, 27227206, 871270432, 6806854, 108910624, 850868]] [1679020236.0, [34398.0, 2201094, 70434864, 550278, 8804400, 68790]] [1170462911346.0, [23974926.0, 1534385247, 49100323923, 383602047, 6138057555, 47954907]] [37640565968.0, [771920.0, 49401974, 1580863168, 12489846, 195940032, 1535123]]
Model_cost: [27443346637.20333, [1845.1858333333332, 40282660, 1288904952, 5243940, 49400505, 195874]] [5494786758.0, [4005.0, 5111919, 163578660, 625263, 77870628, 304299]] [301671174.6666667, [12.666666666666666, 195230, 6247200, 13150, 6247200, 26250]] [5044153791.333334, [1270.8333333333333, 3327942, 106002464, 38734, 103509152, 416027]] [1623609376.0, [359.0, 2192134, 69492784, 300294, 7768304, 30576]] [420608821120.80005, [812.1000000000001, 383608719, 12275433555, 47953431, 6137123727, 23973306]] [1679887342.851923, [118.24471153846154, 1491702, 47652928, 172894, 25506688, 102419]]
Arch_Param: [32, 4096, 32768, 4, 1024, 16]
Samsung_cost: [38905445813.44444, [800029.6944444445, 25614369, 1638358008, 12858401, 203074744, 1587489]] [15225781326.0, [309231.0, 9891951, 633078564, 4912239, 85328676, 668271]] [1269926840.0, [26090.0, 834580, 53412640, 417300, 6677280, 52170]] [20714847408.0, [425444.0, 13613608, 871270432, 6806824, 108910624, 850868]] [1674618060.0, [34398.0, 1100550, 70434864, 550278, 8804400, 68790]] [1167394141170.0, [23974926.0, 767192703, 49100323923, 383602047, 6138057555, 47954907]] [37541760722.0, [771920.0, 24700987, 1580863168, 12489787, 195940032, 1535123]]
Model_cost: [27362831999.20333, [1845.1858333333332, 20154017, 1288904952, 5243937, 49400505, 195874]] [5484563142.0, [4005.0, 2556015, 163578660, 625263, 77870628, 304299]] [301306114.6666667, [12.666666666666666, 104020, 6247200, 13140, 6247200, 26250]] [5037563827.333334, [1270.8333333333333, 1680616, 106002464, 38704, 103509152, 416027]] [1618249504.0, [359.0, 1094662, 69427248, 316678, 7767792, 30384]] [419841607072.80005, [812.1000000000001, 191805207, 12275433555, 47953431, 6137123727, 23973306]] [1676915184.851923, [118.24471153846154, 748987, 47652928, 172835, 25506688, 102419]]
Arch_Param: [32, 4096, 32768, 8, 256, 16]
Samsung_cost: [19655103050.77778, [400883.02777777775, 51312193, 820923384, 6444097, 102001848, 797857]] [15344483406.0, [309231.0, 39567471, 633078564, 4912239, 85328676, 668271]] [1279942340.0, [26090.0, 3338290, 53412640, 417330, 6677280, 52170]] [20878212564.0, [425444.0, 54454402, 871270432, 6806914, 108910624, 850868]] [1572594140.0, [32050.0, 4101638, 65626160, 512710, 8203312, 64094]] [1176600451698.0, [23974926.0, 3068770335, 49100323923, 383602047, 6138057555, 47954907]] [36925824204.0, [752720.0, 96346348, 1541541568, 12113132, 192138944, 1505427]]
Model_cost: [14995068708.951668, [971.1054166666667, 41814593, 668963704, 2718657, 49400505, 195874]] [3918821586.0, [3786.0, 5333103, 85328676, 86895, 77870628, 304299]] [302452494.6666667, [12.666666666666666, 390450, 6247200, 13170, 6247200, 26250]] [5057384919.333334, [1270.8333333333333, 6635394, 106002464, 38794, 103509152, 416027]] [925291994.4, [182.8, 2171654, 34746416, 150150, 7768304, 30576]] [296922984545.4001, [629.5500000000001, 383626383, 6138012243, 5340891, 6137123727, 23973306]] [1383789238.3134615, [75.22548076923076, 2055020, 32839552, 78228, 25506688, 102419]]
Arch_Param: [32, 4096, 32768, 8, 512, 16]
Samsung_cost: [19552479064.77778, [400883.02777777775, 25656356, 820923384, 6444068, 102001848, 797857]] [15265348686.0, [309231.0, 19783791, 633078564, 4912239, 85328676, 668271]] [1273265340.0, [26090.0, 1669150, 53412640, 417310, 6677280, 52170]] [20769302460.0, [425444.0, 27227206, 871270432, 6806854, 108910624, 850868]] [1564390876.0, [32050.0, 2050822, 65626160, 512710, 8203312, 64094]] [1170462911346.0, [23974926.0, 1534385247, 49100323923, 383602047, 6138057555, 47954907]] [36733128912.0, [752720.0, 48173174, 1541541568, 12113014, 192138944, 1505427]]
Model_cost: [14911439922.951668, [971.1054166666667, 20907556, 668963704, 2718628, 49400505, 195874]] [3908155602.0, [3786.0, 2666607, 85328676, 86895, 77870628, 304299]] [301671174.6666667, [12.666666666666666, 195230, 6247200, 13150, 6247200, 26250]] [5044153791.333334, [1270.8333333333333, 3327942, 106002464, 38734, 103509152, 416027]] [920989658.4, [182.8, 1096070, 34746416, 150150, 7768304, 30576]] [296155733633.4001, [629.5500000000001, 191813655, 6138012243, 5340891, 6137123727, 23973306]] [1379676602.3134615, [75.22548076923076, 1027510, 32839552, 78110, 25506688, 102419]]
Arch_Param: [32, 4096, 32768, 8, 1024, 16]
Samsung_cost: [19501192970.77778, [400883.02777777775, 12834849, 820923384, 6444065, 102001848, 797857]] [15225781326.0, [309231.0, 9891951, 633078564, 4912239, 85328676, 668271]] [1269926840.0, [26090.0, 834580, 53412640, 417300, 6677280, 52170]] [20714847408.0, [425444.0, 13613608, 871270432, 6806824, 108910624, 850868]] [1560289244.0, [32050.0, 1025414, 65626160, 512710, 8203312, 64094]] [1167394141170.0, [23974926.0, 767192703, 49100323923, 383602047, 6138057555, 47954907]] [36636781266.0, [752720.0, 24086587, 1541541568, 12112955, 192138944, 1505427]]
Model_cost: [14869650660.951668, [971.1054166666667, 10460257, 668963704, 2718625, 49400505, 195874]] [3902822610.0, [3786.0, 1333359, 85328676, 86895, 77870628, 304299]] [301306114.6666667, [12.666666666666666, 104020, 6247200, 13140, 6247200, 26250]] [5037563827.333334, [1270.8333333333333, 1680616, 106002464, 38704, 103509152, 416027]] [918299872.0, [183.0, 547334, 34713648, 158342, 7767792, 30384]] [295772108177.4001, [629.5500000000001, 95907291, 6138012243, 5340891, 6137123727, 23973306]] [1377626556.3134615, [75.22548076923076, 515323, 32839552, 78051, 25506688, 102419]]
Arch_Param: [32, 4096, 32768, 16, 256, 16]
Samsung_cost: [9876348661.444445, [201309.69444444444, 25765441, 412206072, 3236929, 51465400, 403041]] [15344483406.0, [309231.0, 39567471, 633078564, 4912239, 85328676, 668271]] [1279942340.0, [26090.0, 3338290, 53412640, 417330, 6677280, 52170]] [20878212564.0, [425444.0, 54454402, 871270432, 6806914, 108910624, 850868]] [1514978916.0, [30876.0, 3951366, 63221808, 493926, 7902768, 61746]] [1176600451698.0, [23974926.0, 3068770335, 49100323923, 383602047, 6138057555, 47954907]] [36469648076.0, [743120.0, 95117548, 1521880768, 11924716, 190238400, 1490579]]
Model_cost: [8693081914.338333, [533.0120833333333, 22447809, 359126200, 1456961, 49400505, 195874]] [3918821586.0, [3786.0, 5333103, 85328676, 86895, 77870628, 304299]] [302452494.6666667, [12.666666666666666, 390450, 6247200, 13170, 6247200, 26250]] [5057384919.333334, [1270.8333333333333, 6635394, 106002464, 38794, 103509152, 416027]] [571830980.9777778, [95.17777777777778, 1085830, 17373232, 75078, 7768304, 30576]] [296922984545.4001, [629.5500000000001, 383626383, 6138012243, 5340891, 6137123727, 23973306]] [1295676094.771154, [57.24182692307692, 1783660, 28517760, 51348, 25506688, 102419]]
Arch_Param: [32, 4096, 32768, 16, 512, 16]
Samsung_cost: [9824818179.444445, [201309.69444444444, 12882980, 412206072, 3236900, 51465400, 403041]] [15265348686.0, [309231.0, 19783791, 633078564, 4912239, 85328676, 668271]] [1273265340.0, [26090.0, 1669150, 53412640, 417310, 6677280, 52170]] [20769302460.0, [425444.0, 27227206, 871270432, 6806854, 108910624, 850868]] [1507076196.0, [30876.0, 1975686, 63221808, 493926, 7902768, 61746]] [1170462911346.0, [23974926.0, 1534385247, 49100323923, 383602047, 6138057555, 47954907]] [36279410384.0, [743120.0, 47558774, 1521880768, 11924598, 190238400, 1490579]]
Model_cost: [8648186696.338333, [533.0120833333333, 11224164, 359126200, 1456932, 49400505, 195874]] [3908155602.0, [3786.0, 2666607, 85328676, 86895, 77870628, 304299]] [301671174.6666667, [12.666666666666666, 195230, 6247200, 13150, 6247200, 26250]] [5044153791.333334, [1270.8333333333333, 3327942, 106002464, 38734, 103509152, 416027]] [569676501.7777778, [95.77777777777777, 543942, 17356848, 91462, 7767792, 30384]] [296155733633.4001, [629.5500000000001, 191813655, 6138012243, 5340891, 6137123727, 23973306]] [1292106178.771154, [57.24182692307692, 891830, 28517760, 51230, 25506688, 102419]]
Arch_Param: [32, 4096, 32768, 16, 1024, 16]
Samsung_cost: [9799066549.444445, [201309.69444444444, 6445089, 412206072, 3236897, 51465400, 403041]] [15225781326.0, [309231.0, 9891951, 633078564, 4912239, 85328676, 668271]] [1269926840.0, [26090.0, 834580, 53412640, 417300, 6677280, 52170]] [20714847408.0, [425444.0, 13613608, 871270432, 6806824, 108910624, 850868]] [1503124836.0, [30876.0, 987846, 63221808, 493926, 7902768, 61746]] [1167394141170.0, [23974926.0, 767192703, 49100323923, 383602047, 6138057555, 47954907]] [36184291538.0, [743120.0, 23779387, 1521880768, 11924539, 190238400, 1490579]]
Model_cost: [8625751802.338333, [533.0120833333333, 5615457, 359126200, 1456929, 49400505, 195874]] [3902822610.0, [3786.0, 1333359, 85328676, 86895, 77870628, 304299]] [301306114.6666667, [12.666666666666666, 104020, 6247200, 13140, 6247200, 26250]] [5037563827.333334, [1270.8333333333333, 1680616, 106002464, 38704, 103509152, 416027]] [568325077.7777778, [95.77777777777777, 273670, 17356848, 79174, 7767792, 30384]] [295772108177.4001, [629.5500000000001, 95907291, 6138012243, 5340891, 6137123727, 23973306]] [1290324420.771154, [57.24182692307692, 446715, 28517760, 51171, 25506688, 102419]]
Arch_Param: [32, 4096, 32768, 32, 256, 16]
Samsung_cost: [9631418698.777779, [196211.02777777778, 25112129, 401768440, 3146817, 50351288, 394337]] [15344483406.0, [309231.0, 39567471, 633078564, 4912239, 85328676, 668271]] [1279942340.0, [26090.0, 3338290, 53412640, 417330, 6677280, 52170]] [20878212564.0, [425444.0, 54454402, 871270432, 6806914, 108910624, 850868]] [1498734760.0, [30545.0, 3908998, 62543920, 488630, 7818032, 61084]] [1176600451698.0, [23974926.0, 3068770335, 49100323923, 383602047, 6138057555, 47954907]] [36419394252.0, [742096.0, 94986476, 1519783616, 11908332, 189976256, 1488531]]
Model_cost: [5543232812.018333, [313.07208333333335, 12767937, 204263608, 826433, 49400505, 195874]] [3918821586.0, [3786.0, 5333103, 85328676, 86895, 77870628, 304299]] [302452494.6666667, [12.666666666666666, 390450, 6247200, 13170, 6247200, 26250]] [5057384919.333334, [1270.8333333333333, 6635394, 106002464, 38794, 103509152, 416027]] [394520356.4888889, [50.58888888888889, 542918, 8686640, 11174, 7768304, 30576]] [296922984545.4001, [629.5500000000001, 383626383, 6138012243, 5340891, 6137123727, 23973306]] [1251534831.8, [49.85, 1647980, 26356864, 34708, 25506688, 101907]]
Arch_Param: [32, 4096, 32768, 32, 512, 16]
Samsung_cost: [9581194840.777779, [196211.02777777778, 12556324, 401768440, 3146788, 50351288, 394337]] [15265348686.0, [309231.0, 19783791, 633078564, 4912239, 85328676, 668271]] [1273265340.0, [26090.0, 1669150, 53412640, 417310, 6677280, 52170]] [20769302460.0, [425444.0, 27227206, 871270432, 6806854, 108910624, 850868]] [1490916776.0, [30545.0, 1954502, 62543920, 488630, 7818032, 61084]] [1170462911346.0, [23974926.0, 1534385247, 49100323923, 383602047, 6138057555, 47954907]] [36229418704.0, [742096.0, 47493238, 1519783616, 11908214, 189976256, 1488531]]
Model_cost: [5517697338.018333, [313.07208333333335, 6384228, 204263608, 826404, 49400505, 195874]] [3908155602.0, [3786.0, 2666607, 85328676, 86895, 77870628, 304299]] [301671174.6666667, [12.666666666666666, 195230, 6247200, 13150, 6247200, 26250]] [5044153791.333334, [1270.8333333333333, 3327942, 106002464, 38734, 103509152, 416027]] [393433274.8888889, [51.388888888888886, 271974, 8678448, 19366, 7767792, 30384]] [296155733633.4001, [629.5500000000001, 191813655, 6138012243, 5340891, 6137123727, 23973306]] [1248236275.8, [49.85, 823990, 26356864, 34590, 25506688, 101907]]
Arch_Param: [32, 4096, 32768, 32, 1024, 16]
Samsung_cost: [9556090378.777779, [196211.02777777778, 6280225, 401768440, 3146785, 50351288, 394337]] [15225781326.0, [309231.0, 9891951, 633078564, 4912239, 85328676, 668271]] [1269926840.0, [26090.0, 834580, 53412640, 417300, 6677280, 52170]] [20714847408.0, [425444.0, 13613608, 871270432, 6806824, 108910624, 850868]] [1487007784.0, [30545.0, 977254, 62543920, 488630, 7818032, 61084]] [1167394141170.0, [23974926.0, 767192703, 49100323923, 383602047, 6138057555, 47954907]] [36134430930.0, [742096.0, 23746619, 1519783616, 11908155, 189976256, 1488531]]
Model_cost: [5504936172.018333, [313.07208333333335, 3193953, 204263608, 826401, 49400505, 195874]] [3902822610.0, [3786.0, 1333359, 85328676, 86895, 77870628, 304299]] [301306114.6666667, [12.666666666666666, 104020, 6247200, 13140, 6247200, 26250]] [5037563827.333334, [1270.8333333333333, 1680616, 106002464, 38704, 103509152, 416027]] [392757562.8888889, [51.388888888888886, 136838, 8678448, 13222, 7767792, 30384]] [295772108177.4001, [629.5500000000001, 95907291, 6138012243, 5340891, 6137123727, 23973306]] [1246588661.8, [49.85, 412411, 26356864, 34531, 25506688, 101907]]
Arch_Param: [32, 4096, 16384, 4, 256, 16]
Samsung_cost: [39235014176.0, [1600113.5, 102405697, 1638358008, 12858433, 203074744, 1587489]] [15353138766.0, [618351.0, 39567471, 633078564, 4912239, 85328676, 668271]] [1280672580.0, [52170.0, 3338290, 53412640, 417330, 6677280, 52170]] [20890124436.0, [850868.0, 54454402, 871270432, 6806914, 108910624, 850868]] [1688787564.0, [68790.0, 4402182, 70434864, 550278, 8804400, 68790]] [1177271745174.0, [47949693.0, 3068770335, 49100323923, 383602047, 6138057555, 47954907]] [37859789772.0, [1543824.0, 98803948, 1580863168, 12489964, 195940032, 1535123]]
Model_cost: [27604526265.12162, [3646.1114864864867, 80564801, 1288904952, 5243969, 49400505, 195874]] [5515343022.0, [7899.0, 10223727, 163578660, 625263, 77870628, 304299]] [302452569.3333333, [15.333333333333332, 390450, 6247200, 13170, 6247200, 26250]] [5057419662.666666, [2511.6666666666665, 6635394, 106002464, 38794, 103509152, 416027]] [1632223932.0, [712.0, 4343302, 69492784, 300294, 7768304, 30576]] [422143267503.5999, [1465.2000000000003, 767215743, 12275433555, 47953431, 6137123727, 23973306]] [1685859607.55, [220.41250000000002, 2983404, 47652928, 173012, 25506688, 102419]]
Arch_Param: [32, 4096, 16384, 4, 512, 16]
Samsung_cost: [39030203182.0, [1600113.5, 51203108, 1638358008, 12858404, 203074744, 1587489]] [15274004046.0, [618351.0, 19783791, 633078564, 4912239, 85328676, 668271]] [1273995580.0, [52170.0, 1669150, 53412640, 417310, 6677280, 52170]] [20781214332.0, [850868.0, 27227206, 871270432, 6806854, 108910624, 850868]] [1679983212.0, [68790.0, 2201094, 70434864, 550278, 8804400, 68790]] [1171134204822.0, [47949693.0, 1534385247, 49100323923, 383602047, 6138057555, 47954907]] [37662179280.0, [1543824.0, 49401974, 1580863168, 12489846, 195940032, 1535123]]
Model_cost: [27443397063.12162, [3646.1114864864867, 40282660, 1288904952, 5243940, 49400505, 195874]] [5494895790.0, [7899.0, 5111919, 163578660, 625263, 77870628, 304299]] [301671249.3333333, [15.333333333333332, 195230, 6247200, 13150, 6247200, 26250]] [5044188534.666666, [2511.6666666666665, 3327942, 106002464, 38734, 103509152, 416027]] [1623619260.0, [712.0, 2192134, 69492784, 300294, 7768304, 30576]] [420608839407.5999, [1465.2000000000003, 383608719, 12275433555, 47953431, 6137123727, 23973306]] [1679890203.55, [220.41250000000002, 1491702, 47652928, 172894, 25506688, 102419]]
Arch_Param: [32, 4096, 16384, 4, 1024, 16]
Samsung_cost: [38927848160.0, [1600113.5, 25614369, 1638358008, 12858401, 203074744, 1587489]] [15234436686.0, [618351.0, 9891951, 633078564, 4912239, 85328676, 668271]] [1270657080.0, [52170.0, 834580, 53412640, 417300, 6677280, 52170]] [20726759280.0, [850868.0, 13613608, 871270432, 6806824, 108910624, 850868]] [1675581036.0, [68790.0, 1100550, 70434864, 550278, 8804400, 68790]] [1168065434646.0, [47949693.0, 767192703, 49100323923, 383602047, 6138057555, 47954907]] [37563374034.0, [1543824.0, 24700987, 1580863168, 12489787, 195940032, 1535123]]
Model_cost: [27362882425.12162, [3646.1114864864867, 20154017, 1288904952, 5243937, 49400505, 195874]] [5484672174.0, [7899.0, 2556015, 163578660, 625263, 77870628, 304299]] [301306189.3333333, [15.333333333333332, 104020, 6247200, 13140, 6247200, 26250]] [5037598570.666666, [2511.6666666666665, 1680616, 106002464, 38704, 103509152, 416027]] [1618259360.0, [711.0, 1094662, 69427248, 316678, 7767792, 30384]] [419841625359.5999, [1465.2000000000003, 191805207, 12275433555, 47953431, 6137123727, 23973306]] [1676918045.55, [220.41250000000002, 748987, 47652928, 172835, 25506688, 102419]]
Arch_Param: [32, 4096, 16384, 8, 256, 16]
Samsung_cost: [19666328096.0, [801777.5, 51312193, 820923384, 6444097, 102001848, 797857]] [15353138766.0, [618351.0, 39567471, 633078564, 4912239, 85328676, 668271]] [1280672580.0, [52170.0, 3338290, 53412640, 417330, 6677280, 52170]] [20890124436.0, [850868.0, 54454402, 871270432, 6806914, 108910624, 850868]] [1573491372.0, [64094.0, 4101638, 65626160, 512710, 8203312, 64094]] [1177271745174.0, [47949693.0, 3068770335, 49100323923, 383602047, 6138057555, 47954907]] [36946899916.0, [1505424.0, 96346348, 1541541568, 12113132, 192138944, 1505427]]
Model_cost: [14995094809.860811, [1903.2807432432433, 41814593, 668963704, 2718657, 49400505, 195874]] [3918924486.0, [7461.0, 5333103, 85328676, 86895, 77870628, 304299]] [302452569.3333333, [15.333333333333332, 390450, 6247200, 13170, 6247200, 26250]] [5057419662.666666, [2511.6666666666665, 6635394, 106002464, 38794, 103509152, 416027]] [925296928.0, [359.0, 2171654, 34746416, 150150, 7768304, 30576]] [296922997720.7999, [1100.1000000000001, 383626383, 6138012243, 5340891, 6137123727, 23973306]] [1383790909.55, [134.9125, 2055020, 32839552, 78228, 25506688, 102419]]
Arch_Param: [32, 4096, 16384, 8, 512, 16]
Samsung_cost: [19563704110.0, [801777.5, 25656356, 820923384, 6444068, 102001848, 797857]] [15274004046.0, [618351.0, 19783791, 633078564, 4912239, 85328676, 668271]] [1273995580.0, [52170.0, 1669150, 53412640, 417310, 6677280, 52170]] [20781214332.0, [850868.0, 27227206, 871270432, 6806854, 108910624, 850868]] [1565288108.0, [64094.0, 2050822, 65626160, 512710, 8203312, 64094]] [1171134204822.0, [47949693.0, 1534385247, 49100323923, 383602047, 6138057555, 47954907]] [36754204624.0, [1505424.0, 48173174, 1541541568, 12113014, 192138944, 1505427]]
Model_cost: [14911466023.860811, [1903.2807432432433, 20907556, 668963704, 2718628, 49400505, 195874]] [3908258502.0, [7461.0, 2666607, 85328676, 86895, 77870628, 304299]] [301671249.3333333, [15.333333333333332, 195230, 6247200, 13150, 6247200, 26250]] [5044188534.666666, [2511.6666666666665, 3327942, 106002464, 38734, 103509152, 416027]] [920994592.0, [359.0, 1096070, 34746416, 150150, 7768304, 30576]] [296155746808.7999, [1100.1000000000001, 191813655, 6138012243, 5340891, 6137123727, 23973306]] [1379678273.55, [134.9125, 1027510, 32839552, 78110, 25506688, 102419]]
Arch_Param: [32, 4096, 16384, 8, 1024, 16]
Samsung_cost: [19512418016.0, [801777.5, 12834849, 820923384, 6444065, 102001848, 797857]] [15234436686.0, [618351.0, 9891951, 633078564, 4912239, 85328676, 668271]] [1270657080.0, [52170.0, 834580, 53412640, 417300, 6677280, 52170]] [20726759280.0, [850868.0, 13613608, 871270432, 6806824, 108910624, 850868]] [1561186476.0, [64094.0, 1025414, 65626160, 512710, 8203312, 64094]] [1168065434646.0, [47949693.0, 767192703, 49100323923, 383602047, 6138057555, 47954907]] [36657856978.0, [1505424.0, 24086587, 1541541568, 12112955, 192138944, 1505427]]
Model_cost: [14869676761.860811, [1903.2807432432433, 10460257, 668963704, 2718625, 49400505, 195874]] [3902925510.0, [7461.0, 1333359, 85328676, 86895, 77870628, 304299]] [301306189.3333333, [15.333333333333332, 104020, 6247200, 13140, 6247200, 26250]] [5037598570.666666, [2511.6666666666665, 1680616, 106002464, 38704, 103509152, 416027]] [918304800.0, [359.0, 547334, 34713648, 158342, 7767792, 30384]] [295772121352.7999, [1100.1000000000001, 95907291, 6138012243, 5340891, 6137123727, 23973306]] [1377628227.55, [134.9125, 515323, 32839552, 78051, 25506688, 102419]]
Arch_Param: [32, 4096, 16384, 16, 256, 16]
Samsung_cost: [9881985056.0, [402609.5, 25765441, 412206072, 3236929, 51465400, 403041]] [15353138766.0, [618351.0, 39567471, 633078564, 4912239, 85328676, 668271]] [1280672580.0, [52170.0, 3338290, 53412640, 417330, 6677280, 52170]] [20890124436.0, [850868.0, 54454402, 871270432, 6806914, 108910624, 850868]] [1515843276.0, [61746.0, 3951366, 63221808, 493926, 7902768, 61746]] [1177271745174.0, [47949693.0, 3068770335, 49100323923, 383602047, 6138057555, 47954907]] [36490454988.0, [1486224.0, 95117548, 1521880768, 11924716, 190238400, 1490579]]
Model_cost: [8693095848.455406, [1030.6591216216216, 22447809, 359126200, 1456961, 49400505, 195874]] [3918924486.0, [7461.0, 5333103, 85328676, 86895, 77870628, 304299]] [302452569.3333333, [15.333333333333332, 390450, 6247200, 13170, 6247200, 26250]] [5057419662.666666, [2511.6666666666665, 6635394, 106002464, 38794, 103509152, 416027]] [571833449.3333334, [183.33333333333334, 1085830, 17373232, 75078, 7768304, 30576]] [296922997720.7999, [1100.1000000000001, 383626383, 6138012243, 5340891, 6137123727, 23973306]] [1295677253.85, [98.63749999999999, 1783660, 28517760, 51348, 25506688, 102419]]
Arch_Param: [32, 4096, 16384, 16, 512, 16]
Samsung_cost: [9830454574.0, [402609.5, 12882980, 412206072, 3236900, 51465400, 403041]] [15274004046.0, [618351.0, 19783791, 633078564, 4912239, 85328676, 668271]] [1273995580.0, [52170.0, 1669150, 53412640, 417310, 6677280, 52170]] [20781214332.0, [850868.0, 27227206, 871270432, 6806854, 108910624, 850868]] [1507940556.0, [61746.0, 1975686, 63221808, 493926, 7902768, 61746]] [1171134204822.0, [47949693.0, 1534385247, 49100323923, 383602047, 6138057555, 47954907]] [36300217296.0, [1486224.0, 47558774, 1521880768, 11924598, 190238400, 1490579]]
Model_cost: [8648200630.455406, [1030.6591216216216, 11224164, 359126200, 1456932, 49400505, 195874]] [3908258502.0, [7461.0, 2666607, 85328676, 86895, 77870628, 304299]] [301671249.3333333, [15.333333333333332, 195230, 6247200, 13150, 6247200, 26250]] [5044188534.666666, [2511.6666666666665, 3327942, 106002464, 38734, 103509152, 416027]] [569678944.0, [183.0, 543942, 17356848, 91462, 7767792, 30384]] [296155746808.7999, [1100.1000000000001, 191813655, 6138012243, 5340891, 6137123727, 23973306]] [1292107337.85, [98.63749999999999, 891830, 28517760, 51230, 25506688, 102419]]
Arch_Param: [32, 4096, 16384, 16, 1024, 16]
Samsung_cost: [9804702944.0, [402609.5, 6445089, 412206072, 3236897, 51465400, 403041]] [15234436686.0, [618351.0, 9891951, 633078564, 4912239, 85328676, 668271]] [1270657080.0, [52170.0, 834580, 53412640, 417300, 6677280, 52170]] [20726759280.0, [850868.0, 13613608, 871270432, 6806824, 108910624, 850868]] [1503989196.0, [61746.0, 987846, 63221808, 493926, 7902768, 61746]] [1168065434646.0, [47949693.0, 767192703, 49100323923, 383602047, 6138057555, 47954907]] [36205098450.0, [1486224.0, 23779387, 1521880768, 11924539, 190238400, 1490579]]
Model_cost: [8625765736.455406, [1030.6591216216216, 5615457, 359126200, 1456929, 49400505, 195874]] [3902925510.0, [7461.0, 1333359, 85328676, 86895, 77870628, 304299]] [301306189.3333333, [15.333333333333332, 104020, 6247200, 13140, 6247200, 26250]] [5037598570.666666, [2511.6666666666665, 1680616, 106002464, 38704, 103509152, 416027]] [568327520.0, [183.0, 273670, 17356848, 79174, 7767792, 30384]] [295772121352.7999, [1100.1000000000001, 95907291, 6138012243, 5340891, 6137123727, 23973306]] [1290325579.85, [98.63749999999999, 446715, 28517760, 51171, 25506688, 102419]]
Arch_Param: [32, 4096, 16384, 32, 256, 16]
Samsung_cost: [9636912032.0, [392401.5, 25112129, 401768440, 3146817, 50351288, 394337]] [15353138766.0, [618351.0, 39567471, 633078564, 4912239, 85328676, 668271]] [1280672580.0, [52170.0, 3338290, 53412640, 417330, 6677280, 52170]] [20890124436.0, [850868.0, 54454402, 871270432, 6806914, 108910624, 850868]] [1499589852.0, [61084.0, 3908998, 62543920, 488630, 7818032, 61084]] [1177271745174.0, [47949693.0, 3068770335, 49100323923, 383602047, 6138057555, 47954907]] [36440172492.0, [1484176.0, 94986476, 1519783616, 11908332, 189976256, 1488531]]
Model_cost: [5543240654.531081, [593.1618243243242, 12767937, 204263608, 826433, 49400505, 195874]] [3918924486.0, [7461.0, 5333103, 85328676, 86895, 77870628, 304299]] [302452569.3333333, [15.333333333333332, 390450, 6247200, 13170, 6247200, 26250]] [5057419662.666666, [2511.6666666666665, 6635394, 106002464, 38794, 103509152, 416027]] [394521786.6666667, [101.66666666666667, 542918, 8686640, 11174, 7768304, 30576]] [296922997720.7999, [1100.1000000000001, 383626383, 6138012243, 5340891, 6137123727, 23973306]] [1251535779.6, [83.7, 1647980, 26356864, 34708, 25506688, 101907]]
Arch_Param: [32, 4096, 16384, 32, 512, 16]
Samsung_cost: [9586688174.0, [392401.5, 12556324, 401768440, 3146788, 50351288, 394337]] [15274004046.0, [618351.0, 19783791, 633078564, 4912239, 85328676, 668271]] [1273995580.0, [52170.0, 1669150, 53412640, 417310, 6677280, 52170]] [20781214332.0, [850868.0, 27227206, 871270432, 6806854, 108910624, 850868]] [1491771868.0, [61084.0, 1954502, 62543920, 488630, 7818032, 61084]] [1171134204822.0, [47949693.0, 1534385247, 49100323923, 383602047, 6138057555, 47954907]] [36250196944.0, [1484176.0, 47493238, 1519783616, 11908214, 189976256, 1488531]]
Model_cost: [5517705180.531081, [593.1618243243242, 6384228, 204263608, 826404, 49400505, 195874]] [3908258502.0, [7461.0, 2666607, 85328676, 86895, 77870628, 304299]] [301671249.3333333, [15.333333333333332, 195230, 6247200, 13150, 6247200, 26250]] [5044188534.666666, [2511.6666666666665, 3327942, 106002464, 38734, 103509152, 416027]] [393434692.0, [102.0, 271974, 8678448, 19366, 7767792, 30384]] [296155746808.7999, [1100.1000000000001, 191813655, 6138012243, 5340891, 6137123727, 23973306]] [1248237223.6, [83.7, 823990, 26356864, 34590, 25506688, 101907]]
Arch_Param: [32, 4096, 16384, 32, 1024, 16]
Samsung_cost: [9561583712.0, [392401.5, 6280225, 401768440, 3146785, 50351288, 394337]] [15234436686.0, [618351.0, 9891951, 633078564, 4912239, 85328676, 668271]] [1270657080.0, [52170.0, 834580, 53412640, 417300, 6677280, 52170]] [20726759280.0, [850868.0, 13613608, 871270432, 6806824, 108910624, 850868]] [1487862876.0, [61084.0, 977254, 62543920, 488630, 7818032, 61084]] [1168065434646.0, [47949693.0, 767192703, 49100323923, 383602047, 6138057555, 47954907]] [36155209170.0, [1484176.0, 23746619, 1519783616, 11908155, 189976256, 1488531]]
Model_cost: [5504944014.531081, [593.1618243243242, 3193953, 204263608, 826401, 49400505, 195874]] [3902925510.0, [7461.0, 1333359, 85328676, 86895, 77870628, 304299]] [301306189.3333333, [15.333333333333332, 104020, 6247200, 13140, 6247200, 26250]] [5037598570.666666, [2511.6666666666665, 1680616, 106002464, 38704, 103509152, 416027]] [392758980.0, [102.0, 136838, 8678448, 13222, 7767792, 30384]] [295772121352.7999, [1100.1000000000001, 95907291, 6138012243, 5340891, 6137123727, 23973306]] [1246589609.6, [83.7, 412411, 26356864, 34531, 25506688, 101907]]
Arch_Param: [32, 4096, 8192, 4, 256, 16]
Samsung_cost: [39279816430.0, [3200194.0, 102405697, 1638358008, 12858433, 203074744, 1587489]] [15370449486.0, [1236591.0, 39567471, 633078564, 4912239, 85328676, 668271]] [1282133060, [104330, 3338290, 53412640, 417330, 6677280, 52170]] [20913948180, [1701716, 54454402, 871270432, 6806914, 108910624, 850868]] [1690713516, [137574, 4402182, 70434864, 550278, 8804400, 68790]] [1178614332126.0, [95899227.0, 3068770335, 49100323923, 383602047, 6138057555, 47954907]] [37903016396.0, [3087632.0, 98803948, 1580863168, 12489964, 195940032, 1535123]]
Model_cost: [27604627181.0, [7250.25, 80564801, 1288904952, 5243969, 49400505, 195874]] [5515561086.0, [15687.0, 10223727, 163578660, 625263, 77870628, 304299]] [302452718.6666667, [20.666666666666664, 390450, 6247200, 13170, 6247200, 26250]] [5057489429.333334, [5003.333333333333, 6635394, 106002464, 38794, 103509152, 416027]] [1632243700.0, [1418.0, 4343302, 69492784, 300294, 7768304, 30576]] [422143308378.0, [2925.0, 767215743, 12275433555, 47953431, 6137123727, 23973306]] [1685865437.5, [428.625, 2983404, 47652928, 173012, 25506688, 102419]]
Arch_Param: [32, 4096, 8192, 4, 512, 16]
Samsung_cost: [39075005436.0, [3200194.0, 51203108, 1638358008, 12858404, 203074744, 1587489]] [15291314766.0, [1236591.0, 19783791, 633078564, 4912239, 85328676, 668271]] [1275456060, [104330, 1669150, 53412640, 417310, 6677280, 52170]] [20805038076, [1701716, 27227206, 871270432, 6806854, 108910624, 850868]] [1681909164, [137574, 2201094, 70434864, 550278, 8804400, 68790]] [1172476791774.0, [95899227.0, 1534385247, 49100323923, 383602047, 6138057555, 47954907]] [37705405904.0, [3087632.0, 49401974, 1580863168, 12489846, 195940032, 1535123]]
Model_cost: [27443497979.0, [7250.25, 40282660, 1288904952, 5243940, 49400505, 195874]] [5495113854.0, [15687.0, 5111919, 163578660, 625263, 77870628, 304299]] [301671398.6666667, [20.666666666666664, 195230, 6247200, 13150, 6247200, 26250]] [5044258301.333334, [5003.333333333333, 3327942, 106002464, 38734, 103509152, 416027]] [1623639028.0, [1418.0, 2192134, 69492784, 300294, 7768304, 30576]] [420608880282.0, [2925.0, 383608719, 12275433555, 47953431, 6137123727, 23973306]] [1679896033.5, [428.625, 1491702, 47652928, 172894, 25506688, 102419]]
Arch_Param: [32, 4096, 8192, 4, 1024, 16]
Samsung_cost: [38972650414.0, [3200194.0, 25614369, 1638358008, 12858401, 203074744, 1587489]] [15251747406.0, [1236591.0, 9891951, 633078564, 4912239, 85328676, 668271]] [1272117560, [104330, 834580, 53412640, 417300, 6677280, 52170]] [20750583024, [1701716, 13613608, 871270432, 6806824, 108910624, 850868]] [1677506988, [137574, 1100550, 70434864, 550278, 8804400, 68790]] [1169408021598.0, [95899227.0, 767192703, 49100323923, 383602047, 6138057555, 47954907]] [37606600658.0, [3087632.0, 24700987, 1580863168, 12489787, 195940032, 1535123]]
Model_cost: [27362983341.0, [7250.25, 20154017, 1288904952, 5243937, 49400505, 195874]] [5484890238.0, [15687.0, 2556015, 163578660, 625263, 77870628, 304299]] [301306348.0, [21.0, 104020, 6247200, 13140, 6247200, 26250]] [5037668356.0, [5004.0, 1680616, 106002464, 38704, 103509152, 416027]] [1618279100.0, [1416.0, 1094662, 69427248, 316678, 7767792, 30384]] [419841666234.0, [2925.0, 191805207, 12275433555, 47953431, 6137123727, 23973306]] [1676923875.5, [428.625, 748987, 47652928, 172835, 25506688, 102419]]
Arch_Param: [32, 4096, 8192, 8, 256, 16]
Samsung_cost: [19688776942.0, [1603522.0, 51312193, 820923384, 6444097, 102001848, 797857]] [15370449486.0, [1236591.0, 39567471, 633078564, 4912239, 85328676, 668271]] [1282133060, [104330, 3338290, 53412640, 417330, 6677280, 52170]] [20913948180, [1701716, 54454402, 871270432, 6806914, 108910624, 850868]] [1575285836, [128182, 4101638, 65626160, 512710, 8203312, 64094]] [1178614332126.0, [95899227.0, 3068770335, 49100323923, 383602047, 6138057555, 47954907]] [36989051340.0, [3010832.0, 96346348, 1541541568, 12113132, 192138944, 1505427]]
Model_cost: [14995146732.277779, [3757.652777777778, 41814593, 668963704, 2718657, 49400505, 195874]] [3919130286.0, [14811.0, 5333103, 85328676, 86895, 77870628, 304299]] [302452718.6666667, [20.666666666666664, 390450, 6247200, 13170, 6247200, 26250]] [5057489429.333334, [5003.333333333333, 6635394, 106002464, 38794, 103509152, 416027]] [925306812.0, [712.0, 2171654, 34746416, 150150, 7768304, 30576]] [296923026222.0, [2118.0, 383626383, 6138012243, 5340891, 6137123727, 23973306]] [1383794429.5, [260.625, 2055020, 32839552, 78228, 25506688, 102419]]
Arch_Param: [32, 4096, 8192, 8, 512, 16]
Samsung_cost: [19586152956.0, [1603522.0, 25656356, 820923384, 6444068, 102001848, 797857]] [15291314766.0, [1236591.0, 19783791, 633078564, 4912239, 85328676, 668271]] [1275456060, [104330, 1669150, 53412640, 417310, 6677280, 52170]] [20805038076, [1701716, 27227206, 871270432, 6806854, 108910624, 850868]] [1567082572, [128182, 2050822, 65626160, 512710, 8203312, 64094]] [1172476791774.0, [95899227.0, 1534385247, 49100323923, 383602047, 6138057555, 47954907]] [36796356048.0, [3010832.0, 48173174, 1541541568, 12113014, 192138944, 1505427]]
Model_cost: [14911517946.277779, [3757.652777777778, 20907556, 668963704, 2718628, 49400505, 195874]] [3908464302.0, [14811.0, 2666607, 85328676, 86895, 77870628, 304299]] [301671398.6666667, [20.666666666666664, 195230, 6247200, 13150, 6247200, 26250]] [5044258301.333334, [5003.333333333333, 3327942, 106002464, 38734, 103509152, 416027]] [921004476.0, [712.0, 1096070, 34746416, 150150, 7768304, 30576]] [296155775310.0, [2118.0, 191813655, 6138012243, 5340891, 6137123727, 23973306]] [1379681793.5, [260.625, 1027510, 32839552, 78110, 25506688, 102419]]
Arch_Param: [32, 4096, 8192, 8, 1024, 16]
Samsung_cost: [19534866862.0, [1603522.0, 12834849, 820923384, 6444065, 102001848, 797857]] [15251747406.0, [1236591.0, 9891951, 633078564, 4912239, 85328676, 668271]] [1272117560, [104330, 834580, 53412640, 417300, 6677280, 52170]] [20750583024, [1701716, 13613608, 871270432, 6806824, 108910624, 850868]] [1562980940, [128182, 1025414, 65626160, 512710, 8203312, 64094]] [1169408021598.0, [95899227.0, 767192703, 49100323923, 383602047, 6138057555, 47954907]] [36700008402.0, [3010832.0, 24086587, 1541541568, 12112955, 192138944, 1505427]]
Model_cost: [14869728684.277779, [3757.652777777778, 10460257, 668963704, 2718625, 49400505, 195874]] [3903131310.0, [14811.0, 1333359, 85328676, 86895, 77870628, 304299]] [301306348.0, [21.0, 104020, 6247200, 13140, 6247200, 26250]] [5037668356.0, [5004.0, 1680616, 106002464, 38704, 103509152, 416027]] [918314656.0, [711.0, 547334, 34713648, 158342, 7767792, 30384]] [295772149854.0, [2118.0, 95907291, 6138012243, 5340891, 6137123727, 23973306]] [1377631747.5, [260.625, 515323, 32839552, 78051, 25506688, 102419]]
Arch_Param: [32, 4096, 8192, 16, 256, 16]
Samsung_cost: [9893257198.0, [805186.0, 25765441, 412206072, 3236929, 51465400, 403041]] [15370449486.0, [1236591.0, 39567471, 633078564, 4912239, 85328676, 668271]] [1282133060, [104330, 3338290, 53412640, 417330, 6677280, 52170]] [20913948180, [1701716, 54454402, 871270432, 6806914, 108910624, 850868]] [1517571996, [123486, 3951366, 63221808, 493926, 7902768, 61746]] [1178614332126.0, [95899227.0, 3068770335, 49100323923, 383602047, 6138057555, 47954907]] [36532068812.0, [2972432.0, 95117548, 1521880768, 11924716, 190238400, 1490579]]
Model_cost: [8693123753.38889, [2027.263888888889, 22447809, 359126200, 1456961, 49400505, 195874]] [3919130286.0, [14811.0, 5333103, 85328676, 86895, 77870628, 304299]] [302452718.6666667, [20.666666666666664, 390450, 6247200, 13170, 6247200, 26250]] [5057489429.333334, [5003.333333333333, 6635394, 106002464, 38794, 103509152, 416027]] [571838368.0, [359.0, 1085830, 17373232, 75078, 7768304, 30576]] [296923026222.0, [2118.0, 383626383, 6138012243, 5340891, 6137123727, 23973306]] [1295679752.5, [187.875, 1783660, 28517760, 51348, 25506688, 102419]]
Arch_Param: [32, 4096, 8192, 16, 512, 16]
Samsung_cost: [9841726716.0, [805186.0, 12882980, 412206072, 3236900, 51465400, 403041]] [15291314766.0, [1236591.0, 19783791, 633078564, 4912239, 85328676, 668271]] [1275456060, [104330, 1669150, 53412640, 417310, 6677280, 52170]] [20805038076, [1701716, 27227206, 871270432, 6806854, 108910624, 850868]] [1509669276, [123486, 1975686, 63221808, 493926, 7902768, 61746]] [1172476791774.0, [95899227.0, 1534385247, 49100323923, 383602047, 6138057555, 47954907]] [36341831120.0, [2972432.0, 47558774, 1521880768, 11924598, 190238400, 1490579]]
Model_cost: [8648228535.38889, [2027.263888888889, 11224164, 359126200, 1456932, 49400505, 195874]] [3908464302.0, [14811.0, 2666607, 85328676, 86895, 77870628, 304299]] [301671398.6666667, [20.666666666666664, 195230, 6247200, 13150, 6247200, 26250]] [5044258301.333334, [5003.333333333333, 3327942, 106002464, 38734, 103509152, 416027]] [569683872.0, [359.0, 543942, 17356848, 91462, 7767792, 30384]] [296155775310.0, [2118.0, 191813655, 6138012243, 5340891, 6137123727, 23973306]] [1292109836.5, [187.875, 891830, 28517760, 51230, 25506688, 102419]]
Arch_Param: [32, 4096, 8192, 16, 1024, 16]
Samsung_cost: [9815975086.0, [805186.0, 6445089, 412206072, 3236897, 51465400, 403041]] [15251747406.0, [1236591.0, 9891951, 633078564, 4912239, 85328676, 668271]] [1272117560, [104330, 834580, 53412640, 417300, 6677280, 52170]] [20750583024, [1701716, 13613608, 871270432, 6806824, 108910624, 850868]] [1505717916, [123486, 987846, 63221808, 493926, 7902768, 61746]] [1169408021598.0, [95899227.0, 767192703, 49100323923, 383602047, 6138057555, 47954907]] [36246712274.0, [2972432.0, 23779387, 1521880768, 11924539, 190238400, 1490579]]
Model_cost: [8625793641.38889, [2027.263888888889, 5615457, 359126200, 1456929, 49400505, 195874]] [3903131310.0, [14811.0, 1333359, 85328676, 86895, 77870628, 304299]] [301306348.0, [21.0, 104020, 6247200, 13140, 6247200, 26250]] [5037668356.0, [5004.0, 1680616, 106002464, 38704, 103509152, 416027]] [568332448.0, [359.0, 273670, 17356848, 79174, 7767792, 30384]] [295772149854.0, [2118.0, 95907291, 6138012243, 5340891, 6137123727, 23973306]] [1290328078.5, [187.875, 446715, 28517760, 51171, 25506688, 102419]]
Arch_Param: [32, 4096, 8192, 32, 256, 16]
Samsung_cost: [9647898350.0, [784770.0, 25112129, 401768440, 3146817, 50351288, 394337]] [15370449486.0, [1236591.0, 39567471, 633078564, 4912239, 85328676, 668271]] [1282133060, [104330, 3338290, 53412640, 417330, 6677280, 52170]] [20913948180, [1701716, 54454402, 871270432, 6806914, 108910624, 850868]] [1501300036, [122162, 3908998, 62543920, 488630, 7818032, 61084]] [1178614332126.0, [95899227.0, 3068770335, 49100323923, 383602047, 6138057555, 47954907]] [36481728972.0, [2968336.0, 94986476, 1519783616, 11908332, 189976256, 1488531]]
Model_cost: [5543256458.722222, [1157.5972222222222, 12767937, 204263608, 826433, 49400505, 195874]] [3919130286.0, [14811.0, 5333103, 85328676, 86895, 77870628, 304299]] [302452718.6666667, [20.666666666666664, 390450, 6247200, 13170, 6247200, 26250]] [5057489429.333334, [5003.333333333333, 6635394, 106002464, 38794, 103509152, 416027]] [394524073.3333333, [183.33333333333334, 542918, 8686640, 11174, 7768304, 30576]] [296923026222.0, [2118.0, 383626383, 6138012243, 5340891, 6137123727, 23973306]] [1251537664.0, [151.0, 1647980, 26356864, 34708, 25506688, 101907]]
Arch_Param: [32, 4096, 8192, 32, 512, 16]
Samsung_cost: [9597674492.0, [784770.0, 12556324, 401768440, 3146788, 50351288, 394337]] [15291314766.0, [1236591.0, 19783791, 633078564, 4912239, 85328676, 668271]] [1275456060, [104330, 1669150, 53412640, 417310, 6677280, 52170]] [20805038076, [1701716, 27227206, 871270432, 6806854, 108910624, 850868]] [1493482052, [122162, 1954502, 62543920, 488630, 7818032, 61084]] [1172476791774.0, [95899227.0, 1534385247, 49100323923, 383602047, 6138057555, 47954907]] [36291753424.0, [2968336.0, 47493238, 1519783616, 11908214, 189976256, 1488531]]
Model_cost: [5517720984.722222, [1157.5972222222222, 6384228, 204263608, 826404, 49400505, 195874]] [3908464302.0, [14811.0, 2666607, 85328676, 86895, 77870628, 304299]] [301671398.6666667, [20.666666666666664, 195230, 6247200, 13150, 6247200, 26250]] [5044258301.333334, [5003.333333333333, 3327942, 106002464, 38734, 103509152, 416027]] [393436960.0, [183.0, 271974, 8678448, 19366, 7767792, 30384]] [296155775310.0, [2118.0, 191813655, 6138012243, 5340891, 6137123727, 23973306]] [1248239108.0, [151.0, 823990, 26356864, 34590, 25506688, 101907]]
Arch_Param: [32, 4096, 8192, 32, 1024, 16]
Samsung_cost: [9572570030.0, [784770.0, 6280225, 401768440, 3146785, 50351288, 394337]] [15251747406.0, [1236591.0, 9891951, 633078564, 4912239, 85328676, 668271]] [1272117560, [104330, 834580, 53412640, 417300, 6677280, 52170]] [20750583024, [1701716, 13613608, 871270432, 6806824, 108910624, 850868]] [1489573060, [122162, 977254, 62543920, 488630, 7818032, 61084]] [1169408021598.0, [95899227.0, 767192703, 49100323923, 383602047, 6138057555, 47954907]] [36196765650.0, [2968336.0, 23746619, 1519783616, 11908155, 189976256, 1488531]]
Model_cost: [5504959818.722222, [1157.5972222222222, 3193953, 204263608, 826401, 49400505, 195874]] [3903131310.0, [14811.0, 1333359, 85328676, 86895, 77870628, 304299]] [301306348.0, [21.0, 104020, 6247200, 13140, 6247200, 26250]] [5037668356.0, [5004.0, 1680616, 106002464, 38704, 103509152, 416027]] [392761248.0, [183.0, 136838, 8678448, 13222, 7767792, 30384]] [295772149854.0, [2118.0, 95907291, 6138012243, 5340891, 6137123727, 23973306]] [1246591494.0, [151.0, 412411, 26356864, 34531, 25506688, 101907]]
Arch_Param: [32, 4096, 4096, 4, 256, 16]
Samsung_cost: [39369420938.0, [6400355.0, 102405697, 1638358008, 12858433, 203074744, 1587489]] [15405070926.0, [2473071.0, 39567471, 633078564, 4912239, 85328676, 668271]] [1285054020, [208650, 3338290, 53412640, 417330, 6677280, 52170]] [20961595668, [3403412, 54454402, 871270432, 6806914, 108910624, 850868]] [1694565420, [275142, 4402182, 70434864, 550278, 8804400, 68790]] [1181299506030.0, [191798295.0, 3068770335, 49100323923, 383602047, 6138057555, 47954907]] [37989469728, [6175251, 98803948, 1580863168, 12489964, 195940032, 1535123]]
Model_cost: [27604828396.0, [14436.5, 80564801, 1288904952, 5243969, 49400505, 195874]] [5515997214.0, [31263.0, 10223727, 163578660, 625263, 77870628, 304299]] [302453036.0, [32.0, 390450, 6247200, 13170, 6247200, 26250]] [5057628720.0, [9978.0, 6635394, 106002464, 38794, 103509152, 416027]] [1632283236.0, [2830.0, 4343302, 69492784, 300294, 7768304, 30576]] [422143385826.0, [5691.0, 767215743, 12275433555, 47953431, 6137123727, 23973306]] [1685876795.0, [834.25, 2983404, 47652928, 173012, 25506688, 102419]]
Arch_Param: [32, 4096, 4096, 4, 512, 16]
Samsung_cost: [39164609944.0, [6400355.0, 51203108, 1638358008, 12858404, 203074744, 1587489]] [15325936206.0, [2473071.0, 19783791, 633078564, 4912239, 85328676, 668271]] [1278377020, [208650, 1669150, 53412640, 417310, 6677280, 52170]] [20852685564, [3403412, 27227206, 871270432, 6806854, 108910624, 850868]] [1685761068, [275142, 2201094, 70434864, 550278, 8804400, 68790]] [1175161965678.0, [191798295.0, 1534385247, 49100323923, 383602047, 6138057555, 47954907]] [37791859236, [6175251, 49401974, 1580863168, 12489846, 195940032, 1535123]]
Model_cost: [27443699194.0, [14436.5, 40282660, 1288904952, 5243940, 49400505, 195874]] [5495549982.0, [31263.0, 5111919, 163578660, 625263, 77870628, 304299]] [301671716.0, [32.0, 195230, 6247200, 13150, 6247200, 26250]] [5044397592.0, [9978.0, 3327942, 106002464, 38734, 103509152, 416027]] [1623678564.0, [2830.0, 2192134, 69492784, 300294, 7768304, 30576]] [420608957730.0, [5691.0, 383608719, 12275433555, 47953431, 6137123727, 23973306]] [1679907391.0, [834.25, 1491702, 47652928, 172894, 25506688, 102419]]
Arch_Param: [32, 4096, 4096, 4, 1024, 16]
Samsung_cost: [39062254922.0, [6400355.0, 25614369, 1638358008, 12858401, 203074744, 1587489]] [15286368846.0, [2473071.0, 9891951, 633078564, 4912239, 85328676, 668271]] [1275038520, [208650, 834580, 53412640, 417300, 6677280, 52170]] [20798230512, [3403412, 13613608, 871270432, 6806824, 108910624, 850868]] [1681358892, [275142, 1100550, 70434864, 550278, 8804400, 68790]] [1172093195502.0, [191798295.0, 767192703, 49100323923, 383602047, 6138057555, 47954907]] [37693053990, [6175251, 24700987, 1580863168, 12489787, 195940032, 1535123]]
Model_cost: [27363184556.0, [14436.5, 20154017, 1288904952, 5243937, 49400505, 195874]] [5485326366.0, [31263.0, 2556015, 163578660, 625263, 77870628, 304299]] [301306656.0, [32.0, 104020, 6247200, 13140, 6247200, 26250]] [5037807628.0, [9978.0, 1680616, 106002464, 38704, 103509152, 416027]] [1618318580.0, [2826.0, 1094662, 69427248, 316678, 7767792, 30384]] [419841743682.0, [5691.0, 191805207, 12275433555, 47953431, 6137123727, 23973306]] [1676935233.0, [834.25, 748987, 47652928, 172835, 25506688, 102419]]
Arch_Param: [32, 4096, 4096, 8, 256, 16]
Samsung_cost: [19733674634.0, [3207011.0, 51312193, 820923384, 6444097, 102001848, 797857]] [15405070926.0, [2473071.0, 39567471, 633078564, 4912239, 85328676, 668271]] [1285054020, [208650, 3338290, 53412640, 417330, 6677280, 52170]] [20961595668, [3403412, 54454402, 871270432, 6806914, 108910624, 850868]] [1578874764, [256358, 4101638, 65626160, 512710, 8203312, 64094]] [1181299506030.0, [191798295.0, 3068770335, 49100323923, 383602047, 6138057555, 47954907]] [37073354272, [6021651, 96346348, 1541541568, 12113132, 192138944, 1505427]]
Model_cost: [14995250755.0, [7472.75, 41814593, 668963704, 2718657, 49400505, 195874]] [3919541886.0, [29511.0, 5333103, 85328676, 86895, 77870628, 304299]] [302453036.0, [32.0, 390450, 6247200, 13170, 6247200, 26250]] [5057628720.0, [9978.0, 6635394, 106002464, 38794, 103509152, 416027]] [925326580.0, [1418.0, 2171654, 34746416, 150150, 7768304, 30576]] [296923081074.0, [4077.0, 383626383, 6138012243, 5340891, 6137123727, 23973306]] [1383800663.0, [483.25, 2055020, 32839552, 78228, 25506688, 102419]]
Arch_Param: [32, 4096, 4096, 8, 512, 16]
Samsung_cost: [19631050648.0, [3207011.0, 25656356, 820923384, 6444068, 102001848, 797857]] [15325936206.0, [2473071.0, 19783791, 633078564, 4912239, 85328676, 668271]] [1278377020, [208650, 1669150, 53412640, 417310, 6677280, 52170]] [20852685564, [3403412, 27227206, 871270432, 6806854, 108910624, 850868]] [1570671500, [256358, 2050822, 65626160, 512710, 8203312, 64094]] [1175161965678.0, [191798295.0, 1534385247, 49100323923, 383602047, 6138057555, 47954907]] [36880658980, [6021651, 48173174, 1541541568, 12113014, 192138944, 1505427]]
Model_cost: [14911621969.0, [7472.75, 20907556, 668963704, 2718628, 49400505, 195874]] [3908875902.0, [29511.0, 2666607, 85328676, 86895, 77870628, 304299]] [301671716.0, [32.0, 195230, 6247200, 13150, 6247200, 26250]] [5044397592.0, [9978.0, 3327942, 106002464, 38734, 103509152, 416027]] [921024244.0, [1418.0, 1096070, 34746416, 150150, 7768304, 30576]] [296155830162.0, [4077.0, 191813655, 6138012243, 5340891, 6137123727, 23973306]] [1379688027.0, [483.25, 1027510, 32839552, 78110, 25506688, 102419]]
Arch_Param: [32, 4096, 4096, 8, 1024, 16]
Samsung_cost: [19579764554.0, [3207011.0, 12834849, 820923384, 6444065, 102001848, 797857]] [15286368846.0, [2473071.0, 9891951, 633078564, 4912239, 85328676, 668271]] [1275038520, [208650, 834580, 53412640, 417300, 6677280, 52170]] [20798230512, [3403412, 13613608, 871270432, 6806824, 108910624, 850868]] [1566569868, [256358, 1025414, 65626160, 512710, 8203312, 64094]] [1172093195502.0, [191798295.0, 767192703, 49100323923, 383602047, 6138057555, 47954907]] [36784311334, [6021651, 24086587, 1541541568, 12112955, 192138944, 1505427]]
Model_cost: [14869832707.0, [7472.75, 10460257, 668963704, 2718625, 49400505, 195874]] [3903542910.0, [29511.0, 1333359, 85328676, 86895, 77870628, 304299]] [301306656.0, [32.0, 104020, 6247200, 13140, 6247200, 26250]] [5037807628.0, [9978.0, 1680616, 106002464, 38704, 103509152, 416027]] [918334396.0, [1416.0, 547334, 34713648, 158342, 7767792, 30384]] [295772204706.0, [4077.0, 95907291, 6138012243, 5340891, 6137123727, 23973306]] [1377637981.0, [483.25, 515323, 32839552, 78051, 25506688, 102419]]
Arch_Param: [32, 4096, 4096, 16, 256, 16]
Samsung_cost: [9915801482.0, [1610339.0, 25765441, 412206072, 3236929, 51465400, 403041]] [15405070926.0, [2473071.0, 39567471, 633078564, 4912239, 85328676, 668271]] [1285054020, [208650, 3338290, 53412640, 417330, 6677280, 52170]] [20961595668, [3403412, 54454402, 871270432, 6806914, 108910624, 850868]] [1521029436, [246966, 3951366, 63221808, 493926, 7902768, 61746]] [1181299506030.0, [191798295.0, 3068770335, 49100323923, 383602047, 6138057555, 47954907]] [36615296544, [5944851, 95117548, 1521880768, 11924716, 190238400, 1490579]]
Model_cost: [8693179172.777779, [4006.527777777778, 22447809, 359126200, 1456961, 49400505, 195874]] [3919541886.0, [29511.0, 5333103, 85328676, 86895, 77870628, 304299]] [302453036.0, [32.0, 390450, 6247200, 13170, 6247200, 26250]] [5057628720.0, [9978.0, 6635394, 106002464, 38794, 103509152, 416027]] [571848252.0, [712.0, 1085830, 17373232, 75078, 7768304, 30576]] [296923081074.0, [4077.0, 383626383, 6138012243, 5340891, 6137123727, 23973306]] [1295684621.0, [361.75, 1783660, 28517760, 51348, 25506688, 102419]]
Arch_Param: [32, 4096, 4096, 16, 512, 16]
Samsung_cost: [9864271000.0, [1610339.0, 12882980, 412206072, 3236900, 51465400, 403041]] [15325936206.0, [2473071.0, 19783791, 633078564, 4912239, 85328676, 668271]] [1278377020, [208650, 1669150, 53412640, 417310, 6677280, 52170]] [20852685564, [3403412, 27227206, 871270432, 6806854, 108910624, 850868]] [1513126716, [246966, 1975686, 63221808, 493926, 7902768, 61746]] [1175161965678.0, [191798295.0, 1534385247, 49100323923, 383602047, 6138057555, 47954907]] [36425058852, [5944851, 47558774, 1521880768, 11924598, 190238400, 1490579]]
Model_cost: [8648283954.777779, [4006.527777777778, 11224164, 359126200, 1456932, 49400505, 195874]] [3908875902.0, [29511.0, 2666607, 85328676, 86895, 77870628, 304299]] [301671716.0, [32.0, 195230, 6247200, 13150, 6247200, 26250]] [5044397592.0, [9978.0, 3327942, 106002464, 38734, 103509152, 416027]] [569693728.0, [711.0, 543942, 17356848, 91462, 7767792, 30384]] [296155830162.0, [4077.0, 191813655, 6138012243, 5340891, 6137123727, 23973306]] [1292114705.0, [361.75, 891830, 28517760, 51230, 25506688, 102419]]
Arch_Param: [32, 4096, 4096, 16, 1024, 16]
Samsung_cost: [9838519370.0, [1610339.0, 6445089, 412206072, 3236897, 51465400, 403041]] [15286368846.0, [2473071.0, 9891951, 633078564, 4912239, 85328676, 668271]] [1275038520, [208650, 834580, 53412640, 417300, 6677280, 52170]] [20798230512, [3403412, 13613608, 871270432, 6806824, 108910624, 850868]] [1509175356, [246966, 987846, 63221808, 493926, 7902768, 61746]] [1172093195502.0, [191798295.0, 767192703, 49100323923, 383602047, 6138057555, 47954907]] [36329940006, [5944851, 23779387, 1521880768, 11924539, 190238400, 1490579]]
Model_cost: [8625849060.777779, [4006.527777777778, 5615457, 359126200, 1456929, 49400505, 195874]] [3903542910.0, [29511.0, 1333359, 85328676, 86895, 77870628, 304299]] [301306656.0, [32.0, 104020, 6247200, 13140, 6247200, 26250]] [5037807628.0, [9978.0, 1680616, 106002464, 38704, 103509152, 416027]] [568342304.0, [711.0, 273670, 17356848, 79174, 7767792, 30384]] [295772204706.0, [4077.0, 95907291, 6138012243, 5340891, 6137123727, 23973306]] [1290332947.0, [361.75, 446715, 28517760, 51171, 25506688, 102419]]
Arch_Param: [32, 4096, 4096, 32, 256, 16]
Samsung_cost: [9669870986.0, [1569507.0, 25112129, 401768440, 3146817, 50351288, 394337]] [15405070926.0, [2473071.0, 39567471, 633078564, 4912239, 85328676, 668271]] [1285054020, [208650, 3338290, 53412640, 417330, 6677280, 52170]] [20961595668, [3403412, 54454402, 871270432, 6806914, 108910624, 850868]] [1504720404, [244318, 3908998, 62543920, 488630, 7818032, 61084]] [1181299506030.0, [191798295.0, 3068770335, 49100323923, 383602047, 6138057555, 47954907]] [36564842016, [5936659, 94986476, 1519783616, 11908332, 189976256, 1488531]]
Model_cost: [5543287107.444445, [2252.1944444444443, 12767937, 204263608, 826433, 49400505, 195874]] [3919541886.0, [29511.0, 5333103, 85328676, 86895, 77870628, 304299]] [302453036.0, [32.0, 390450, 6247200, 13170, 6247200, 26250]] [5057628720.0, [9978.0, 6635394, 106002464, 38794, 103509152, 416027]] [394528992.0, [359.0, 542918, 8686640, 11174, 7768304, 30576]] [296923081074.0, [4077.0, 383626383, 6138012243, 5340891, 6137123727, 23973306]] [1251541164.0, [276.0, 1647980, 26356864, 34708, 25506688, 101907]]
Arch_Param: [32, 4096, 4096, 32, 512, 16]
Samsung_cost: [9619647128.0, [1569507.0, 12556324, 401768440, 3146788, 50351288, 394337]] [15325936206.0, [2473071.0, 19783791, 633078564, 4912239, 85328676, 668271]] [1278377020, [208650, 1669150, 53412640, 417310, 6677280, 52170]] [20852685564, [3403412, 27227206, 871270432, 6806854, 108910624, 850868]] [1496902420, [244318, 1954502, 62543920, 488630, 7818032, 61084]] [1175161965678.0, [191798295.0, 1534385247, 49100323923, 383602047, 6138057555, 47954907]] [36374866468, [5936659, 47493238, 1519783616, 11908214, 189976256, 1488531]]
Model_cost: [5517751633.444445, [2252.1944444444443, 6384228, 204263608, 826404, 49400505, 195874]] [3908875902.0, [29511.0, 2666607, 85328676, 86895, 77870628, 304299]] [301671716.0, [32.0, 195230, 6247200, 13150, 6247200, 26250]] [5044397592.0, [9978.0, 3327942, 106002464, 38734, 103509152, 416027]] [393441888.0, [359.0, 271974, 8678448, 19366, 7767792, 30384]] [296155830162.0, [4077.0, 191813655, 6138012243, 5340891, 6137123727, 23973306]] [1248242608.0, [276.0, 823990, 26356864, 34590, 25506688, 101907]]
Arch_Param: [32, 4096, 4096, 32, 1024, 16]
Samsung_cost: [9594542666.0, [1569507.0, 6280225, 401768440, 3146785, 50351288, 394337]] [15286368846.0, [2473071.0, 9891951, 633078564, 4912239, 85328676, 668271]] [1275038520, [208650, 834580, 53412640, 417300, 6677280, 52170]] [20798230512, [3403412, 13613608, 871270432, 6806824, 108910624, 850868]] [1492993428, [244318, 977254, 62543920, 488630, 7818032, 61084]] [1172093195502.0, [191798295.0, 767192703, 49100323923, 383602047, 6138057555, 47954907]] [36279878694, [5936659, 23746619, 1519783616, 11908155, 189976256, 1488531]]
Model_cost: [5504990467.444445, [2252.1944444444443, 3193953, 204263608, 826401, 49400505, 195874]] [3903542910.0, [29511.0, 1333359, 85328676, 86895, 77870628, 304299]] [301306656.0, [32.0, 104020, 6247200, 13140, 6247200, 26250]] [5037807628.0, [9978.0, 1680616, 106002464, 38704, 103509152, 416027]] [392766176.0, [359.0, 136838, 8678448, 13222, 7767792, 30384]] [295772204706.0, [4077.0, 95907291, 6138012243, 5340891, 6137123727, 23973306]] [1246594994.0, [276.0, 412411, 26356864, 34531, 25506688, 101907]]
Arch_Param: [32, 4096, 2048, 4, 256, 16]
Samsung_cost: [39548629954.0, [12800677.0, 102405697, 1638358008, 12858433, 203074744, 1587489]] [15474313806.0, [4946031.0, 39567471, 633078564, 4912239, 85328676, 668271]] [1290895940, [417290, 3338290, 53412640, 417330, 6677280, 52170]] [21056890644, [6806804, 54454402, 871270432, 6806914, 108910624, 850868]] [1702269228, [550278, 4402182, 70434864, 550278, 8804400, 68790]] [1186669853838.0, [383596431.0, 3068770335, 49100323923, 383602047, 6138057555, 47954907]] [38162376560, [12350495, 98803948, 1580863168, 12489964, 195940032, 1535123]]
Model_cost: [27605231442.0, [28831.0, 80564801, 1288904952, 5243969, 49400505, 195874]] [5516869470.0, [62415.0, 10223727, 163578660, 625263, 77870628, 304299]] [302453624, [53, 390450, 6247200, 13170, 6247200, 26250]] [5057907432, [19934, 6635394, 106002464, 38794, 103509152, 416025]] [1632362308, [5654, 4343302, 69492784, 300294, 7768304, 30576]] [422143540722.0, [11223.0, 767215743, 12275433555, 47953431, 6137123727, 23973306]] [1685899258.0, [1636.5, 2983404, 47652928, 173012, 25506688, 102419]]
Arch_Param: [32, 4096, 2048, 4, 512, 16]
Samsung_cost: [39343818960.0, [12800677.0, 51203108, 1638358008, 12858404, 203074744, 1587489]] [15395179086.0, [4946031.0, 19783791, 633078564, 4912239, 85328676, 668271]] [1284218940, [417290, 1669150, 53412640, 417310, 6677280, 52170]] [20947980540, [6806804, 27227206, 871270432, 6806854, 108910624, 850868]] [1693464876, [550278, 2201094, 70434864, 550278, 8804400, 68790]] [1180532313486.0, [383596431.0, 1534385247, 49100323923, 383602047, 6138057555, 47954907]] [37964766068, [12350495, 49401974, 1580863168, 12489846, 195940032, 1535123]]
Model_cost: [27444102240.0, [28831.0, 40282660, 1288904952, 5243940, 49400505, 195874]] [5496422238.0, [62415.0, 5111919, 163578660, 625263, 77870628, 304299]] [301672304, [53, 195230, 6247200, 13150, 6247200, 26250]] [5044676304, [19934, 3327942, 106002464, 38734, 103509152, 416025]] [1623757636, [5654, 2192134, 69492784, 300294, 7768304, 30576]] [420609112626.0, [11223.0, 383608719, 12275433555, 47953431, 6137123727, 23973306]] [1679929854.0, [1636.5, 1491702, 47652928, 172894, 25506688, 102419]]
Arch_Param: [32, 4096, 2048, 4, 1024, 16]
Samsung_cost: [39241463938.0, [12800677.0, 25614369, 1638358008, 12858401, 203074744, 1587489]] [15355611726.0, [4946031.0, 9891951, 633078564, 4912239, 85328676, 668271]] [1280880440, [417290, 834580, 53412640, 417300, 6677280, 52170]] [20893525488, [6806804, 13613608, 871270432, 6806824, 108910624, 850868]] [1689062700, [550278, 1100550, 70434864, 550278, 8804400, 68790]] [1177463543310.0, [383596431.0, 767192703, 49100323923, 383602047, 6138057555, 47954907]] [37865960822, [12350495, 24700987, 1580863168, 12489787, 195940032, 1535123]]
Model_cost: [27363587602.0, [28831.0, 20154017, 1288904952, 5243937, 49400505, 195874]] [5486198622.0, [62415.0, 2556015, 163578660, 625263, 77870628, 304299]] [301307244, [53, 104020, 6247200, 13140, 6247200, 26250]] [5038086340, [19934, 1680616, 106002464, 38704, 103509152, 416025]] [1618397540, [5646, 1094662, 69427248, 316678, 7767792, 30384]] [419841898578.0, [11223.0, 191805207, 12275433555, 47953431, 6137123727, 23973306]] [1676957696.0, [1636.5, 748987, 47652928, 172835, 25506688, 102419]]
Arch_Param: [32, 4096, 2048, 8, 256, 16]
Samsung_cost: [19823470018.0, [6413989.0, 51312193, 820923384, 6444097, 102001848, 797857]] [15474313806.0, [4946031.0, 39567471, 633078564, 4912239, 85328676, 668271]] [1290895940, [417290, 3338290, 53412640, 417330, 6677280, 52170]] [21056890644, [6806804, 54454402, 871270432, 6806914, 108910624, 850868]] [1586052620, [512710, 4101638, 65626160, 512710, 8203312, 64094]] [1186669853838.0, [383596431.0, 3068770335, 49100323923, 383602047, 6138057555, 47954907]] [37241960304, [12043295, 96346348, 1541541568, 12113132, 192138944, 1505427]]
Model_cost: [14995458872.0, [14905.5, 41814593, 668963704, 2718657, 49400505, 195874]] [3920365086.0, [58911.0, 5333103, 85328676, 86895, 77870628, 304299]] [302453624, [53, 390450, 6247200, 13170, 6247200, 26250]] [5057907432, [19934, 6635394, 106002464, 38794, 103509152, 416025]] [925366116, [2830, 2171654, 34746416, 150150, 7768304, 30576]] [296923190778.0, [7995.0, 383626383, 6138012243, 5340891, 6137123727, 23973306]] [1383813970.0, [958.5, 2055020, 32839552, 78228, 25506688, 102419]]
Arch_Param: [32, 4096, 2048, 8, 512, 16]
Samsung_cost: [19720846032.0, [6413989.0, 25656356, 820923384, 6444068, 102001848, 797857]] [15395179086.0, [4946031.0, 19783791, 633078564, 4912239, 85328676, 668271]] [1284218940, [417290, 1669150, 53412640, 417310, 6677280, 52170]] [20947980540, [6806804, 27227206, 871270432, 6806854, 108910624, 850868]] [1577849356, [512710, 2050822, 65626160, 512710, 8203312, 64094]] [1180532313486.0, [383596431.0, 1534385247, 49100323923, 383602047, 6138057555, 47954907]] [37049265012, [12043295, 48173174, 1541541568, 12113014, 192138944, 1505427]]
Model_cost: [14911830086.0, [14905.5, 20907556, 668963704, 2718628, 49400505, 195874]] [3909699102.0, [58911.0, 2666607, 85328676, 86895, 77870628, 304299]] [301672304, [53, 195230, 6247200, 13150, 6247200, 26250]] [5044676304, [19934, 3327942, 106002464, 38734, 103509152, 416025]] [921063780, [2830, 1096070, 34746416, 150150, 7768304, 30576]] [296155939866.0, [7995.0, 191813655, 6138012243, 5340891, 6137123727, 23973306]] [1379701334.0, [958.5, 1027510, 32839552, 78110, 25506688, 102419]]
Arch_Param: [32, 4096, 2048, 8, 1024, 16]
Samsung_cost: [19669559938.0, [6413989.0, 12834849, 820923384, 6444065, 102001848, 797857]] [15355611726.0, [4946031.0, 9891951, 633078564, 4912239, 85328676, 668271]] [1280880440, [417290, 834580, 53412640, 417300, 6677280, 52170]] [20893525488, [6806804, 13613608, 871270432, 6806824, 108910624, 850868]] [1573747724, [512710, 1025414, 65626160, 512710, 8203312, 64094]] [1177463543310.0, [383596431.0, 767192703, 49100323923, 383602047, 6138057555, 47954907]] [36952917366, [12043295, 24086587, 1541541568, 12112955, 192138944, 1505427]]
Model_cost: [14870040824.0, [14905.5, 10460257, 668963704, 2718625, 49400505, 195874]] [3904366110.0, [58911.0, 1333359, 85328676, 86895, 77870628, 304299]] [301307244, [53, 104020, 6247200, 13140, 6247200, 26250]] [5038086340, [19934, 1680616, 106002464, 38704, 103509152, 416025]] [918373876, [2826, 547334, 34713648, 158342, 7767792, 30384]] [295772314410.0, [7995.0, 95907291, 6138012243, 5340891, 6137123727, 23973306]] [1377651288.0, [958.5, 515323, 32839552, 78051, 25506688, 102419]]
Arch_Param: [32, 4096, 2048, 16, 256, 16]
Samsung_cost: [9960890050.0, [3220645.0, 25765441, 412206072, 3236929, 51465400, 403041]] [15474313806.0, [4946031.0, 39567471, 633078564, 4912239, 85328676, 668271]] [1290895940, [417290, 3338290, 53412640, 417330, 6677280, 52170]] [21056890644, [6806804, 54454402, 871270432, 6806914, 108910624, 850868]] [1527944316, [493926, 3951366, 63221808, 493926, 7902768, 61746]] [1186669853838.0, [383596431.0, 3068770335, 49100323923, 383602047, 6138057555, 47954907]] [36781752176, [11889695, 95117548, 1521880768, 11924716, 190238400, 1490579]]
Model_cost: [8693289744.0, [7955.5, 22447809, 359126200, 1456961, 49400505, 195874]] [3920365086.0, [58911.0, 5333103, 85328676, 86895, 77870628, 304299]] [302453624, [53, 390450, 6247200, 13170, 6247200, 26250]] [5057907432, [19934, 6635394, 106002464, 38794, 103509152, 416025]] [571868020, [1418, 1085830, 17373232, 75078, 7768304, 30576]] [296923190778.0, [7995.0, 383626383, 6138012243, 5340891, 6137123727, 23973306]] [1295693602.0, [682.5, 1783660, 28517760, 51348, 25506688, 102419]]
Arch_Param: [32, 4096, 2048, 16, 512, 16]
Samsung_cost: [9909359568.0, [3220645.0, 12882980, 412206072, 3236900, 51465400, 403041]] [15395179086.0, [4946031.0, 19783791, 633078564, 4912239, 85328676, 668271]] [1284218940, [417290, 1669150, 53412640, 417310, 6677280, 52170]] [20947980540, [6806804, 27227206, 871270432, 6806854, 108910624, 850868]] [1520041596, [493926, 1975686, 63221808, 493926, 7902768, 61746]] [1180532313486.0, [383596431.0, 1534385247, 49100323923, 383602047, 6138057555, 47954907]] [36591514484, [11889695, 47558774, 1521880768, 11924598, 190238400, 1490579]]
Model_cost: [8648394526.0, [7955.5, 11224164, 359126200, 1456932, 49400505, 195874]] [3909699102.0, [58911.0, 2666607, 85328676, 86895, 77870628, 304299]] [301672304, [53, 195230, 6247200, 13150, 6247200, 26250]] [5044676304, [19934, 3327942, 106002464, 38734, 103509152, 416025]] [569713468, [1416, 543942, 17356848, 91462, 7767792, 30384]] [296155939866.0, [7995.0, 191813655, 6138012243, 5340891, 6137123727, 23973306]] [1292123686.0, [682.5, 891830, 28517760, 51230, 25506688, 102419]]
Arch_Param: [32, 4096, 2048, 16, 1024, 16]
Samsung_cost: [9883607938.0, [3220645.0, 6445089, 412206072, 3236897, 51465400, 403041]] [15355611726.0, [4946031.0, 9891951, 633078564, 4912239, 85328676, 668271]] [1280880440, [417290, 834580, 53412640, 417300, 6677280, 52170]] [20893525488, [6806804, 13613608, 871270432, 6806824, 108910624, 850868]] [1516090236, [493926, 987846, 63221808, 493926, 7902768, 61746]] [1177463543310.0, [383596431.0, 767192703, 49100323923, 383602047, 6138057555, 47954907]] [36496395638, [11889695, 23779387, 1521880768, 11924539, 190238400, 1490579]]
Model_cost: [8625959632.0, [7955.5, 5615457, 359126200, 1456929, 49400505, 195874]] [3904366110.0, [58911.0, 1333359, 85328676, 86895, 77870628, 304299]] [301307244, [53, 104020, 6247200, 13140, 6247200, 26250]] [5038086340, [19934, 1680616, 106002464, 38704, 103509152, 416025]] [568362044, [1416, 273670, 17356848, 79174, 7767792, 30384]] [295772314410.0, [7995.0, 95907291, 6138012243, 5340891, 6137123727, 23973306]] [1290341928.0, [682.5, 446715, 28517760, 51171, 25506688, 102419]]
Arch_Param: [32, 4096, 2048, 32, 256, 16]
Samsung_cost: [9713816258.0, [3138981.0, 25112129, 401768440, 3146817, 50351288, 394337]] [15474313806.0, [4946031.0, 39567471, 633078564, 4912239, 85328676, 668271]] [1290895940, [417290, 3338290, 53412640, 417330, 6677280, 52170]] [21056890644, [6806804, 54454402, 871270432, 6806914, 108910624, 850868]] [1511561140, [488630, 3908998, 62543920, 488630, 7818032, 61084]] [1186669853838.0, [383596431.0, 3068770335, 49100323923, 383602047, 6138057555, 47954907]] [36731068272, [11873311, 94986476, 1519783616, 11908332, 189976256, 1488531]]
Model_cost: [5543349248.0, [4471.5, 12767937, 204263608, 826433, 49400505, 195874]] [3920365086.0, [58911.0, 5333103, 85328676, 86895, 77870628, 304299]] [302453624, [53, 390450, 6247200, 13170, 6247200, 26250]] [5057907432, [19934, 6635394, 106002464, 38794, 103509152, 416025]] [394538876, [712, 542918, 8686640, 11174, 7768304, 30576]] [296923190778.0, [7995.0, 383626383, 6138012243, 5340891, 6137123727, 23973306]] [1251548556.0, [540.0, 1647980, 26356864, 34708, 25506688, 101907]]
Arch_Param: [32, 4096, 2048, 32, 512, 16]
Samsung_cost: [9663592400.0, [3138981.0, 12556324, 401768440, 3146788, 50351288, 394337]] [15395179086.0, [4946031.0, 19783791, 633078564, 4912239, 85328676, 668271]] [1284218940, [417290, 1669150, 53412640, 417310, 6677280, 52170]] [20947980540, [6806804, 27227206, 871270432, 6806854, 108910624, 850868]] [1503743156, [488630, 1954502, 62543920, 488630, 7818032, 61084]] [1180532313486.0, [383596431.0, 1534385247, 49100323923, 383602047, 6138057555, 47954907]] [36541092724, [11873311, 47493238, 1519783616, 11908214, 189976256, 1488531]]
Model_cost: [5517813774.0, [4471.5, 6384228, 204263608, 826404, 49400505, 195874]] [3909699102.0, [58911.0, 2666607, 85328676, 86895, 77870628, 304299]] [301672304, [53, 195230, 6247200, 13150, 6247200, 26250]] [5044676304, [19934, 3327942, 106002464, 38734, 103509152, 416025]] [393451744, [711, 271974, 8678448, 19366, 7767792, 30384]] [296155939866.0, [7995.0, 191813655, 6138012243, 5340891, 6137123727, 23973306]] [1248250000.0, [540.0, 823990, 26356864, 34590, 25506688, 101907]]
Arch_Param: [32, 4096, 2048, 32, 1024, 16]
Samsung_cost: [9638487938.0, [3138981.0, 6280225, 401768440, 3146785, 50351288, 394337]] [15355611726.0, [4946031.0, 9891951, 633078564, 4912239, 85328676, 668271]] [1280880440, [417290, 834580, 53412640, 417300, 6677280, 52170]] [20893525488, [6806804, 13613608, 871270432, 6806824, 108910624, 850868]] [1499834164, [488630, 977254, 62543920, 488630, 7818032, 61084]] [1177463543310.0, [383596431.0, 767192703, 49100323923, 383602047, 6138057555, 47954907]] [36446104950, [11873311, 23746619, 1519783616, 11908155, 189976256, 1488531]]
Model_cost: [5505052608.0, [4471.5, 3193953, 204263608, 826401, 49400505, 195874]] [3904366110.0, [58911.0, 1333359, 85328676, 86895, 77870628, 304299]] [301307244, [53, 104020, 6247200, 13140, 6247200, 26250]] [5038086340, [19934, 1680616, 106002464, 38704, 103509152, 416025]] [392776032, [711, 136838, 8678448, 13222, 7767792, 30384]] [295772314410.0, [7995.0, 95907291, 6138012243, 5340891, 6137123727, 23973306]] [1246602386.0, [540.0, 412411, 26356864, 34531, 25506688, 101907]]
Arch_Param: [32, 4096, 1024, 4, 256, 16]
Samsung_cost: [39907047986.0, [25601321.0, 102405697, 1638358008, 12858433, 203074744, 1587489]] [15612799566, [9891951, 39567471, 633078564, 4912239, 85328676, 668271]] [1302580060, [834580, 3338290, 53412640, 417330, 6677280, 52170]] [21247481156, [13613608, 54454402, 871270432, 6806914, 108910624, 850868]] [1717676844, [1100550, 4402182, 70434864, 550278, 8804400, 68790]] [1197410549454, [767192703, 3068770335, 49100323923, 383602047, 6138057555, 47954907]] [38508190336, [24700987, 98803948, 1580863168, 12489964, 195940032, 1535123]]
Model_cost: [27606037114.0, [57605.0, 80564801, 1288904952, 5243969, 49400505, 195874]] [5518613982.0, [124719.0, 10223727, 163578660, 625263, 77870628, 304299]] [302455080, [105, 390450, 6247200, 13170, 6247200, 26250]] [5058465248, [39856, 6635394, 106002464, 38794, 103509152, 416025]] [1632520452, [11302, 4343302, 69492784, 300294, 7768304, 30576]] [422143829010.0, [21519.0, 767215743, 12275433555, 47953431, 6137123727, 23973306]] [1685944072.0, [3237.0, 2983404, 47652928, 173012, 25506688, 102419]]
Arch_Param: [32, 4096, 1024, 4, 512, 16]
Samsung_cost: [39702236992.0, [25601321.0, 51203108, 1638358008, 12858404, 203074744, 1587489]] [15533664846, [9891951, 19783791, 633078564, 4912239, 85328676, 668271]] [1295903060, [834580, 1669150, 53412640, 417310, 6677280, 52170]] [21138571052, [13613608, 27227206, 871270432, 6806854, 108910624, 850868]] [1708872492, [1100550, 2201094, 70434864, 550278, 8804400, 68790]] [1191273009102, [767192703, 1534385247, 49100323923, 383602047, 6138057555, 47954907]] [38310579844, [24700987, 49401974, 1580863168, 12489846, 195940032, 1535123]]
Model_cost: [27444907912.0, [57605.0, 40282660, 1288904952, 5243940, 49400505, 195874]] [5498166750.0, [124719.0, 5111919, 163578660, 625263, 77870628, 304299]] [301673760, [105, 195230, 6247200, 13150, 6247200, 26250]] [5045234120, [39856, 3327942, 106002464, 38734, 103509152, 416025]] [1623915780, [11302, 2192134, 69492784, 300294, 7768304, 30576]] [420609400914.0, [21519.0, 383608719, 12275433555, 47953431, 6137123727, 23973306]] [1679974668.0, [3237.0, 1491702, 47652928, 172894, 25506688, 102419]]
Arch_Param: [32, 4096, 1024, 4, 1024, 16]
Samsung_cost: [39599881970.0, [25601321.0, 25614369, 1638358008, 12858401, 203074744, 1587489]] [15494097486, [9891951, 9891951, 633078564, 4912239, 85328676, 668271]] [1292564560, [834580, 834580, 53412640, 417300, 6677280, 52170]] [21084116000, [13613608, 13613608, 871270432, 6806824, 108910624, 850868]] [1704470316, [1100550, 1100550, 70434864, 550278, 8804400, 68790]] [1188204238926, [767192703, 767192703, 49100323923, 383602047, 6138057555, 47954907]] [38211774598, [24700987, 24700987, 1580863168, 12489787, 195940032, 1535123]]
Model_cost: [27364393274.0, [57605.0, 20154017, 1288904952, 5243937, 49400505, 195874]] [5487943134.0, [124719.0, 2556015, 163578660, 625263, 77870628, 304299]] [301308700, [105, 104020, 6247200, 13140, 6247200, 26250]] [5038644156, [39856, 1680616, 106002464, 38704, 103509152, 416025]] [1618555460, [11286, 1094662, 69427248, 316678, 7767792, 30384]] [419842186866.0, [21519.0, 191805207, 12275433555, 47953431, 6137123727, 23973306]] [1677002510.0, [3237.0, 748987, 47652928, 172835, 25506688, 102419]]
Arch_Param: [32, 4096, 1024, 8, 256, 16]
Samsung_cost: [20003060786.0, [12827945.0, 51312193, 820923384, 6444097, 102001848, 797857]] [15612799566, [9891951, 39567471, 633078564, 4912239, 85328676, 668271]] [1302580060, [834580, 3338290, 53412640, 417330, 6677280, 52170]] [21247481156, [13613608, 54454402, 871270432, 6806914, 108910624, 850868]] [1600408332, [1025414, 4101638, 65626160, 512710, 8203312, 64094]] [1197410549454, [767192703, 3068770335, 49100323923, 383602047, 6138057555, 47954907]] [37579172480, [24086587, 96346348, 1541541568, 12113132, 192138944, 1505427]]
Model_cost: [14995874378.0, [29745.0, 41814593, 668963704, 2718657, 49400505, 195874]] [3922011486.0, [117711.0, 5333103, 85328676, 86895, 77870628, 304299]] [302455080, [105, 390450, 6247200, 13170, 6247200, 26250]] [5058465248, [39856, 6635394, 106002464, 38794, 103509152, 416025]] [925445188, [5654, 2171654, 34746416, 150150, 7768304, 30576]] [296923410186.0, [15831.0, 383626383, 6138012243, 5340891, 6137123727, 23973306]] [1383840444.0, [1904.0, 2055020, 32839552, 78228, 25506688, 102419]]
Arch_Param: [32, 4096, 1024, 8, 512, 16]
Samsung_cost: [19900436800.0, [12827945.0, 25656356, 820923384, 6444068, 102001848, 797857]] [15533664846, [9891951, 19783791, 633078564, 4912239, 85328676, 668271]] [1295903060, [834580, 1669150, 53412640, 417310, 6677280, 52170]] [21138571052, [13613608, 27227206, 871270432, 6806854, 108910624, 850868]] [1592205068, [1025414, 2050822, 65626160, 512710, 8203312, 64094]] [1191273009102, [767192703, 1534385247, 49100323923, 383602047, 6138057555, 47954907]] [37386477188, [24086587, 48173174, 1541541568, 12113014, 192138944, 1505427]]
Model_cost: [14912245592.0, [29745.0, 20907556, 668963704, 2718628, 49400505, 195874]] [3911345502.0, [117711.0, 2666607, 85328676, 86895, 77870628, 304299]] [301673760, [105, 195230, 6247200, 13150, 6247200, 26250]] [5045234120, [39856, 3327942, 106002464, 38734, 103509152, 416025]] [921142852, [5654, 1096070, 34746416, 150150, 7768304, 30576]] [296156159274.0, [15831.0, 191813655, 6138012243, 5340891, 6137123727, 23973306]] [1379727808.0, [1904.0, 1027510, 32839552, 78110, 25506688, 102419]]
Arch_Param: [32, 4096, 1024, 8, 1024, 16]
Samsung_cost: [19849150706.0, [12827945.0, 12834849, 820923384, 6444065, 102001848, 797857]] [15494097486, [9891951, 9891951, 633078564, 4912239, 85328676, 668271]] [1292564560, [834580, 834580, 53412640, 417300, 6677280, 52170]] [21084116000, [13613608, 13613608, 871270432, 6806824, 108910624, 850868]] [1588103436, [1025414, 1025414, 65626160, 512710, 8203312, 64094]] [1188204238926, [767192703, 767192703, 49100323923, 383602047, 6138057555, 47954907]] [37290129542, [24086587, 24086587, 1541541568, 12112955, 192138944, 1505427]]
Model_cost: [14870456330.0, [29745.0, 10460257, 668963704, 2718625, 49400505, 195874]] [3906012510.0, [117711.0, 1333359, 85328676, 86895, 77870628, 304299]] [301308700, [105, 104020, 6247200, 13140, 6247200, 26250]] [5038644156, [39856, 1680616, 106002464, 38704, 103509152, 416025]] [918452836, [5646, 547334, 34713648, 158342, 7767792, 30384]] [295772533818.0, [15831.0, 95907291, 6138012243, 5340891, 6137123727, 23973306]] [1377677762.0, [1904.0, 515323, 32839552, 78051, 25506688, 102419]]
Arch_Param: [32, 4096, 1024, 16, 256, 16]
Samsung_cost: [10051067186.0, [6441257.0, 25765441, 412206072, 3236929, 51465400, 403041]] [15612799566, [9891951, 39567471, 633078564, 4912239, 85328676, 668271]] [1302580060, [834580, 3338290, 53412640, 417330, 6677280, 52170]] [21247481156, [13613608, 54454402, 871270432, 6806914, 108910624, 850868]] [1541774076, [987846, 3951366, 63221808, 493926, 7902768, 61746]] [1197410549454, [767192703, 3068770335, 49100323923, 383602047, 6138057555, 47954907]] [37114663552, [23779387, 95117548, 1521880768, 11924716, 190238400, 1490579]]
Model_cost: [8693510454.0, [15838.0, 22447809, 359126200, 1456961, 49400505, 195874]] [3922011486.0, [117711.0, 5333103, 85328676, 86895, 77870628, 304299]] [302455080, [105, 390450, 6247200, 13170, 6247200, 26250]] [5058465248, [39856, 6635394, 106002464, 38794, 103509152, 416025]] [571907556, [2830, 1085830, 17373232, 75078, 7768304, 30576]] [296923410186.0, [15831.0, 383626383, 6138012243, 5340891, 6137123727, 23973306]] [1295712376.0, [1353.0, 1783660, 28517760, 51348, 25506688, 102419]]
Arch_Param: [32, 4096, 1024, 16, 512, 16]
Samsung_cost: [9999536704.0, [6441257.0, 12882980, 412206072, 3236900, 51465400, 403041]] [15533664846, [9891951, 19783791, 633078564, 4912239, 85328676, 668271]] [1295903060, [834580, 1669150, 53412640, 417310, 6677280, 52170]] [21138571052, [13613608, 27227206, 871270432, 6806854, 108910624, 850868]] [1533871356, [987846, 1975686, 63221808, 493926, 7902768, 61746]] [1191273009102, [767192703, 1534385247, 49100323923, 383602047, 6138057555, 47954907]] [36924425860, [23779387, 47558774, 1521880768, 11924598, 190238400, 1490579]]
Model_cost: [8648615236.0, [15838.0, 11224164, 359126200, 1456932, 49400505, 195874]] [3911345502.0, [117711.0, 2666607, 85328676, 86895, 77870628, 304299]] [301673760, [105, 195230, 6247200, 13150, 6247200, 26250]] [5045234120, [39856, 3327942, 106002464, 38734, 103509152, 416025]] [569752948, [2826, 543942, 17356848, 91462, 7767792, 30384]] [296156159274.0, [15831.0, 191813655, 6138012243, 5340891, 6137123727, 23973306]] [1292142460.0, [1353.0, 891830, 28517760, 51230, 25506688, 102419]]
Arch_Param: [32, 4096, 1024, 16, 1024, 16]
Samsung_cost: [9973785074.0, [6441257.0, 6445089, 412206072, 3236897, 51465400, 403041]] [15494097486, [9891951, 9891951, 633078564, 4912239, 85328676, 668271]] [1292564560, [834580, 834580, 53412640, 417300, 6677280, 52170]] [21084116000, [13613608, 13613608, 871270432, 6806824, 108910624, 850868]] [1529919996, [987846, 987846, 63221808, 493926, 7902768, 61746]] [1188204238926, [767192703, 767192703, 49100323923, 383602047, 6138057555, 47954907]] [36829307014, [23779387, 23779387, 1521880768, 11924539, 190238400, 1490579]]
Model_cost: [8626180342.0, [15838.0, 5615457, 359126200, 1456929, 49400505, 195874]] [3906012510.0, [117711.0, 1333359, 85328676, 86895, 77870628, 304299]] [301308700, [105, 104020, 6247200, 13140, 6247200, 26250]] [5038644156, [39856, 1680616, 106002464, 38704, 103509152, 416025]] [568401524, [2826, 273670, 17356848, 79174, 7767792, 30384]] [295772533818.0, [15831.0, 95907291, 6138012243, 5340891, 6137123727, 23973306]] [1290360702.0, [1353.0, 446715, 28517760, 51171, 25506688, 102419]]
Arch_Param: [32, 4096, 1024, 32, 256, 16]
Samsung_cost: [9801706802.0, [6277929.0, 25112129, 401768440, 3146817, 50351288, 394337]] [15612799566, [9891951, 39567471, 633078564, 4912239, 85328676, 668271]] [1302580060, [834580, 3338290, 53412640, 417330, 6677280, 52170]] [21247481156, [13613608, 54454402, 871270432, 6806914, 108910624, 850868]] [1525242612, [977254, 3908998, 62543920, 488630, 7818032, 61084]] [1197410549454, [767192703, 3068770335, 49100323923, 383602047, 6138057555, 47954907]] [37063520896, [23746619, 94986476, 1519783616, 11908332, 189976256, 1488531]]
Model_cost: [5543473078.0, [8894.0, 12767937, 204263608, 826433, 49400505, 195874]] [3922011486.0, [117711.0, 5333103, 85328676, 86895, 77870628, 304299]] [302455080, [105, 390450, 6247200, 13170, 6247200, 26250]] [5058465248, [39856, 6635394, 106002464, 38794, 103509152, 416025]] [394558644, [1418, 542918, 8686640, 11174, 7768304, 30576]] [296923410186.0, [15831.0, 383626383, 6138012243, 5340891, 6137123727, 23973306]] [1251563592.0, [1077.0, 1647980, 26356864, 34708, 25506688, 101907]]
Arch_Param: [32, 4096, 1024, 32, 512, 16]
Samsung_cost: [9751482944.0, [6277929.0, 12556324, 401768440, 3146788, 50351288, 394337]] [15533664846, [9891951, 19783791, 633078564, 4912239, 85328676, 668271]] [1295903060, [834580, 1669150, 53412640, 417310, 6677280, 52170]] [21138571052, [13613608, 27227206, 871270432, 6806854, 108910624, 850868]] [1517424628, [977254, 1954502, 62543920, 488630, 7818032, 61084]] [1191273009102, [767192703, 1534385247, 49100323923, 383602047, 6138057555, 47954907]] [36873545348, [23746619, 47493238, 1519783616, 11908214, 189976256, 1488531]]
Model_cost: [5517937604.0, [8894.0, 6384228, 204263608, 826404, 49400505, 195874]] [3911345502.0, [117711.0, 2666607, 85328676, 86895, 77870628, 304299]] [301673760, [105, 195230, 6247200, 13150, 6247200, 26250]] [5045234120, [39856, 3327942, 106002464, 38734, 103509152, 416025]] [393471484, [1416, 271974, 8678448, 19366, 7767792, 30384]] [296156159274.0, [15831.0, 191813655, 6138012243, 5340891, 6137123727, 23973306]] [1248265036.0, [1077.0, 823990, 26356864, 34590, 25506688, 101907]]
Arch_Param: [32, 4096, 1024, 32, 1024, 16]
Samsung_cost: [9726378482.0, [6277929.0, 6280225, 401768440, 3146785, 50351288, 394337]] [15494097486, [9891951, 9891951, 633078564, 4912239, 85328676, 668271]] [1292564560, [834580, 834580, 53412640, 417300, 6677280, 52170]] [21084116000, [13613608, 13613608, 871270432, 6806824, 108910624, 850868]] [1513515636, [977254, 977254, 62543920, 488630, 7818032, 61084]] [1188204238926, [767192703, 767192703, 49100323923, 383602047, 6138057555, 47954907]] [36778557574, [23746619, 23746619, 1519783616, 11908155, 189976256, 1488531]]
Model_cost: [5505176438.0, [8894.0, 3193953, 204263608, 826401, 49400505, 195874]] [3906012510.0, [117711.0, 1333359, 85328676, 86895, 77870628, 304299]] [301308700, [105, 104020, 6247200, 13140, 6247200, 26250]] [5038644156, [39856, 1680616, 106002464, 38704, 103509152, 416025]] [392795772, [1416, 136838, 8678448, 13222, 7767792, 30384]] [295772533818.0, [15831.0, 95907291, 6138012243, 5340891, 6137123727, 23973306]] [1246617422.0, [1077.0, 412411, 26356864, 34531, 25506688, 101907]]
