Arch_Param: [32, 1024, 1024, 4, 256, 16]
SK_cost: [75612633236.0, [22803497.0, 91214401, 1459298552, 1634145, 1453862072, 19800237409]], [8475337764.0, [2556015.0, 10223727, 163578660, 164463, 163382052, 2181565551]], [324750600, [104020, 390450, 6247200, 13170, 6247200, 49664020]], [5887225288, [1783016, 7106434, 113702944, 38794, 113702944, 1748508712]], [4591906104, [1392646, 5545990, 88670256, 39302, 88670256, 1389821958]], [635937112722.0, [191805207.0, 767215743, 12275433555, 10680855, 12275282259, 169042411995]], [21646170192.0, [6562107.0, 26148076, 417716928, 820436, 404347584, 5041767995]]
Model_cost: [63583657750.0, [57605.0, 80564801, 1288904952, 20150465, 49400505, 784226]], [8217192996.0, [124719.0, 10223727, 163578660, 2450031, 77873700, 1217595]], [314774280.0, [100.0, 390450, 6247200, 13170, 6247200, 390420]], [5327986664.0, [39851.0, 6635394, 106002464, 38794, 103509152, 7287180912]], [3439613112.0, [11286.0, 4343302, 69427248, 1042822, 10953968, 2930841]], [616840689282.0, [21519.0, 767215743, 12275433555, 191792151, 6137126091, 95902155]], [2383853328.0, [3237.0, 2983404, 47652928, 491092, 26419264, 1226683]]
Arch_Param: [32, 1024, 1024, 4, 512, 16]
SK_cost: [75430203616.0, [22803497.0, 45607460, 1459298552, 1634116, 1453862072, 19800237409]], [8454890532.0, [2556015.0, 5111919, 163578660, 164463, 163382052, 2181565551]], [323968440, [104020, 195230, 6247200, 13150, 6247200, 49664020]], [5873008600, [1783016, 3553222, 113702944, 38734, 113702944, 1748508712]], [4580830520, [1392646, 2777094, 88670256, 39302, 88670256, 1389821958]], [634402684626.0, [191805207.0, 383608719, 12275433555, 10680855, 12275282259, 169042411995]], [21593866488.0, [6562107.0, 13074038, 417716928, 820318, 404347584, 5041767995]]
Model_cost: [63422527330.0, [57605.0, 40282660, 1288904952, 20150436, 49400505, 776034]], [8196745764.0, [124719.0, 5111919, 163578660, 2450031, 77873700, 1217115]], [313992120.0, [100.0, 195230, 6247200, 13150, 6247200, 195220]], [5314753016.0, [39851.0, 3327942, 106002464, 38734, 103509152, 7286982476]], [3430862008.0, [11286.0, 2175750, 69427248, 1141126, 7767792, 121433]], [615306261186.0, [21519.0, 383608719, 12275433555, 191792151, 6137126091, 95902131]], [2377659448.0, [3237.0, 1491702, 47652928, 516062, 25506688, 655867]]
Arch_Param: [32, 1024, 1024, 4, 1024, 16]
SK_cost: [75339039252.0, [22803497.0, 22816417, 1459298552, 1634113, 1453862072, 19800237409]], [8444666916.0, [2556015.0, 2556015, 163578660, 164463, 163382052, 2181565551]], [323602960, [104020, 104020, 6247200, 13140, 6247200, 49664020]], [5865925856, [1783016, 1783016, 113702944, 38704, 113702944, 1748508712]], [4575292728, [1392646, 1392646, 88670256, 39302, 88670256, 1389821958]], [633635470578.0, [191805207.0, 191805207, 12275433555, 10680855, 12275282259, 169042411995]], [21567814988.0, [6562107.0, 6562107, 417716928, 820259, 404347584, 5041767995]]
Model_cost: [63342012566.0, [57605.0, 20154017, 1288904952, 20150433, 49400505, 771938]], [8186522148.0, [124719.0, 2556015, 163578660, 2450031, 77873700, 1216875]], [313627120.0, [105.0, 104020, 6247200, 13140, 6247200, 24577620]], [5308162272.0, [39856.0, 1680616, 106002464, 38704, 103509152, 7311363258]], [3423381176.0, [11286.0, 1091974, 69427248, 1091974, 7767792, 121433]], [614539047138.0, [21519.0, 191805207, 12275433555, 191792151, 6137126091, 95902119]], [2373881996.0, [3237.0, 748987, 47652928, 503459, 25506688, 398587]]
Arch_Param: [32, 1024, 1024, 8, 256, 16]
SK_cost: [39252988052.0, [11837993.0, 47352385, 757568376, 845281, 754875576, 10286781793]], [4421329956.0, [1333359.0, 5333103, 85328676, 86895, 85328676, 1133251695]], [324750600, [104020, 390450, 6247200, 13170, 6247200, 49664020]], [5887225288, [1783016, 7106434, 113702944, 38794, 113702944, 1748508712]], [2295954744, [696326, 2772998, 44335152, 19654, 44335152, 694910982]], [317984034642.0, [95907291.0, 383626383, 6138012243, 5340891, 6138012243, 84524746203]], [14444764240.0, [4373307.0, 17443052, 278762688, 474836, 272078016, 3496506427]]
Model_cost: [33048401814.0, [29745.0, 41814593, 668963704, 10456705, 49400505, 784226]], [4289711652.0, [117711.0, 5333103, 85328676, 86895, 77870628, 4866975]], [314774280.0, [100.0, 390450, 6247200, 13170, 6247200, 390420]], [5327986664.0, [39851.0, 6635394, 106002464, 38794, 103509152, 7287180912]], [1727550904.0, [5646.0, 2171654, 34713648, 521414, 9348336, 1525913]], [308776677450.0, [15831.0, 383626383, 6138012243, 5340891, 6137123727, 383579631]], [1646695344.0, [1904.0, 2055020, 32839552, 157460, 25958272, 1548667]]
Arch_Param: [32, 1024, 1024, 8, 512, 16]
SK_cost: [39158282464.0, [11837993.0, 23676452, 757568376, 845252, 754875576, 10286781793]], [4410663972.0, [1333359.0, 2666607, 85328676, 86895, 85328676, 1133251695]], [323968440, [104020, 195230, 6247200, 13150, 6247200, 49664020]], [5873008600, [1783016, 3553222, 113702944, 38734, 113702944, 1748508712]], [2290416952, [696326, 1388550, 44335152, 19654, 44335152, 694910982]], [317216783730.0, [95907291.0, 191813655, 6138012243, 5340891, 6138012243, 84524746203]], [14409870584.0, [4373307.0, 8721526, 278762688, 474718, 272078016, 3496506427]]
Model_cost: [32964771810.0, [29745.0, 20907556, 668963704, 10456676, 49400505, 776034]], [4279045668.0, [117711.0, 2666607, 85328676, 86895, 77870628, 2433543]], [313992120.0, [100.0, 195230, 6247200, 13150, 6247200, 195220]], [5314753016.0, [39851.0, 3327942, 106002464, 38734, 103509152, 7286982476]], [1723200440.0, [5646.0, 1087878, 34713648, 570566, 7767792, 121433]], [308009426538.0, [15831.0, 191813655, 6138012243, 5340891, 6137123727, 191794623]], [1642477400.0, [1904.0, 1027510, 32839552, 169886, 25506688, 772603]]
Arch_Param: [32, 1024, 1024, 8, 1024, 16]
SK_cost: [39110955284.0, [11837993.0, 11844705, 757568376, 845249, 754875576, 10286781793]], [4405330980.0, [1333359.0, 1333359, 85328676, 86895, 85328676, 1133251695]], [323602960, [104020, 104020, 6247200, 13140, 6247200, 49664020]], [5865925856, [1783016, 1783016, 113702944, 38704, 113702944, 1748508712]], [2287648056, [696326, 696326, 44335152, 19654, 44335152, 694910982]], [316833158274.0, [95907291.0, 95907291, 6138012243, 5340891, 6138012243, 84524746203]], [14392473932.0, [4373307.0, 4373307, 278762688, 474659, 272078016, 3496506427]]
Model_cost: [32922982422.0, [29745.0, 10460257, 668963704, 10456673, 49400505, 771938]], [4273712676.0, [117711.0, 1333359, 85328676, 86895, 77870628, 1216827]], [313627120.0, [105.0, 104020, 6247200, 13140, 6247200, 24577620]], [5308162272.0, [39856.0, 1680616, 106002464, 38704, 103509152, 7311363258]], [1719460024.0, [5646.0, 545990, 34713648, 545990, 7767792, 121433]], [307625801082.0, [15831.0, 95907291, 6138012243, 5340891, 6137123727, 95902119]], [1640023468.0, [1904.0, 515323, 32839552, 163555, 25506688, 398587]]
Arch_Param: [32, 1024, 1024, 16, 256, 16]
SK_cost: [21080054420.0, [6357321.0, 25429697, 406836408, 451617, 405490872, 5530723681]], [4421329956.0, [1333359.0, 5333103, 85328676, 86895, 85328676, 1133251695]], [324750600, [104020, 390450, 6247200, 13170, 6247200, 49664020]], [5887225288, [1783016, 7106434, 113702944, 38794, 113702944, 1748508712]], [1147979064, [348166, 1386502, 22167600, 9830, 22167600, 347455494]], [317984034642.0, [95907291.0, 383626383, 6138012243, 5340891, 6138012243, 84524746203]], [12272204880.0, [3709755.0, 14813420, 236848320, 329428, 233505984, 3103573051]]
Model_cost: [17787332214.0, [15838.0, 22447809, 359126200, 5611905, 49400505, 784226]], [4289711652.0, [117711.0, 5333103, 85328676, 86895, 77870628, 4866975]], [314774280.0, [100.0, 390450, 6247200, 13170, 6247200, 390420]], [5327986664.0, [39851.0, 6635394, 106002464, 38794, 103509152, 7287180912]], [871519800.0, [2826.0, 1085830, 17356848, 260710, 8545520, 823449]], [308776677450.0, [15831.0, 383626383, 6138012243, 5340891, 6137123727, 383579631]], [1433465104.0, [1353.0, 1783660, 28517760, 91924, 25732480, 1548667]]
Arch_Param: [32, 1024, 1024, 16, 512, 16]
SK_cost: [21029194208.0, [6357321.0, 12715108, 406836408, 451588, 405490872, 5530723681]], [4410663972.0, [1333359.0, 2666607, 85328676, 86895, 85328676, 1133251695]], [323968440, [104020, 195230, 6247200, 13150, 6247200, 49664020]], [5873008600, [1783016, 3553222, 113702944, 38734, 113702944, 1748508712]], [1145210168, [348166, 694278, 22167600, 9830, 22167600, 347455494]], [317216783730.0, [95907291.0, 191813655, 6138012243, 5340891, 6138012243, 84524746203]], [12242570488.0, [3709755.0, 7406710, 236848320, 329310, 233505984, 3103573051]]
Model_cost: [17742435778.0, [15838.0, 11224164, 359126200, 5611876, 49400505, 776034]], [4279045668.0, [117711.0, 2666607, 85328676, 86895, 77870628, 2433543]], [313992120.0, [100.0, 195230, 6247200, 13150, 6247200, 195220]], [5314753016.0, [39851.0, 3327942, 106002464, 38734, 103509152, 7286982476]], [869352248.0, [2826.0, 543942, 17356848, 260710, 8545520, 823449]], [308009426538.0, [15831.0, 191813655, 6138012243, 5340891, 6137123727, 191794623]], [1429848248.0, [1353.0, 891830, 28517760, 98206, 25506688, 772603]]
Arch_Param: [32, 1024, 1024, 16, 1024, 16]
SK_cost: [21003777300.0, [6357321.0, 6360929, 406836408, 451585, 405490872, 5530723681]], [4405330980.0, [1333359.0, 1333359, 85328676, 86895, 85328676, 1133251695]], [323602960, [104020, 104020, 6247200, 13140, 6247200, 49664020]], [5865925856, [1783016, 1783016, 113702944, 38704, 113702944, 1748508712]], [1143825720, [348166, 348166, 22167600, 9830, 22167600, 347455494]], [316833158274.0, [95907291.0, 95907291, 6138012243, 5340891, 6138012243, 84524746203]], [12227778892.0, [3709755.0, 3709755, 236848320, 329251, 233505984, 3103573051]]
Model_cost: [17720000758.0, [15838.0, 5615457, 359126200, 5611873, 49400505, 771938]], [4273712676.0, [117711.0, 1333359, 85328676, 86895, 77870628, 1216827]], [313627120.0, [105.0, 104020, 6247200, 13140, 6247200, 24577620]], [5308162272.0, [39856.0, 1680616, 106002464, 38704, 103509152, 7311363258]], [867499448.0, [2826.0, 272998, 17356848, 272998, 7767792, 121433]], [307625801082.0, [15831.0, 95907291, 6138012243, 5340891, 6137123727, 95902119]], [1427859212.0, [1353.0, 446715, 28517760, 94947, 25506688, 398587]]
Arch_Param: [32, 1024, 1024, 32, 256, 16]
SK_cost: [11996500628.0, [3617865.0, 14471873, 231526584, 254913, 230853816, 3153192289]], [4421329956.0, [1333359.0, 5333103, 85328676, 86895, 85328676, 1133251695]], [324750600, [104020, 390450, 6247200, 13170, 6247200, 49664020]], [5887225288, [1783016, 7106434, 113702944, 38794, 113702944, 1748508712]], [573991224, [174086, 693254, 11083824, 4918, 11083824, 173727750]], [317984034642.0, [95907291.0, 383626383, 6138012243, 5340891, 6138012243, 84524746203]], [11185925200.0, [3377979.0, 13498604, 215891136, 256724, 214219968, 2907106363]]
Model_cost: [10159565430.0, [8894.0, 12767937, 204263608, 3190401, 49400505, 784226]], [4289711652.0, [117711.0, 5333103, 85328676, 86895, 77870628, 4866975]], [314774280.0, [100.0, 390450, 6247200, 13170, 6247200, 390420]], [5327986664.0, [39851.0, 6635394, 106002464, 38794, 103509152, 7287180912]], [436115064.0, [1416.0, 542918, 8678448, 14902, 8144112, 828569]], [308776677450.0, [15831.0, 383626383, 6138012243, 5340891, 6137123727, 383579631]], [1325776784.0, [1077.0, 1647980, 26356864, 42388, 25619584, 1610107]]
Arch_Param: [32, 1024, 1024, 32, 512, 16]
SK_cost: [11967556064.0, [3617865.0, 7236196, 231526584, 254884, 230853816, 3153192289]], [4410663972.0, [1333359.0, 2666607, 85328676, 86895, 85328676, 1133251695]], [323968440, [104020, 195230, 6247200, 13150, 6247200, 49664020]], [5873008600, [1783016, 3553222, 113702944, 38734, 113702944, 1748508712]], [572606776, [174086, 347142, 11083824, 4918, 11083824, 173727750]], [317216783730.0, [95907291.0, 191813655, 6138012243, 5340891, 6138012243, 84524746203]], [11158920440.0, [3377979.0, 6749302, 215891136, 256606, 214219968, 2907106363]]
Model_cost: [10134028738.0, [8894.0, 6384228, 204263608, 3190372, 49400505, 776034]], [4279045668.0, [117711.0, 2666607, 85328676, 86895, 77870628, 2433543]], [313992120.0, [100.0, 195230, 6247200, 13150, 6247200, 195220]], [5314753016.0, [39851.0, 3327942, 106002464, 38734, 103509152, 7286982476]], [435031288.0, [1416.0, 271974, 8678448, 14902, 8144112, 591001]], [308009426538.0, [15831.0, 191813655, 6138012243, 5340891, 6137123727, 191794623]], [1322460472.0, [1077.0, 823990, 26356864, 45598, 25506688, 793083]]
Arch_Param: [32, 1024, 1024, 32, 1024, 16]
SK_cost: [11953090836.0, [3617865.0, 3619937, 231526584, 254881, 230853816, 3153192289]], [4405330980.0, [1333359.0, 1333359, 85328676, 86895, 85328676, 1133251695]], [323602960, [104020, 104020, 6247200, 13140, 6247200, 49664020]], [5865925856, [1783016, 1783016, 113702944, 38704, 113702944, 1748508712]], [571914552, [174086, 174086, 11083824, 4918, 11083824, 173727750]], [316833158274.0, [95907291.0, 95907291, 6138012243, 5340891, 6138012243, 84524746203]], [11145431372.0, [3377979.0, 3377979, 215891136, 256547, 214219968, 2907106363]]
Model_cost: [10121267446.0, [8894.0, 3193953, 204263608, 3190369, 49400505, 771938]], [4273712676.0, [117711.0, 1333359, 85328676, 86895, 77870628, 1216827]], [313627120.0, [105.0, 104020, 6247200, 13140, 6247200, 24577620]], [5308162272.0, [39856.0, 1680616, 106002464, 38704, 103509152, 7311363258]], [434129976.0, [1416.0, 136502, 8678448, 21046, 7767792, 121433]], [307625801082.0, [15831.0, 95907291, 6138012243, 5340891, 6137123727, 95902119]], [1320703884.0, [1077.0, 412411, 26356864, 43875, 25506688, 398587]]
Arch_Param: [32, 1024, 2048, 4, 256, 16]
SK_cost: [74522545940.0, [11448421.0, 91214401, 1459298552, 1634145, 1453862072, 19800237409]], [8352654372.0, [1278063.0, 10223727, 163578660, 164463, 163382052, 2181565551]], [319773000, [52170, 390450, 6247200, 13170, 6247200, 49664020]], [5801671240, [891828, 7106434, 113702944, 38794, 113702944, 1748508712]], [4525452600, [700422, 5545990, 88670256, 39302, 88670256, 1389821958]], [626730470418.0, [95902683.0, 767215743, 12275433555, 10680855, 12275282259, 169042411995]], [21335440848.0, [3325343.0, 26148076, 417716928, 820436, 404347584, 5041767995]]
Model_cost: [63580894294.0, [28819.0, 80564801, 1288904952, 20150465, 49400505, 784226]], [8211211812.0, [62415.0, 10223727, 163578660, 2450031, 77873700, 1217595]], [314769480.0, [50.0, 390450, 6247200, 13170, 6247200, 390420]], [5326074296.0, [19930.5, 6635394, 106002464, 38794, 103509152, 7287180912]], [3439071672.0, [5646.0, 4343302, 69427248, 1042822, 10953968, 1525913]], [616839700866.0, [11223.0, 767215743, 12275433555, 191792151, 6137126091, 95911611]], [2383698096.0, [1620.0, 2983404, 47652928, 491092, 26419264, 1198459]]
Arch_Param: [32, 1024, 2048, 4, 512, 16]
SK_cost: [74340116320.0, [11448421.0, 45607460, 1459298552, 1634116, 1453862072, 19800237409]], [8332207140.0, [1278063.0, 5111919, 163578660, 164463, 163382052, 2181565551]], [318990840, [52170, 195230, 6247200, 13150, 6247200, 49664020]], [5787454552, [891828, 3553222, 113702944, 38734, 113702944, 1748508712]], [4514377016, [700422, 2777094, 88670256, 39302, 88670256, 1389821958]], [625196042322.0, [95902683.0, 383608719, 12275433555, 10680855, 12275282259, 169042411995]], [21283137144.0, [3325343.0, 13074038, 417716928, 820318, 404347584, 5041767995]]
Model_cost: [63419763874.0, [28819.0, 40282660, 1288904952, 20150436, 49400505, 776034]], [8190764580.0, [62415.0, 5111919, 163578660, 2450031, 77873700, 1217115]], [313987320.0, [50.0, 195230, 6247200, 13150, 6247200, 195220]], [5312840648.0, [19930.5, 3327942, 106002464, 38734, 103509152, 7286982476]], [3430320568.0, [5646.0, 2175750, 69427248, 1141126, 7767792, 121433]], [615305272770.0, [11223.0, 383608719, 12275433555, 191792151, 6137126091, 95911587]], [2377504216.0, [1620.0, 1491702, 47652928, 516062, 25506688, 655867]]
Arch_Param: [32, 1024, 2048, 4, 1024, 16]
SK_cost: [74248951956.0, [11448421.0, 22816417, 1459298552, 1634113, 1453862072, 19800237409]], [8321983524.0, [1278063.0, 2556015, 163578660, 164463, 163382052, 2181565551]], [318625360, [52170, 104020, 6247200, 13140, 6247200, 49664020]], [5780371808, [891828, 1783016, 113702944, 38704, 113702944, 1748508712]], [4508839224, [700422, 1392646, 88670256, 39302, 88670256, 1389821958]], [624428828274.0, [95902683.0, 191805207, 12275433555, 10680855, 12275282259, 169042411995]], [21257085644.0, [3325343.0, 6562107, 417716928, 820259, 404347584, 5041767995]]
Model_cost: [63339249110.0, [28819.0, 20154017, 1288904952, 20150433, 49400505, 771938]], [8180540964.0, [62415.0, 2556015, 163578660, 2450031, 77873700, 1216875]], [313622080.0, [52.5, 104020, 6247200, 13140, 6247200, 24577620]], [5306249664.0, [19933.0, 1680616, 106002464, 38704, 103509152, 7311363258]], [3422839736.0, [5646.0, 1091974, 69427248, 1091974, 7767792, 121433]], [614538058722.0, [11223.0, 191805207, 12275433555, 191792151, 6137126091, 95911575]], [2373726764.0, [1620.0, 748987, 47652928, 503459, 25506688, 398587]]
Arch_Param: [32, 1024, 2048, 8, 256, 16]
SK_cost: [38687005460.0, [5942341.0, 47352385, 757568376, 845281, 754875576, 10286781793]], [4357334052.0, [666735.0, 5333103, 85328676, 86895, 85328676, 1133251695]], [319773000, [52170, 390450, 6247200, 13170, 6247200, 49664020]], [5801671240, [891828, 7106434, 113702944, 38794, 113702944, 1748508712]], [2262727992, [350214, 2772998, 44335152, 19654, 44335152, 694910982]], [313380492306.0, [47953725.0, 383626383, 6138012243, 5340891, 6138012243, 84524746203]], [14237008336.0, [2209183.0, 17443052, 278762688, 474836, 272078016, 3496506427]]
Model_cost: [33046975638.0, [14889.0, 41814593, 668963704, 10456705, 49400505, 784226]], [4284066852.0, [58911.0, 5333103, 85328676, 86895, 77870628, 4866975]], [314769480.0, [50.0, 390450, 6247200, 13170, 6247200, 390420]], [5326074296.0, [19930.5, 6635394, 106002464, 38794, 103509152, 7287180912]], [1727280184.0, [2826.0, 2171654, 34713648, 521414, 9348336, 823449]], [308775925194.0, [7995.0, 383626383, 6138012243, 5340891, 6137123727, 383579631]], [1646604144.0, [954.0, 2055020, 32839552, 157460, 25958272, 1548667]]
Arch_Param: [32, 1024, 2048, 8, 512, 16]
SK_cost: [38592299872.0, [5942341.0, 23676452, 757568376, 845252, 754875576, 10286781793]], [4346668068.0, [666735.0, 2666607, 85328676, 86895, 85328676, 1133251695]], [318990840, [52170, 195230, 6247200, 13150, 6247200, 49664020]], [5787454552, [891828, 3553222, 113702944, 38734, 113702944, 1748508712]], [2257190200, [350214, 1388550, 44335152, 19654, 44335152, 694910982]], [312613241394.0, [47953725.0, 191813655, 6138012243, 5340891, 6138012243, 84524746203]], [14202114680.0, [2209183.0, 8721526, 278762688, 474718, 272078016, 3496506427]]
Model_cost: [32963345634.0, [14889.0, 20907556, 668963704, 10456676, 49400505, 776034]], [4273400868.0, [58911.0, 2666607, 85328676, 86895, 77870628, 2433543]], [313987320.0, [50.0, 195230, 6247200, 13150, 6247200, 195220]], [5312840648.0, [19930.5, 3327942, 106002464, 38734, 103509152, 7286982476]], [1722929720.0, [2826.0, 1087878, 34713648, 570566, 7767792, 121433]], [308008674282.0, [7995.0, 191813655, 6138012243, 5340891, 6137123727, 191794623]], [1642386200.0, [954.0, 1027510, 32839552, 169886, 25506688, 772603]]
Arch_Param: [32, 1024, 2048, 8, 1024, 16]
SK_cost: [38544972692.0, [5942341.0, 11844705, 757568376, 845249, 754875576, 10286781793]], [4341335076.0, [666735.0, 1333359, 85328676, 86895, 85328676, 1133251695]], [318625360, [52170, 104020, 6247200, 13140, 6247200, 49664020]], [5780371808, [891828, 1783016, 113702944, 38704, 113702944, 1748508712]], [2254421304, [350214, 696326, 44335152, 19654, 44335152, 694910982]], [312229615938.0, [47953725.0, 95907291, 6138012243, 5340891, 6138012243, 84524746203]], [14184718028.0, [2209183.0, 4373307, 278762688, 474659, 272078016, 3496506427]]
Model_cost: [32921556246.0, [14889.0, 10460257, 668963704, 10456673, 49400505, 771938]], [4268067876.0, [58911.0, 1333359, 85328676, 86895, 77870628, 1216827]], [313622080.0, [52.5, 104020, 6247200, 13140, 6247200, 24577620]], [5306249664.0, [19933.0, 1680616, 106002464, 38704, 103509152, 7311363258]], [1719189304.0, [2826.0, 545990, 34713648, 545990, 7767792, 121433]], [307625048826.0, [7995.0, 95907291, 6138012243, 5340891, 6137123727, 95902119]], [1639932268.0, [954.0, 515323, 32839552, 163555, 25506688, 398587]]
Arch_Param: [32, 1024, 2048, 16, 256, 16]
SK_cost: [20776028948.0, [3190389.0, 25429697, 406836408, 451617, 405490872, 5530723681]], [4357334052.0, [666735.0, 5333103, 85328676, 86895, 85328676, 1133251695]], [319773000, [52170, 390450, 6247200, 13170, 6247200, 49664020]], [5801671240, [891828, 7106434, 113702944, 38794, 113702944, 1748508712]], [1131365688, [175110, 1386502, 22167600, 9830, 22167600, 347455494]], [313380492306.0, [47953725.0, 383626383, 6138012243, 5340891, 6138012243, 84524746203]], [12095267280.0, [1866655.0, 14813420, 236848320, 329428, 233505984, 3103573051]]
Model_cost: [17786573622.0, [7936.0, 22447809, 359126200, 5611905, 49400505, 784226]], [4284066852.0, [58911.0, 5333103, 85328676, 86895, 77870628, 4866975]], [314769480.0, [50.0, 390450, 6247200, 13170, 6247200, 390420]], [5326074296.0, [19930.5, 6635394, 106002464, 38794, 103509152, 7287180912]], [871384440.0, [1416.0, 1085830, 17356848, 260710, 8545520, 472217]], [308775925194.0, [7995.0, 383626383, 6138012243, 5340891, 6137123727, 383579631]], [1433400304.0, [678.0, 1783660, 28517760, 91924, 25732480, 1548667]]
Arch_Param: [32, 1024, 2048, 16, 512, 16]
SK_cost: [20725168736.0, [3190389.0, 12715108, 406836408, 451588, 405490872, 5530723681]], [4346668068.0, [666735.0, 2666607, 85328676, 86895, 85328676, 1133251695]], [318990840, [52170, 195230, 6247200, 13150, 6247200, 49664020]], [5787454552, [891828, 3553222, 113702944, 38734, 113702944, 1748508712]], [1128596792, [175110, 694278, 22167600, 9830, 22167600, 347455494]], [312613241394.0, [47953725.0, 191813655, 6138012243, 5340891, 6138012243, 84524746203]], [12065632888.0, [1866655.0, 7406710, 236848320, 329310, 233505984, 3103573051]]
Model_cost: [17741677186.0, [7936.0, 11224164, 359126200, 5611876, 49400505, 776034]], [4273400868.0, [58911.0, 2666607, 85328676, 86895, 77870628, 2433543]], [313987320.0, [50.0, 195230, 6247200, 13150, 6247200, 195220]], [5312840648.0, [19930.5, 3327942, 106002464, 38734, 103509152, 7286982476]], [869216888.0, [1416.0, 543942, 17356848, 260710, 8545520, 472217]], [308008674282.0, [7995.0, 191813655, 6138012243, 5340891, 6137123727, 191794623]], [1429783448.0, [678.0, 891830, 28517760, 98206, 25506688, 772603]]
Arch_Param: [32, 1024, 2048, 16, 1024, 16]
SK_cost: [20699751828.0, [3190389.0, 6360929, 406836408, 451585, 405490872, 5530723681]], [4341335076.0, [666735.0, 1333359, 85328676, 86895, 85328676, 1133251695]], [318625360, [52170, 104020, 6247200, 13140, 6247200, 49664020]], [5780371808, [891828, 1783016, 113702944, 38704, 113702944, 1748508712]], [1127212344, [175110, 348166, 22167600, 9830, 22167600, 347455494]], [312229615938.0, [47953725.0, 95907291, 6138012243, 5340891, 6138012243, 84524746203]], [12050841292.0, [1866655.0, 3709755, 236848320, 329251, 233505984, 3103573051]]
Model_cost: [17719242166.0, [7936.0, 5615457, 359126200, 5611873, 49400505, 771938]], [4268067876.0, [58911.0, 1333359, 85328676, 86895, 77870628, 1216827]], [313622080.0, [52.5, 104020, 6247200, 13140, 6247200, 24577620]], [5306249664.0, [19933.0, 1680616, 106002464, 38704, 103509152, 7311363258]], [867364088.0, [1416.0, 272998, 17356848, 272998, 7767792, 121433]], [307625048826.0, [7995.0, 95907291, 6138012243, 5340891, 6137123727, 95902119]], [1427794412.0, [678.0, 446715, 28517760, 94947, 25506688, 398587]]
Arch_Param: [32, 1024, 2048, 32, 256, 16]
SK_cost: [11823416084.0, [1814901.0, 14471873, 231526584, 254913, 230853816, 3153192289]], [4357334052.0, [666735.0, 5333103, 85328676, 86895, 85328676, 1133251695]], [319773000, [52170, 390450, 6247200, 13170, 6247200, 49664020]], [5801671240, [891828, 7106434, 113702944, 38794, 113702944, 1748508712]], [565684536, [87558, 693254, 11083824, 4918, 11083824, 173727750]], [313380492306.0, [47953725.0, 383626383, 6138012243, 5340891, 6138012243, 84524746203]], [11024396752.0, [1695391.0, 13498604, 215891136, 256724, 214219968, 2907106363]]
Model_cost: [10159140150.0, [4464.0, 12767937, 204263608, 3190401, 49400505, 784226]], [4284066852.0, [58911.0, 5333103, 85328676, 86895, 77870628, 4866975]], [314769480.0, [50.0, 390450, 6247200, 13170, 6247200, 390420]], [5326074296.0, [19930.5, 6635394, 106002464, 38794, 103509152, 7287180912]], [436047384.0, [711.0, 542918, 8678448, 14902, 8144112, 652953]], [308775925194.0, [7995.0, 383626383, 6138012243, 5340891, 6137123727, 383579631]], [1325725232.0, [540.0, 1647980, 26356864, 42388, 25619584, 1610107]]
Arch_Param: [32, 1024, 2048, 32, 512, 16]
SK_cost: [11794471520.0, [1814901.0, 7236196, 231526584, 254884, 230853816, 3153192289]], [4346668068.0, [666735.0, 2666607, 85328676, 86895, 85328676, 1133251695]], [318990840, [52170, 195230, 6247200, 13150, 6247200, 49664020]], [5787454552, [891828, 3553222, 113702944, 38734, 113702944, 1748508712]], [564300088, [87558, 347142, 11083824, 4918, 11083824, 173727750]], [312613241394.0, [47953725.0, 191813655, 6138012243, 5340891, 6138012243, 84524746203]], [10997391992.0, [1695391.0, 6749302, 215891136, 256606, 214219968, 2907106363]]
Model_cost: [10133603458.0, [4464.0, 6384228, 204263608, 3190372, 49400505, 776034]], [4273400868.0, [58911.0, 2666607, 85328676, 86895, 77870628, 2433543]], [313987320.0, [50.0, 195230, 6247200, 13150, 6247200, 195220]], [5312840648.0, [19930.5, 3327942, 106002464, 38734, 103509152, 7286982476]], [434963608.0, [711.0, 271974, 8678448, 14902, 8144112, 415385]], [308008674282.0, [7995.0, 191813655, 6138012243, 5340891, 6137123727, 191794623]], [1322408920.0, [540.0, 823990, 26356864, 45598, 25506688, 793083]]
Arch_Param: [32, 1024, 2048, 32, 1024, 16]
SK_cost: [11780006292.0, [1814901.0, 3619937, 231526584, 254881, 230853816, 3153192289]], [4341335076.0, [666735.0, 1333359, 85328676, 86895, 85328676, 1133251695]], [318625360, [52170, 104020, 6247200, 13140, 6247200, 49664020]], [5780371808, [891828, 1783016, 113702944, 38704, 113702944, 1748508712]], [563607864, [87558, 174086, 11083824, 4918, 11083824, 173727750]], [312229615938.0, [47953725.0, 95907291, 6138012243, 5340891, 6138012243, 84524746203]], [10983902924.0, [1695391.0, 3377979, 215891136, 256547, 214219968, 2907106363]]
Model_cost: [10120842166.0, [4464.0, 3193953, 204263608, 3190369, 49400505, 771938]], [4268067876.0, [58911.0, 1333359, 85328676, 86895, 77870628, 1216827]], [313622080.0, [52.5, 104020, 6247200, 13140, 6247200, 24577620]], [5306249664.0, [19933.0, 1680616, 106002464, 38704, 103509152, 7311363258]], [434062296.0, [711.0, 136502, 8678448, 21046, 7767792, 121433]], [307625048826.0, [7995.0, 95907291, 6138012243, 5340891, 6137123727, 95902119]], [1320652332.0, [540.0, 412411, 26356864, 43875, 25506688, 398587]]
Arch_Param: [32, 1024, 4096, 4, 256, 16]
SK_cost: [73977469182.66667, [5770538.111111111, 91214401, 1459298552, 1634145, 1453862072, 19800237409]], [8291312676.0, [639087.0, 10223727, 163578660, 164463, 163382052, 2181565551]], [317284680, [26250, 390450, 6247200, 13170, 6247200, 49664020]], [5758919752, [446500, 7106434, 113702944, 38794, 113702944, 1748508712]], [4491832632, [350214, 5545990, 88670256, 39302, 88670256, 1389821958]], [622127149266.0, [47951421.0, 767215743, 12275433555, 10680855, 12275282259, 169042411995]], [21177667920.0, [1681875.0, 26148076, 417716928, 820436, 404347584, 5041767995]]
Model_cost: [63579512566.0, [14426.0, 80564801, 1288904952, 20150465, 49400505, 784226]], [8208221220.0, [31263.0, 10223727, 163578660, 2450031, 77873700, 1217595]], [314767560.0, [30.0, 390450, 6247200, 13170, 6247200, 390420]], [5325118592.0, [9975.25, 6635394, 106002464, 38794, 103509152, 7287180912]], [3438800952.0, [2826.0, 4343302, 69427248, 1042822, 10953968, 823449]], [616839169794.0, [5691.0, 767215743, 12275433555, 191792151, 6137126091, 95911611]], [2383620720.0, [814.0, 2983404, 47652928, 491092, 26419264, 1198459]]
Arch_Param: [32, 1024, 4096, 4, 512, 16]
SK_cost: [73795039562.66667, [5770538.111111111, 45607460, 1459298552, 1634116, 1453862072, 19800237409]], [8270865444.0, [639087.0, 5111919, 163578660, 164463, 163382052, 2181565551]], [316502520, [26250, 195230, 6247200, 13150, 6247200, 49664020]], [5744703064, [446500, 3553222, 113702944, 38734, 113702944, 1748508712]], [4480757048, [350214, 2777094, 88670256, 39302, 88670256, 1389821958]], [620592721170.0, [47951421.0, 383608719, 12275433555, 10680855, 12275282259, 169042411995]], [21125364216.0, [1681875.0, 13074038, 417716928, 820318, 404347584, 5041767995]]
Model_cost: [63418382146.0, [14426.0, 40282660, 1288904952, 20150436, 49400505, 776034]], [8187773988.0, [31263.0, 5111919, 163578660, 2450031, 77873700, 1217115]], [313985400.0, [30.0, 195230, 6247200, 13150, 6247200, 195220]], [5311884944.0, [9975.25, 3327942, 106002464, 38734, 103509152, 7286982476]], [3430049848.0, [2826.0, 2175750, 69427248, 1141126, 7767792, 121433]], [615304741698.0, [5691.0, 383608719, 12275433555, 191792151, 6137126091, 95911587]], [2377426840.0, [814.0, 1491702, 47652928, 516062, 25506688, 655867]]
Arch_Param: [32, 1024, 4096, 4, 1024, 16]
SK_cost: [73703875198.66667, [5770538.111111111, 22816417, 1459298552, 1634113, 1453862072, 19800237409]], [8260641828.0, [639087.0, 2556015, 163578660, 164463, 163382052, 2181565551]], [316137040, [26250, 104020, 6247200, 13140, 6247200, 49664020]], [5737620320, [446500, 1783016, 113702944, 38704, 113702944, 1748508712]], [4475219256, [350214, 1392646, 88670256, 39302, 88670256, 1389821958]], [619825507122.0, [47951421.0, 191805207, 12275433555, 10680855, 12275282259, 169042411995]], [21099312716.0, [1681875.0, 6562107, 417716928, 820259, 404347584, 5041767995]]
Model_cost: [63337867382.0, [14426.0, 20154017, 1288904952, 20150433, 49400505, 771938]], [8177550372.0, [31263.0, 2556015, 163578660, 2450031, 77873700, 1216875]], [313620040.0, [31.25, 104020, 6247200, 13140, 6247200, 24577620]], [5305293840.0, [9976.5, 1680616, 106002464, 38704, 103509152, 7311363258]], [3422569016.0, [2826.0, 1091974, 69427248, 1091974, 7767792, 121433]], [614537527650.0, [5691.0, 191805207, 12275433555, 191792151, 6137126091, 95911575]], [2373649388.0, [814.0, 748987, 47652928, 503459, 25506688, 398587]]
Arch_Param: [32, 1024, 4096, 8, 256, 16]
SK_cost: [38403997609.333336, [2994342.5555555555, 47352385, 757568376, 845281, 754875576, 10286781793]], [4325336100.0, [333423.0, 5333103, 85328676, 86895, 85328676, 1133251695]], [317284680, [26250, 390450, 6247200, 13170, 6247200, 49664020]], [5758919752, [446500, 7106434, 113702944, 38794, 113702944, 1748508712]], [2245918008, [175110, 2772998, 44335152, 19654, 44335152, 694910982]], [311078721138.0, [23976942.0, 383626383, 6138012243, 5340891, 6138012243, 84524746203]], [14131926352.0, [1114579.0, 17443052, 278762688, 474836, 272078016, 3496506427]]
Model_cost: [33046262598.0, [7461.5, 41814593, 668963704, 10456705, 49400505, 784226]], [4281244452.0, [29511.0, 5333103, 85328676, 86895, 77870628, 4866975]], [314767560.0, [30.0, 390450, 6247200, 13170, 6247200, 390420]], [5325118592.0, [9975.25, 6635394, 106002464, 38794, 103509152, 7287180912]], [1727144824.0, [1416.0, 2171654, 34713648, 521414, 9348336, 472217]], [308775549066.0, [4077.0, 383626383, 6138012243, 5340891, 6137123727, 383579631]], [1646558736.0, [481.0, 2055020, 32839552, 157460, 25958272, 1548667]]
Arch_Param: [32, 1024, 4096, 8, 512, 16]
SK_cost: [38309292021.333336, [2994342.5555555555, 23676452, 757568376, 845252, 754875576, 10286781793]], [4314670116.0, [333423.0, 2666607, 85328676, 86895, 85328676, 1133251695]], [316502520, [26250, 195230, 6247200, 13150, 6247200, 49664020]], [5744703064, [446500, 3553222, 113702944, 38734, 113702944, 1748508712]], [2240380216, [175110, 1388550, 44335152, 19654, 44335152, 694910982]], [310311470226.0, [23976942.0, 191813655, 6138012243, 5340891, 6138012243, 84524746203]], [14097032696.0, [1114579.0, 8721526, 278762688, 474718, 272078016, 3496506427]]
Model_cost: [32962632594.0, [7461.5, 20907556, 668963704, 10456676, 49400505, 776034]], [4270578468.0, [29511.0, 2666607, 85328676, 86895, 77870628, 2433543]], [313985400.0, [30.0, 195230, 6247200, 13150, 6247200, 195220]], [5311884944.0, [9975.25, 3327942, 106002464, 38734, 103509152, 7286982476]], [1722794360.0, [1416.0, 1087878, 34713648, 570566, 7767792, 121433]], [308008298154.0, [4077.0, 191813655, 6138012243, 5340891, 6137123727, 191794623]], [1642340792.0, [481.0, 1027510, 32839552, 169886, 25506688, 772603]]
Arch_Param: [32, 1024, 4096, 8, 1024, 16]
SK_cost: [38261964841.333336, [2994342.5555555555, 11844705, 757568376, 845249, 754875576, 10286781793]], [4309337124.0, [333423.0, 1333359, 85328676, 86895, 85328676, 1133251695]], [316137040, [26250, 104020, 6247200, 13140, 6247200, 49664020]], [5737620320, [446500, 1783016, 113702944, 38704, 113702944, 1748508712]], [2237611320, [175110, 696326, 44335152, 19654, 44335152, 694910982]], [309927844770.0, [23976942.0, 95907291, 6138012243, 5340891, 6138012243, 84524746203]], [14079636044.0, [1114579.0, 4373307, 278762688, 474659, 272078016, 3496506427]]
Model_cost: [32920843206.0, [7461.5, 10460257, 668963704, 10456673, 49400505, 771938]], [4265245476.0, [29511.0, 1333359, 85328676, 86895, 77870628, 1216827]], [313620040.0, [31.25, 104020, 6247200, 13140, 6247200, 24577620]], [5305293840.0, [9976.5, 1680616, 106002464, 38704, 103509152, 7311363258]], [1719053944.0, [1416.0, 545990, 34713648, 545990, 7767792, 121433]], [307624672698.0, [4077.0, 95907291, 6138012243, 5340891, 6137123727, 95902119]], [1639886860.0, [481.0, 515323, 32839552, 163555, 25506688, 398587]]
Arch_Param: [32, 1024, 4096, 16, 256, 16]
SK_cost: [20624007934.666668, [1606836.7777777778, 25429697, 406836408, 451617, 405490872, 5530723681]], [4325336100.0, [333423.0, 5333103, 85328676, 86895, 85328676, 1133251695]], [317284680, [26250, 390450, 6247200, 13170, 6247200, 49664020]], [5758919752, [446500, 7106434, 113702944, 38794, 113702944, 1748508712]], [1122960696, [87558, 1386502, 22167600, 9830, 22167600, 347455494]], [311078721138.0, [23976942.0, 383626383, 6138012243, 5340891, 6138012243, 84524746203]], [12006184272.0, [938707.0, 14813420, 236848320, 329428, 233505984, 3103573051]]
Model_cost: [17786194304.666664, [3984.777777777778, 22447809, 359126200, 5611905, 49400505, 784226]], [4281244452.0, [29511.0, 5333103, 85328676, 86895, 77870628, 4866975]], [314767560.0, [30.0, 390450, 6247200, 13170, 6247200, 390420]], [5325118592.0, [9975.25, 6635394, 106002464, 38794, 103509152, 7287180912]], [871316760.0, [711.0, 1085830, 17356848, 260710, 8545520, 296601]], [308775549066.0, [4077.0, 383626383, 6138012243, 5340891, 6137123727, 383579631]], [1433368144.0, [343.0, 1783660, 28517760, 91924, 25732480, 1661563]]
Arch_Param: [32, 1024, 4096, 16, 512, 16]
SK_cost: [20573147722.666668, [1606836.7777777778, 12715108, 406836408, 451588, 405490872, 5530723681]], [4314670116.0, [333423.0, 2666607, 85328676, 86895, 85328676, 1133251695]], [316502520, [26250, 195230, 6247200, 13150, 6247200, 49664020]], [5744703064, [446500, 3553222, 113702944, 38734, 113702944, 1748508712]], [1120191800, [87558, 694278, 22167600, 9830, 22167600, 347455494]], [310311470226.0, [23976942.0, 191813655, 6138012243, 5340891, 6138012243, 84524746203]], [11976549880.0, [938707.0, 7406710, 236848320, 329310, 233505984, 3103573051]]
Model_cost: [17741297868.666664, [3984.777777777778, 11224164, 359126200, 5611876, 49400505, 776034]], [4270578468.0, [29511.0, 2666607, 85328676, 86895, 77870628, 2433543]], [313985400.0, [30.0, 195230, 6247200, 13150, 6247200, 195220]], [5311884944.0, [9975.25, 3327942, 106002464, 38734, 103509152, 7286982476]], [869149208.0, [711.0, 543942, 17356848, 260710, 8545520, 296601]], [308008298154.0, [4077.0, 191813655, 6138012243, 5340891, 6137123727, 191794623]], [1429751288.0, [343.0, 891830, 28517760, 98206, 25506688, 772603]]
Arch_Param: [32, 1024, 4096, 16, 1024, 16]
SK_cost: [20547730814.666668, [1606836.7777777778, 6360929, 406836408, 451585, 405490872, 5530723681]], [4309337124.0, [333423.0, 1333359, 85328676, 86895, 85328676, 1133251695]], [316137040, [26250, 104020, 6247200, 13140, 6247200, 49664020]], [5737620320, [446500, 1783016, 113702944, 38704, 113702944, 1748508712]], [1118807352, [87558, 348166, 22167600, 9830, 22167600, 347455494]], [309927844770.0, [23976942.0, 95907291, 6138012243, 5340891, 6138012243, 84524746203]], [11961758284.0, [938707.0, 3709755, 236848320, 329251, 233505984, 3103573051]]
Model_cost: [17718862848.666664, [3984.777777777778, 5615457, 359126200, 5611873, 49400505, 771938]], [4265245476.0, [29511.0, 1333359, 85328676, 86895, 77870628, 1216827]], [313620040.0, [31.25, 104020, 6247200, 13140, 6247200, 24577620]], [5305293840.0, [9976.5, 1680616, 106002464, 38704, 103509152, 7311363258]], [867296408.0, [711.0, 272998, 17356848, 272998, 7767792, 121433]], [307624672698.0, [4077.0, 95907291, 6138012243, 5340891, 6137123727, 95902119]], [1427762252.0, [343.0, 446715, 28517760, 94947, 25506688, 398587]]
Arch_Param: [32, 1024, 4096, 32, 256, 16]
SK_cost: [11736869630.666666, [913375.4444444445, 14471873, 231526584, 254913, 230853816, 3153192289]], [4325336100.0, [333423.0, 5333103, 85328676, 86895, 85328676, 1133251695]], [317284680, [26250, 390450, 6247200, 13170, 6247200, 49664020]], [5758919752, [446500, 7106434, 113702944, 38794, 113702944, 1748508712]], [561482040, [43782, 693254, 11083824, 4918, 11083824, 173727750]], [311078721138.0, [23976942.0, 383626383, 6138012243, 5340891, 6138012243, 84524746203]], [10943313232.0, [850771.0, 13498604, 215891136, 256724, 214219968, 2907106363]]
Model_cost: [10158927456.666668, [2248.4444444444443, 12767937, 204263608, 3190401, 49400505, 784226]], [4281244452.0, [29511.0, 5333103, 85328676, 86895, 77870628, 4866975]], [314767560.0, [30.0, 390450, 6247200, 13170, 6247200, 390420]], [5325118592.0, [9975.25, 6635394, 106002464, 38794, 103509152, 7287180912]], [436013592.0, [359.0, 542918, 8678448, 14902, 8144112, 652953]], [308775549066.0, [4077.0, 383626383, 6138012243, 5340891, 6137123727, 383579631]], [1325699696.0, [274.0, 1647980, 26356864, 42388, 25619584, 1610107]]
Arch_Param: [32, 1024, 4096, 32, 512, 16]
SK_cost: [11707925066.666666, [913375.4444444445, 7236196, 231526584, 254884, 230853816, 3153192289]], [4314670116.0, [333423.0, 2666607, 85328676, 86895, 85328676, 1133251695]], [316502520, [26250, 195230, 6247200, 13150, 6247200, 49664020]], [5744703064, [446500, 3553222, 113702944, 38734, 113702944, 1748508712]], [560097592, [43782, 347142, 11083824, 4918, 11083824, 173727750]], [310311470226.0, [23976942.0, 191813655, 6138012243, 5340891, 6138012243, 84524746203]], [10916308472.0, [850771.0, 6749302, 215891136, 256606, 214219968, 2907106363]]
Model_cost: [10133390764.666668, [2248.4444444444443, 6384228, 204263608, 3190372, 49400505, 776034]], [4270578468.0, [29511.0, 2666607, 85328676, 86895, 77870628, 2433543]], [313985400.0, [30.0, 195230, 6247200, 13150, 6247200, 195220]], [5311884944.0, [9975.25, 3327942, 106002464, 38734, 103509152, 7286982476]], [434929816.0, [359.0, 271974, 8678448, 14902, 8144112, 415385]], [308008298154.0, [4077.0, 191813655, 6138012243, 5340891, 6137123727, 191794623]], [1322383384.0, [274.0, 823990, 26356864, 45598, 25506688, 793083]]
Arch_Param: [32, 1024, 4096, 32, 1024, 16]
SK_cost: [11693459838.666666, [913375.4444444445, 3619937, 231526584, 254881, 230853816, 3153192289]], [4309337124.0, [333423.0, 1333359, 85328676, 86895, 85328676, 1133251695]], [316137040, [26250, 104020, 6247200, 13140, 6247200, 49664020]], [5737620320, [446500, 1783016, 113702944, 38704, 113702944, 1748508712]], [559405368, [43782, 174086, 11083824, 4918, 11083824, 173727750]], [309927844770.0, [23976942.0, 95907291, 6138012243, 5340891, 6138012243, 84524746203]], [10902819404.0, [850771.0, 3377979, 215891136, 256547, 214219968, 2907106363]]
Model_cost: [10120629472.666668, [2248.4444444444443, 3193953, 204263608, 3190369, 49400505, 771938]], [4265245476.0, [29511.0, 1333359, 85328676, 86895, 77870628, 1216827]], [313620040.0, [31.25, 104020, 6247200, 13140, 6247200, 24577620]], [5305293840.0, [9976.5, 1680616, 106002464, 38704, 103509152, 7311363258]], [434028504.0, [359.0, 136502, 8678448, 21046, 7767792, 121433]], [307624672698.0, [4077.0, 95907291, 6138012243, 5340891, 6137123727, 95902119]], [1320626796.0, [274.0, 412411, 26356864, 43875, 25506688, 398587]]
Arch_Param: [32, 1024, 8192, 4, 256, 16]
SK_cost: [73704963913.33333, [2931941.5555555555, 91214401, 1459298552, 1634145, 1453862072, 19800237409]], [8267277348.0, [388719.0, 10223727, 163578660, 164463, 163382052, 2181565551]], [316025160.0, [13130.0, 390450, 6247200, 13170, 6247200, 49664020]], [5737513288.0, [223516.0, 7106434, 113702944, 38794, 113702944, 1748508712]], [4475022648.0, [175110.0, 5545990, 88670256, 39302, 88670256, 1389821958]], [620252926770.0, [28428270.0, 767215743, 12275433555, 10680855, 12275282259, 169042411995]], [21097978928.0, [851781.3333333333, 26148076, 417716928, 820436, 404347584, 5041767995]]
Model_cost: [63578821750.0, [7230.0, 80564801, 1288904952, 20150465, 49400505, 784226]], [8206725924.0, [15687.0, 10223727, 163578660, 2450031, 77873700, 1217595]], [314766600.0, [20.0, 390450, 6247200, 13170, 6247200, 390420]], [5324641220.0, [5002.625, 6635394, 106002464, 38794, 103509152, 7287180912]], [3438665592.0, [1416.0, 4343302, 69427248, 1042822, 10953968, 472217]], [616838904258.0, [2925.0, 767215743, 12275433555, 191792151, 6137126091, 95911611]], [2383582320.0, [414.0, 2983404, 47652928, 491092, 26419264, 1198459]]
Arch_Param: [32, 1024, 8192, 4, 512, 16]
SK_cost: [73522534293.33333, [2931941.5555555555, 45607460, 1459298552, 1634116, 1453862072, 19800237409]], [8246830116.0, [388719.0, 5111919, 163578660, 164463, 163382052, 2181565551]], [315243000.0, [13130.0, 195230, 6247200, 13150, 6247200, 49664020]], [5723296600.0, [223516.0, 3553222, 113702944, 38734, 113702944, 1748508712]], [4463947064.0, [175110.0, 2777094, 88670256, 39302, 88670256, 1389821958]], [618718498674.0, [28428270.0, 383608719, 12275433555, 10680855, 12275282259, 169042411995]], [21045675224.0, [851781.3333333333, 13074038, 417716928, 820318, 404347584, 5041767995]]
Model_cost: [63417691330.0, [7230.0, 40282660, 1288904952, 20150436, 49400505, 776034]], [8186278692.0, [15687.0, 5111919, 163578660, 2450031, 77873700, 1217115]], [313984440.0, [20.0, 195230, 6247200, 13150, 6247200, 195220]], [5311407572.0, [5002.625, 3327942, 106002464, 38734, 103509152, 7286982476]], [3429914488.0, [1416.0, 2175750, 69427248, 1141126, 7767792, 121433]], [615304476162.0, [2925.0, 383608719, 12275433555, 191792151, 6137126091, 95911587]], [2377388440.0, [414.0, 1491702, 47652928, 516062, 25506688, 655867]]
Arch_Param: [32, 1024, 8192, 4, 1024, 16]
SK_cost: [73431369929.33333, [2931941.5555555555, 22816417, 1459298552, 1634113, 1453862072, 19800237409]], [8236606500.0, [388719.0, 2556015, 163578660, 164463, 163382052, 2181565551]], [314877520.0, [13130.0, 104020, 6247200, 13140, 6247200, 49664020]], [5716213856.0, [223516.0, 1783016, 113702944, 38704, 113702944, 1748508712]], [4458409272.0, [175110.0, 1392646, 88670256, 39302, 88670256, 1389821958]], [617951284626.0, [28428270.0, 191805207, 12275433555, 10680855, 12275282259, 169042411995]], [21019623724.0, [851781.3333333333, 6562107, 417716928, 820259, 404347584, 5041767995]]
Model_cost: [63337176566.0, [7230.0, 20154017, 1288904952, 20150433, 49400505, 771938]], [8176055076.0, [15687.0, 2556015, 163578660, 2450031, 77873700, 1216875]], [313619020.0, [20.625, 104020, 6247200, 13140, 6247200, 24577620]], [5304816408.0, [5003.25, 1680616, 106002464, 38704, 103509152, 7311363258]], [3422433656.0, [1416.0, 1091974, 69427248, 1091974, 7767792, 121433]], [614537262114.0, [2925.0, 191805207, 12275433555, 191792151, 6137126091, 95911575]], [2373610988.0, [414.0, 748987, 47652928, 503459, 25506688, 398587]]
Arch_Param: [32, 1024, 8192, 8, 256, 16]
SK_cost: [38262510238.666664, [1520515.7777777778, 47352385, 757568376, 845281, 754875576, 10286781793]], [4312876068.0, [203631.0, 5333103, 85328676, 86895, 85328676, 1133251695]], [316025160.0, [13130.0, 390450, 6247200, 13170, 6247200, 49664020]], [5737513288.0, [223516.0, 7106434, 113702944, 38794, 113702944, 1748508712]], [2237513016.0, [87558.0, 2772998, 44335152, 19654, 44335152, 694910982]], [310141573026.0, [14214982.5, 383626383, 6138012243, 5340891, 6138012243, 84524746203]], [14078984240.0, [563098.6666666666, 17443052, 278762688, 474836, 272078016, 3496506427]]
Model_cost: [33045906056.666668, [3747.527777777778, 41814593, 668963704, 10456705, 49400505, 784226]], [4279833252.0, [14811.0, 5333103, 85328676, 86895, 77870628, 4866975]], [314766600.0, [20.0, 390450, 6247200, 13170, 6247200, 390420]], [5324641220.0, [5002.625, 6635394, 106002464, 38794, 103509152, 7287180912]], [1727077144.0, [711.0, 2171654, 34713648, 521414, 9348336, 296601]], [308775361002.0, [2118.0, 383626383, 6138012243, 5340891, 6137123727, 383579631]], [1646536320.0, [247.5, 2055020, 32839552, 157460, 25958272, 1548667]]
Arch_Param: [32, 1024, 8192, 8, 512, 16]
SK_cost: [38167804650.666664, [1520515.7777777778, 23676452, 757568376, 845252, 754875576, 10286781793]], [4302210084.0, [203631.0, 2666607, 85328676, 86895, 85328676, 1133251695]], [315243000.0, [13130.0, 195230, 6247200, 13150, 6247200, 49664020]], [5723296600.0, [223516.0, 3553222, 113702944, 38734, 113702944, 1748508712]], [2231975224.0, [87558.0, 1388550, 44335152, 19654, 44335152, 694910982]], [309374322114.0, [14214982.5, 191813655, 6138012243, 5340891, 6138012243, 84524746203]], [14044090584.0, [563098.6666666666, 8721526, 278762688, 474718, 272078016, 3496506427]]
Model_cost: [32962276052.666668, [3747.527777777778, 20907556, 668963704, 10456676, 49400505, 776034]], [4269167268.0, [14811.0, 2666607, 85328676, 86895, 77870628, 2433543]], [313984440.0, [20.0, 195230, 6247200, 13150, 6247200, 195220]], [5311407572.0, [5002.625, 3327942, 106002464, 38734, 103509152, 7286982476]], [1722726680.0, [711.0, 1087878, 34713648, 570566, 7767792, 121433]], [308008110090.0, [2118.0, 191813655, 6138012243, 5340891, 6137123727, 191794623]], [1642318376.0, [247.5, 1027510, 32839552, 169886, 25506688, 772603]]
Arch_Param: [32, 1024, 8192, 8, 1024, 16]
SK_cost: [38120477470.666664, [1520515.7777777778, 11844705, 757568376, 845249, 754875576, 10286781793]], [4296877092.0, [203631.0, 1333359, 85328676, 86895, 85328676, 1133251695]], [314877520.0, [13130.0, 104020, 6247200, 13140, 6247200, 49664020]], [5716213856.0, [223516.0, 1783016, 113702944, 38704, 113702944, 1748508712]], [2229206328.0, [87558.0, 696326, 44335152, 19654, 44335152, 694910982]], [308990696658.0, [14214982.5, 95907291, 6138012243, 5340891, 6138012243, 84524746203]], [14026693932.0, [563098.6666666666, 4373307, 278762688, 474659, 272078016, 3496506427]]
Model_cost: [32920486664.666668, [3747.527777777778, 10460257, 668963704, 10456673, 49400505, 771938]], [4263834276.0, [14811.0, 1333359, 85328676, 86895, 77870628, 1216827]], [313619020.0, [20.625, 104020, 6247200, 13140, 6247200, 24577620]], [5304816408.0, [5003.25, 1680616, 106002464, 38704, 103509152, 7311363258]], [1718986264.0, [711.0, 545990, 34713648, 545990, 7767792, 121433]], [307624484634.0, [2118.0, 95907291, 6138012243, 5340891, 6137123727, 95902119]], [1639864444.0, [247.5, 515323, 32839552, 163555, 25506688, 398587]]
Arch_Param: [32, 1024, 8192, 16, 256, 16]
SK_cost: [20548005705.333332, [815146.8888888889, 25429697, 406836408, 451617, 405490872, 5530723681]], [4312876068.0, [203631.0, 5333103, 85328676, 86895, 85328676, 1133251695]], [316025160.0, [13130.0, 390450, 6247200, 13170, 6247200, 49664020]], [5737513288.0, [223516.0, 7106434, 113702944, 38794, 113702944, 1748508712]], [1118758200.0, [43782.0, 1386502, 22167600, 9830, 22167600, 347455494]], [310141573026.0, [14214982.5, 383626383, 6138012243, 5340891, 6138012243, 84524746203]], [11961438256.0, [472602.6666666667, 14813420, 236848320, 329428, 233505984, 3103573051]]
Model_cost: [17786004619.333336, [2008.888888888889, 22447809, 359126200, 5611905, 49400505, 784226]], [4279833252.0, [14811.0, 5333103, 85328676, 86895, 77870628, 4866975]], [314766600.0, [20.0, 390450, 6247200, 13170, 6247200, 390420]], [5324641220.0, [5002.625, 6635394, 106002464, 38794, 103509152, 7287180912]], [871282968.0, [359.0, 1085830, 17356848, 260710, 8545520, 296601]], [308775361002.0, [2118.0, 383626383, 6138012243, 5340891, 6137123727, 383579631]], [1433352352.0, [178.5, 1783660, 28517760, 91924, 25732480, 1548667]]
Arch_Param: [32, 1024, 8192, 16, 512, 16]
SK_cost: [20497145493.333332, [815146.8888888889, 12715108, 406836408, 451588, 405490872, 5530723681]], [4302210084.0, [203631.0, 2666607, 85328676, 86895, 85328676, 1133251695]], [315243000.0, [13130.0, 195230, 6247200, 13150, 6247200, 49664020]], [5723296600.0, [223516.0, 3553222, 113702944, 38734, 113702944, 1748508712]], [1115989304.0, [43782.0, 694278, 22167600, 9830, 22167600, 347455494]], [309374322114.0, [14214982.5, 191813655, 6138012243, 5340891, 6138012243, 84524746203]], [11931803864.0, [472602.6666666667, 7406710, 236848320, 329310, 233505984, 3103573051]]
Model_cost: [17741108183.333336, [2008.888888888889, 11224164, 359126200, 5611876, 49400505, 776034]], [4269167268.0, [14811.0, 2666607, 85328676, 86895, 77870628, 2433543]], [313984440.0, [20.0, 195230, 6247200, 13150, 6247200, 195220]], [5311407572.0, [5002.625, 3327942, 106002464, 38734, 103509152, 7286982476]], [869115416.0, [359.0, 543942, 17356848, 260710, 8545520, 296601]], [308008110090.0, [2118.0, 191813655, 6138012243, 5340891, 6137123727, 191794623]], [1429735496.0, [178.5, 891830, 28517760, 98206, 25506688, 772603]]
Arch_Param: [32, 1024, 8192, 16, 1024, 16]
SK_cost: [20471728585.333332, [815146.8888888889, 6360929, 406836408, 451585, 405490872, 5530723681]], [4296877092.0, [203631.0, 1333359, 85328676, 86895, 85328676, 1133251695]], [314877520.0, [13130.0, 104020, 6247200, 13140, 6247200, 49664020]], [5716213856.0, [223516.0, 1783016, 113702944, 38704, 113702944, 1748508712]], [1114604856.0, [43782.0, 348166, 22167600, 9830, 22167600, 347455494]], [308990696658.0, [14214982.5, 95907291, 6138012243, 5340891, 6138012243, 84524746203]], [11917012268.0, [472602.6666666667, 3709755, 236848320, 329251, 233505984, 3103573051]]
Model_cost: [17718673163.333336, [2008.888888888889, 5615457, 359126200, 5611873, 49400505, 771938]], [4263834276.0, [14811.0, 1333359, 85328676, 86895, 77870628, 1216827]], [313619020.0, [20.625, 104020, 6247200, 13140, 6247200, 24577620]], [5304816408.0, [5003.25, 1680616, 106002464, 38704, 103509152, 7311363258]], [867262616.0, [359.0, 272998, 17356848, 272998, 7767792, 121433]], [307624484634.0, [2118.0, 95907291, 6138012243, 5340891, 6137123727, 95902119]], [1427746460.0, [178.5, 446715, 28517760, 94947, 25506688, 398587]]
Arch_Param: [32, 1024, 8192, 32, 256, 16]
SK_cost: [11693600585.333334, [462656.22222222225, 14471873, 231526584, 254913, 230853816, 3153192289]], [4312876068.0, [203631.0, 5333103, 85328676, 86895, 85328676, 1133251695]], [316025160.0, [13130.0, 390450, 6247200, 13170, 6247200, 49664020]], [5737513288.0, [223516.0, 7106434, 113702944, 38794, 113702944, 1748508712]], [559380792.0, [21894.0, 693254, 11083824, 4918, 11083824, 173727750]], [310141573026.0, [14214982.5, 383626383, 6138012243, 5340891, 6138012243, 84524746203]], [10902665264.0, [427354.6666666666, 13498604, 215891136, 256724, 214219968, 2907106363]]
Model_cost: [10158821115.333332, [1140.7222222222222, 12767937, 204263608, 3190401, 49400505, 784226]], [4279833252.0, [14811.0, 5333103, 85328676, 86895, 77870628, 4866975]], [314766600.0, [20.0, 390450, 6247200, 13170, 6247200, 390420]], [5324641220.0, [5002.625, 6635394, 106002464, 38794, 103509152, 7287180912]], [435996696.0, [183.0, 542918, 8678448, 14902, 8144112, 652953]], [308775361002.0, [2118.0, 383626383, 6138012243, 5340891, 6137123727, 383579631]], [1325687168.0, [143.5, 1647980, 26356864, 42388, 25619584, 1610107]]
Arch_Param: [32, 1024, 8192, 32, 512, 16]
SK_cost: [11664656021.333334, [462656.22222222225, 7236196, 231526584, 254884, 230853816, 3153192289]], [4302210084.0, [203631.0, 2666607, 85328676, 86895, 85328676, 1133251695]], [315243000.0, [13130.0, 195230, 6247200, 13150, 6247200, 49664020]], [5723296600.0, [223516.0, 3553222, 113702944, 38734, 113702944, 1748508712]], [557996344.0, [21894.0, 347142, 11083824, 4918, 11083824, 173727750]], [309374322114.0, [14214982.5, 191813655, 6138012243, 5340891, 6138012243, 84524746203]], [10875660504.0, [427354.6666666666, 6749302, 215891136, 256606, 214219968, 2907106363]]
Model_cost: [10133284423.333332, [1140.7222222222222, 6384228, 204263608, 3190372, 49400505, 776034]], [4269167268.0, [14811.0, 2666607, 85328676, 86895, 77870628, 2433543]], [313984440.0, [20.0, 195230, 6247200, 13150, 6247200, 195220]], [5311407572.0, [5002.625, 3327942, 106002464, 38734, 103509152, 7286982476]], [434912920.0, [183.0, 271974, 8678448, 14902, 8144112, 415385]], [308008110090.0, [2118.0, 191813655, 6138012243, 5340891, 6137123727, 191794623]], [1322370856.0, [143.5, 823990, 26356864, 45598, 25506688, 793083]]
Arch_Param: [32, 1024, 8192, 32, 1024, 16]
SK_cost: [11650190793.333334, [462656.22222222225, 3619937, 231526584, 254881, 230853816, 3153192289]], [4296877092.0, [203631.0, 1333359, 85328676, 86895, 85328676, 1133251695]], [314877520.0, [13130.0, 104020, 6247200, 13140, 6247200, 49664020]], [5716213856.0, [223516.0, 1783016, 113702944, 38704, 113702944, 1748508712]], [557304120.0, [21894.0, 174086, 11083824, 4918, 11083824, 173727750]], [308990696658.0, [14214982.5, 95907291, 6138012243, 5340891, 6138012243, 84524746203]], [10862171436.0, [427354.6666666666, 3377979, 215891136, 256547, 214219968, 2907106363]]
Model_cost: [10120523131.333332, [1140.7222222222222, 3193953, 204263608, 3190369, 49400505, 771938]], [4263834276.0, [14811.0, 1333359, 85328676, 86895, 77870628, 1216827]], [313619020.0, [20.625, 104020, 6247200, 13140, 6247200, 24577620]], [5304816408.0, [5003.25, 1680616, 106002464, 38704, 103509152, 7311363258]], [434011608.0, [183.0, 136502, 8678448, 21046, 7767792, 121433]], [307624484634.0, [2118.0, 95907291, 6138012243, 5340891, 6137123727, 95902119]], [1320614268.0, [143.5, 412411, 26356864, 43875, 25506688, 398587]]
Arch_Param: [32, 1024, 16384, 4, 256, 16]
SK_cost: [73564230512.97298, [1465968.6351351351, 91214401, 1459298552, 1634145, 1453862072, 19800237409]], [8248624164.0, [194415.0, 10223727, 163578660, 164463, 163382052, 2181565551]], [315390280.0, [6516.66666666657, 390450, 6247200, 13170, 6247200, 49664020]], [5726775240.0, [111661.33333333023, 7106434, 113702944, 38794, 113702944, 1748508712]], [4466617656.0, [87558.0, 5545990, 88670256, 39302, 88670256, 1389821958]], [618888370069.2079, [14214137.700000172, 767215743, 12275433555, 10680855, 12275282259, 169042411995]], [21057094192.0, [425898.6666666666, 26148076, 417716928, 820436, 404347584, 5041767995]]
Model_cost: [63578476292.7027, [3631.4864864864867, 80564801, 1288904952, 20150465, 49400505, 784226]], [8205978276.0, [7899.0, 10223727, 163578660, 2450031, 77873700, 1217595]], [314766120.0, [15.0, 390450, 6247200, 13170, 6247200, 390420]], [5324402054.0, [2511.3125, 6635394, 106002464, 38794, 103509152, 7287180912]], [3438597912.0, [711.0, 4343302, 69427248, 1042822, 10953968, 296601]], [616838764117.1998, [1465.2000000000003, 767215743, 12275433555, 191792151, 6137126091, 95911611]], [2383563264.0, [215.5, 2983404, 47652928, 491092, 26419264, 1198459]]
Arch_Param: [32, 1024, 16384, 4, 512, 16]
SK_cost: [73381800892.97298, [1465968.6351351351, 45607460, 1459298552, 1634116, 1453862072, 19800237409]], [8228176932.0, [194415.0, 5111919, 163578660, 164463, 163382052, 2181565551]], [314608120.0, [6516.66666666657, 195230, 6247200, 13150, 6247200, 49664020]], [5712558552.0, [111661.33333333023, 3553222, 113702944, 38734, 113702944, 1748508712]], [4455542072.0, [87558.0, 2777094, 88670256, 39302, 88670256, 1389821958]], [617353941973.2079, [14214137.700000172, 383608719, 12275433555, 10680855, 12275282259, 169042411995]], [21004790488.0, [425898.6666666666, 13074038, 417716928, 820318, 404347584, 5041767995]]
Model_cost: [63417345872.7027, [3631.4864864864867, 40282660, 1288904952, 20150436, 49400505, 776034]], [8185531044.0, [7899.0, 5111919, 163578660, 2450031, 77873700, 1217115]], [313983960.0, [15.0, 195230, 6247200, 13150, 6247200, 195220]], [5311168406.0, [2511.3125, 3327942, 106002464, 38734, 103509152, 7286982476]], [3429846808.0, [711.0, 2175750, 69427248, 1141126, 7767792, 121433]], [615304336021.1998, [1465.2000000000003, 383608719, 12275433555, 191792151, 6137126091, 95911587]], [2377369384.0, [215.5, 1491702, 47652928, 516062, 25506688, 655867]]
Arch_Param: [32, 1024, 16384, 4, 1024, 16]
SK_cost: [73290636528.97298, [1465968.6351351351, 22816417, 1459298552, 1634113, 1453862072, 19800237409]], [8217953316.0, [194415.0, 2556015, 163578660, 164463, 163382052, 2181565551]], [314242640.0, [6516.66666666657, 104020, 6247200, 13140, 6247200, 49664020]], [5705475808.0, [111661.33333333023, 1783016, 113702944, 38704, 113702944, 1748508712]], [4450004280.0, [87558.0, 1392646, 88670256, 39302, 88670256, 1389821958]], [616586727925.2079, [14214137.700000172, 191805207, 12275433555, 10680855, 12275282259, 169042411995]], [20978738988.0, [425898.6666666666, 6562107, 417716928, 820259, 404347584, 5041767995]]
Model_cost: [63336831108.7027, [3631.4864864864867, 20154017, 1288904952, 20150433, 49400505, 771938]], [8175307428.0, [7899.0, 2556015, 163578660, 2450031, 77873700, 1216875]], [313618510.0, [15.3125, 104020, 6247200, 13140, 6247200, 24577620]], [5304577212.0, [2511.625, 1680616, 106002464, 38704, 103509152, 7311363258]], [3422365976.0, [711.0, 1091974, 69427248, 1091974, 7767792, 121433]], [614537121973.1998, [1465.2000000000003, 191805207, 12275433555, 191792151, 6137126091, 95911575]], [2373591932.0, [215.5, 748987, 47652928, 503459, 25506688, 398587]]
Arch_Param: [32, 1024, 16384, 8, 256, 16]
SK_cost: [38189526170.48649, [760265.0675675676, 47352385, 757568376, 845281, 754875576, 10286781793]], [4303107108.0, [101871.0, 5333103, 85328676, 86895, 85328676, 1133251695]], [315390280.0, [6516.66666666657, 390450, 6247200, 13170, 6247200, 49664020]], [5726775240.0, [111661.33333333023, 7106434, 113702944, 38794, 113702944, 1748508712]], [2233310520.0, [43782.0, 2772998, 44335152, 19654, 44335152, 694910982]], [309459257811.60394, [7107532.350000086, 383626383, 6138012243, 5340891, 6138012243, 84524746203]], [14051956272.0, [281557.3333333333, 17443052, 278762688, 474836, 272078016, 3496506427]]
Model_cost: [33045727745.35135, [1890.1182432432433, 41814593, 668963704, 10456705, 49400505, 784226]], [4279127652.0, [7461.0, 5333103, 85328676, 86895, 77870628, 4866975]], [314766120.0, [15.0, 390450, 6247200, 13170, 6247200, 390420]], [5324402054.0, [2511.3125, 6635394, 106002464, 38794, 103509152, 7287180912]], [1727043352.0, [359.0, 2171654, 34713648, 521414, 9348336, 296601]], [308775263283.5999, [1100.1000000000001, 383626383, 6138012243, 5340891, 6137123727, 383579631]], [1646525256.0, [132.25, 2055020, 32839552, 157460, 25958272, 1548667]]
Arch_Param: [32, 1024, 16384, 8, 512, 16]
SK_cost: [38094820582.48649, [760265.0675675676, 23676452, 757568376, 845252, 754875576, 10286781793]], [4292441124.0, [101871.0, 2666607, 85328676, 86895, 85328676, 1133251695]], [314608120.0, [6516.66666666657, 195230, 6247200, 13150, 6247200, 49664020]], [5712558552.0, [111661.33333333023, 3553222, 113702944, 38734, 113702944, 1748508712]], [2227772728.0, [43782.0, 1388550, 44335152, 19654, 44335152, 694910982]], [308692006899.60394, [7107532.350000086, 191813655, 6138012243, 5340891, 6138012243, 84524746203]], [14017062616.0, [281557.3333333333, 8721526, 278762688, 474718, 272078016, 3496506427]]
Model_cost: [32962097741.35135, [1890.1182432432433, 20907556, 668963704, 10456676, 49400505, 776034]], [4268461668.0, [7461.0, 2666607, 85328676, 86895, 77870628, 2433543]], [313983960.0, [15.0, 195230, 6247200, 13150, 6247200, 195220]], [5311168406.0, [2511.3125, 3327942, 106002464, 38734, 103509152, 7286982476]], [1722692888.0, [359.0, 1087878, 34713648, 570566, 7767792, 121433]], [308008012371.5999, [1100.1000000000001, 191813655, 6138012243, 5340891, 6137123727, 191794623]], [1642307312.0, [132.25, 1027510, 32839552, 169886, 25506688, 772603]]
Arch_Param: [32, 1024, 16384, 8, 1024, 16]
SK_cost: [38047493402.48649, [760265.0675675676, 11844705, 757568376, 845249, 754875576, 10286781793]], [4287108132.0, [101871.0, 1333359, 85328676, 86895, 85328676, 1133251695]], [314242640.0, [6516.66666666657, 104020, 6247200, 13140, 6247200, 49664020]], [5705475808.0, [111661.33333333023, 1783016, 113702944, 38704, 113702944, 1748508712]], [2225003832.0, [43782.0, 696326, 44335152, 19654, 44335152, 694910982]], [308308381443.60394, [7107532.350000086, 95907291, 6138012243, 5340891, 6138012243, 84524746203]], [13999665964.0, [281557.3333333333, 4373307, 278762688, 474659, 272078016, 3496506427]]
Model_cost: [32920308353.35135, [1890.1182432432433, 10460257, 668963704, 10456673, 49400505, 771938]], [4263128676.0, [7461.0, 1333359, 85328676, 86895, 77870628, 1216827]], [313618510.0, [15.3125, 104020, 6247200, 13140, 6247200, 24577620]], [5304577212.0, [2511.625, 1680616, 106002464, 38704, 103509152, 7311363258]], [1718952472.0, [359.0, 545990, 34713648, 545990, 7767792, 121433]], [307624386915.5999, [1100.1000000000001, 95907291, 6138012243, 5340891, 6137123727, 95902119]], [1639853380.0, [132.25, 515323, 32839552, 163555, 25506688, 398587]]
Arch_Param: [32, 1024, 16384, 16, 256, 16]
SK_cost: [20508879791.243244, [407585.2837837838, 25429697, 406836408, 451617, 405490872, 5530723681]], [4303107108.0, [101871.0, 5333103, 85328676, 86895, 85328676, 1133251695]], [315390280.0, [6516.66666666657, 390450, 6247200, 13170, 6247200, 49664020]], [5726775240.0, [111661.33333333023, 7106434, 113702944, 38794, 113702944, 1748508712]], [1116656952.0, [21894.0, 1386502, 22167600, 9830, 22167600, 347455494]], [309459257811.60394, [7107532.350000086, 383626383, 6138012243, 5340891, 6138012243, 84524746203]], [11938754096.0, [236309.33333333334, 14813420, 236848320, 329428, 233505984, 3103573051]]
Model_cost: [17785909769.675674, [1020.8716216216217, 22447809, 359126200, 5611905, 49400505, 784226]], [4279127652.0, [7461.0, 5333103, 85328676, 86895, 77870628, 4866975]], [314766120.0, [15.0, 390450, 6247200, 13170, 6247200, 390420]], [5324402054.0, [2511.3125, 6635394, 106002464, 38794, 103509152, 7287180912]], [871266072.0, [183.0, 1085830, 17356848, 260710, 8545520, 296601]], [308775263283.5999, [1100.1000000000001, 383626383, 6138012243, 5340891, 6137123727, 383579631]], [1433344552.0, [97.25, 1783660, 28517760, 91924, 25732480, 1548667]]
Arch_Param: [32, 1024, 16384, 16, 512, 16]
SK_cost: [20458019579.243244, [407585.2837837838, 12715108, 406836408, 451588, 405490872, 5530723681]], [4292441124.0, [101871.0, 2666607, 85328676, 86895, 85328676, 1133251695]], [314608120.0, [6516.66666666657, 195230, 6247200, 13150, 6247200, 49664020]], [5712558552.0, [111661.33333333023, 3553222, 113702944, 38734, 113702944, 1748508712]], [1113888056.0, [21894.0, 694278, 22167600, 9830, 22167600, 347455494]], [308692006899.60394, [7107532.350000086, 191813655, 6138012243, 5340891, 6138012243, 84524746203]], [11909119704.0, [236309.33333333334, 7406710, 236848320, 329310, 233505984, 3103573051]]
Model_cost: [17741013333.675674, [1020.8716216216217, 11224164, 359126200, 5611876, 49400505, 776034]], [4268461668.0, [7461.0, 2666607, 85328676, 86895, 77870628, 2433543]], [313983960.0, [15.0, 195230, 6247200, 13150, 6247200, 195220]], [5311168406.0, [2511.3125, 3327942, 106002464, 38734, 103509152, 7286982476]], [869098520.0, [183.0, 543942, 17356848, 260710, 8545520, 296601]], [308008012371.5999, [1100.1000000000001, 191813655, 6138012243, 5340891, 6137123727, 191794623]], [1429727696.0, [97.25, 891830, 28517760, 98206, 25506688, 772603]]
Arch_Param: [32, 1024, 16384, 16, 1024, 16]
SK_cost: [20432602671.243244, [407585.2837837838, 6360929, 406836408, 451585, 405490872, 5530723681]], [4287108132.0, [101871.0, 1333359, 85328676, 86895, 85328676, 1133251695]], [314242640.0, [6516.66666666657, 104020, 6247200, 13140, 6247200, 49664020]], [5705475808.0, [111661.33333333023, 1783016, 113702944, 38704, 113702944, 1748508712]], [1112503608.0, [21894.0, 348166, 22167600, 9830, 22167600, 347455494]], [308308381443.60394, [7107532.350000086, 95907291, 6138012243, 5340891, 6138012243, 84524746203]], [11894328108.0, [236309.33333333334, 3709755, 236848320, 329251, 233505984, 3103573051]]
Model_cost: [17718578313.675674, [1020.8716216216217, 5615457, 359126200, 5611873, 49400505, 771938]], [4263128676.0, [7461.0, 1333359, 85328676, 86895, 77870628, 1216827]], [313618510.0, [15.3125, 104020, 6247200, 13140, 6247200, 24577620]], [5304577212.0, [2511.625, 1680616, 106002464, 38704, 103509152, 7311363258]], [867245720.0, [183.0, 272998, 17356848, 272998, 7767792, 121433]], [307624386915.5999, [1100.1000000000001, 95907291, 6138012243, 5340891, 6137123727, 95902119]], [1427738660.0, [97.25, 446715, 28517760, 94947, 25506688, 398587]]
Arch_Param: [32, 1024, 16384, 32, 256, 16]
SK_cost: [11671394444.64865, [231342.25675675675, 14471873, 231526584, 254913, 230853816, 3153192289]], [4303107108.0, [101871.0, 5333103, 85328676, 86895, 85328676, 1133251695]], [315390280.0, [6516.66666666657, 390450, 6247200, 13170, 6247200, 49664020]], [5726775240.0, [111661.33333333023, 7106434, 113702944, 38794, 113702944, 1748508712]], [558330168.0, [10950.0, 693254, 11083824, 4918, 11083824, 173727750]], [309459257811.60394, [7107532.350000086, 383626383, 6138012243, 5340891, 6138012243, 84524746203]], [10882153008.0, [213685.3333333333, 13498604, 215891136, 256724, 214219968, 2907106363]]
Model_cost: [10158767941.135136, [586.8243243243244, 12767937, 204263608, 3190401, 49400505, 784226]], [4279127652.0, [7461.0, 5333103, 85328676, 86895, 77870628, 4866975]], [314766120.0, [15.0, 390450, 6247200, 13170, 6247200, 390420]], [5324402054.0, [2511.3125, 6635394, 106002464, 38794, 103509152, 7287180912]], [435988248.0, [95.0, 542918, 8678448, 14902, 8144112, 652953]], [308775263283.5999, [1100.1000000000001, 383626383, 6138012243, 5340891, 6137123727, 383579631]], [1325681048.0, [79.75, 1647980, 26356864, 42388, 25619584, 1610107]]
Arch_Param: [32, 1024, 16384, 32, 512, 16]
SK_cost: [11642449880.64865, [231342.25675675675, 7236196, 231526584, 254884, 230853816, 3153192289]], [4292441124.0, [101871.0, 2666607, 85328676, 86895, 85328676, 1133251695]], [314608120.0, [6516.66666666657, 195230, 6247200, 13150, 6247200, 49664020]], [5712558552.0, [111661.33333333023, 3553222, 113702944, 38734, 113702944, 1748508712]], [556945720.0, [10950.0, 347142, 11083824, 4918, 11083824, 173727750]], [308692006899.60394, [7107532.350000086, 191813655, 6138012243, 5340891, 6138012243, 84524746203]], [10855148248.0, [213685.3333333333, 6749302, 215891136, 256606, 214219968, 2907106363]]
Model_cost: [10133231249.135136, [586.8243243243244, 6384228, 204263608, 3190372, 49400505, 776034]], [4268461668.0, [7461.0, 2666607, 85328676, 86895, 77870628, 2433543]], [313983960.0, [15.0, 195230, 6247200, 13150, 6247200, 195220]], [5311168406.0, [2511.3125, 3327942, 106002464, 38734, 103509152, 7286982476]], [434904472.0, [95.0, 271974, 8678448, 14902, 8144112, 415385]], [308008012371.5999, [1100.1000000000001, 191813655, 6138012243, 5340891, 6137123727, 191794623]], [1322364736.0, [79.75, 823990, 26356864, 45598, 25506688, 793083]]
Arch_Param: [32, 1024, 16384, 32, 1024, 16]
SK_cost: [11627984652.64865, [231342.25675675675, 3619937, 231526584, 254881, 230853816, 3153192289]], [4287108132.0, [101871.0, 1333359, 85328676, 86895, 85328676, 1133251695]], [314242640.0, [6516.66666666657, 104020, 6247200, 13140, 6247200, 49664020]], [5705475808.0, [111661.33333333023, 1783016, 113702944, 38704, 113702944, 1748508712]], [556253496.0, [10950.0, 174086, 11083824, 4918, 11083824, 173727750]], [308308381443.60394, [7107532.350000086, 95907291, 6138012243, 5340891, 6138012243, 84524746203]], [10841659180.0, [213685.3333333333, 3377979, 215891136, 256547, 214219968, 2907106363]]
Model_cost: [10120469957.135136, [586.8243243243244, 3193953, 204263608, 3190369, 49400505, 771938]], [4263128676.0, [7461.0, 1333359, 85328676, 86895, 77870628, 1216827]], [313618510.0, [15.3125, 104020, 6247200, 13140, 6247200, 24577620]], [5304577212.0, [2511.625, 1680616, 106002464, 38704, 103509152, 7311363258]], [434003160.0, [95.0, 136502, 8678448, 21046, 7767792, 121433]], [307624386915.5999, [1100.1000000000001, 95907291, 6138012243, 5340891, 6137123727, 95902119]], [1320608148.0, [79.75, 412411, 26356864, 43875, 25506688, 398587]]
Arch_Param: [32, 1024, 32768, 4, 256, 16]
SK_cost: [73492372180.95999, [717444.3433333333, 91214401, 1459298552, 1634145, 1453862072, 19800237409]], [8239297572.0, [97263.0, 10223727, 163578660, 164463, 163382052, 2181565551]], [315077960.0, [3263.333333333285, 390450, 6247200, 13170, 6247200, 49664020]], [5721408264.0, [55755.33333333302, 7106434, 113702944, 38794, 113702944, 1748508712]], [4462375838.4, [43372.399999999994, 5545990, 88670256, 39302, 88670256, 1389821958]], [618206099091.6028, [7107148.350000086, 767215743, 12275433555, 10680855, 12275282259, 169042411995]], [21036006546.46154, [206235.69230769158, 26148076, 417716928, 820436, 404347584, 5041767995]]
Model_cost: [63578303558.64, [1832.1733333333334, 80564801, 1288904952, 20150465, 49400505, 784226]], [8205604452.0, [4005.0, 10223727, 163578660, 2450031, 77873700, 1217595]], [314765880.0, [12.5, 390450, 6247200, 13170, 6247200, 390420]], [5324282951.0, [1270.65625, 6635394, 106002464, 38794, 103509152, 7287180912]], [3438564120.0, [359.0, 4343302, 69427248, 1042822, 10953968, 296601]], [616838701419.6, [812.1000000000001, 767215743, 12275433555, 191792151, 6137126091, 95911611]], [2383553691.6923075, [115.78846153846155, 2983404, 47652928, 491092, 26419264, 3936187]]
Arch_Param: [32, 1024, 32768, 4, 512, 16]
SK_cost: [73309942560.95999, [717444.3433333333, 45607460, 1459298552, 1634116, 1453862072, 19800237409]], [8218850340.0, [97263.0, 5111919, 163578660, 164463, 163382052, 2181565551]], [314295800.0, [3263.333333333285, 195230, 6247200, 13150, 6247200, 49664020]], [5707191576.0, [55755.33333333302, 3553222, 113702944, 38734, 113702944, 1748508712]], [4451300254.4, [43372.399999999994, 2777094, 88670256, 39302, 88670256, 1389821958]], [616671670995.6028, [7107148.350000086, 383608719, 12275433555, 10680855, 12275282259, 169042411995]], [20983702842.46154, [206235.69230769158, 13074038, 417716928, 820318, 404347584, 5041767995]]
Model_cost: [63417173138.64, [1832.1733333333334, 40282660, 1288904952, 20150436, 49400505, 776034]], [8185157220.0, [4005.0, 5111919, 163578660, 2450031, 77873700, 1217115]], [313983720.0, [12.5, 195230, 6247200, 13150, 6247200, 195220]], [5311049303.0, [1270.65625, 3327942, 106002464, 38734, 103509152, 7286982476]], [3429813016.0, [359.0, 2175750, 69427248, 1141126, 7767792, 121433]], [615304273323.6, [812.1000000000001, 383608719, 12275433555, 191792151, 6137126091, 95911587]], [2377359856.0, [116.25, 1491702, 47652928, 516062, 25506688, 655867]]
Arch_Param: [32, 1024, 32768, 4, 1024, 16]
SK_cost: [73218778196.95999, [717444.3433333333, 22816417, 1459298552, 1634113, 1453862072, 19800237409]], [8208626724.0, [97263.0, 2556015, 163578660, 164463, 163382052, 2181565551]], [313930320.0, [3263.333333333285, 104020, 6247200, 13140, 6247200, 49664020]], [5700108832.0, [55755.33333333302, 1783016, 113702944, 38704, 113702944, 1748508712]], [4445762462.4, [43372.399999999994, 1392646, 88670256, 39302, 88670256, 1389821958]], [615904456947.6028, [7107148.350000086, 191805207, 12275433555, 10680855, 12275282259, 169042411995]], [20957651342.46154, [206235.69230769158, 6562107, 417716928, 820259, 404347584, 5041767995]]
Model_cost: [63336658374.64, [1832.1733333333334, 20154017, 1288904952, 20150433, 49400505, 771938]], [8174933604.0, [4005.0, 2556015, 163578660, 2450031, 77873700, 1216875]], [313618255.0, [12.65625, 104020, 6247200, 13140, 6247200, 24577620]], [5304458094.0, [1270.8125, 1680616, 106002464, 38704, 103509152, 7311363258]], [3422332184.0, [359.0, 1091974, 69427248, 1091974, 7767792, 121433]], [614537059275.6, [812.1000000000001, 191805207, 12275433555, 191792151, 6137126091, 95911575]], [2373582404.0, [116.25, 748987, 47652928, 503459, 25506688, 398587]]
Arch_Param: [32, 1024, 32768, 8, 256, 16]
SK_cost: [38152288320.479996, [372370.79666666663, 47352385, 757568376, 845281, 754875576, 10286781793]], [4298222628.0, [50991.0, 5333103, 85328676, 86895, 85328676, 1133251695]], [315077960.0, [3263.333333333285, 390450, 6247200, 13170, 6247200, 49664020]], [5721408264.0, [55755.33333333302, 7106434, 113702944, 38794, 113702944, 1748508712]], [2231189611.2, [21689.199999999997, 2772998, 44335152, 19654, 44335152, 694910982]], [309118103890.8014, [3553845.675000043, 383626383, 6138012243, 5340891, 6138012243, 84524746203]], [14038107361.23077, [137297.84615384653, 17443052, 278762688, 474836, 272078016, 3496506427]]
Model_cost: [33045638600.32, [961.5241666666667, 41814593, 668963704, 10456705, 49400505, 784226]], [4278774852.0, [3786.0, 5333103, 85328676, 86895, 77870628, 4866975]], [314765880.0, [12.5, 390450, 6247200, 13170, 6247200, 390420]], [5324282951.0, [1270.65625, 6635394, 106002464, 38794, 103509152, 7287180912]], [1727026436.8, [182.8, 2171654, 34713648, 521414, 9348336, 11360409]], [308775218110.8, [629.5500000000001, 383626383, 6138012243, 5340891, 6137123727, 383579631]], [1646519653.8461537, [73.89423076923077, 2055020, 32839552, 157460, 25958272, 2903419]]
Arch_Param: [32, 1024, 32768, 8, 512, 16]
SK_cost: [38057582732.479996, [372370.79666666663, 23676452, 757568376, 845252, 754875576, 10286781793]], [4287556644.0, [50991.0, 2666607, 85328676, 86895, 85328676, 1133251695]], [314295800.0, [3263.333333333285, 195230, 6247200, 13150, 6247200, 49664020]], [5707191576.0, [55755.33333333302, 3553222, 113702944, 38734, 113702944, 1748508712]], [2225651819.2, [21689.199999999997, 1388550, 44335152, 19654, 44335152, 694910982]], [308350852978.8014, [3553845.675000043, 191813655, 6138012243, 5340891, 6138012243, 84524746203]], [14003213705.23077, [137297.84615384653, 8721526, 278762688, 474718, 272078016, 3496506427]]
Model_cost: [32962008596.32, [961.5241666666667, 20907556, 668963704, 10456676, 49400505, 776034]], [4268108868.0, [3786.0, 2666607, 85328676, 86895, 77870628, 2433543]], [313983720.0, [12.5, 195230, 6247200, 13150, 6247200, 195220]], [5311049303.0, [1270.65625, 3327942, 106002464, 38734, 103509152, 7286982476]], [1722675992.0, [183.0, 1087878, 34713648, 570566, 7767792, 121433]], [308007967198.8, [629.5500000000001, 191813655, 6138012243, 5340891, 6137123727, 191794623]], [1642301732.0, [74.125, 1027510, 32839552, 169886, 25506688, 772603]]
Arch_Param: [32, 1024, 32768, 8, 1024, 16]
SK_cost: [38010255552.479996, [372370.79666666663, 11844705, 757568376, 845249, 754875576, 10286781793]], [4282223652.0, [50991.0, 1333359, 85328676, 86895, 85328676, 1133251695]], [313930320.0, [3263.333333333285, 104020, 6247200, 13140, 6247200, 49664020]], [5700108832.0, [55755.33333333302, 1783016, 113702944, 38704, 113702944, 1748508712]], [2222882923.2, [21689.199999999997, 696326, 44335152, 19654, 44335152, 694910982]], [307967227522.8014, [3553845.675000043, 95907291, 6138012243, 5340891, 6138012243, 84524746203]], [13985817053.23077, [137297.84615384653, 4373307, 278762688, 474659, 272078016, 3496506427]]
Model_cost: [32920219208.32, [961.5241666666667, 10460257, 668963704, 10456673, 49400505, 771938]], [4262775876.0, [3786.0, 1333359, 85328676, 86895, 77870628, 1216827]], [313618255.0, [12.65625, 104020, 6247200, 13140, 6247200, 24577620]], [5304458094.0, [1270.8125, 1680616, 106002464, 38704, 103509152, 7311363258]], [1718935576.0, [183.0, 545990, 34713648, 545990, 7767792, 121433]], [307624341742.8, [629.5500000000001, 95907291, 6138012243, 5340891, 6137123727, 95902119]], [1639847800.0, [74.125, 515323, 32839552, 163555, 25506688, 398587]]
Arch_Param: [32, 1024, 32768, 16, 256, 16]
SK_cost: [20488942390.239998, [199904.02333333332, 25429697, 406836408, 451617, 405490872, 5530723681]], [4298222628.0, [50991.0, 5333103, 85328676, 86895, 85328676, 1133251695]], [315077960.0, [3263.333333333285, 390450, 6247200, 13170, 6247200, 49664020]], [5721408264.0, [55755.33333333302, 7106434, 113702944, 38794, 113702944, 1748508712]], [1115596497.6, [10847.599999999999, 1386502, 22167600, 9830, 22167600, 347455494]], [309118103890.8014, [3553845.675000043, 383626383, 6138012243, 5340891, 6138012243, 84524746203]], [11927232107.076923, [116288.61538461514, 14813420, 236848320, 329428, 233505984, 3103573051]]
Model_cost: [17785862350.16, [526.9183333333333, 22447809, 359126200, 5611905, 49400505, 784226]], [4278774852.0, [3786.0, 5333103, 85328676, 86895, 77870628, 4866975]], [314765880.0, [12.5, 390450, 6247200, 13170, 6247200, 390420]], [5324282951.0, [1270.65625, 6635394, 106002464, 38794, 103509152, 7287180912]], [871257566.4, [94.4, 1085830, 17356848, 260710, 8545520, 5740697]], [308775218110.8, [629.5500000000001, 383626383, 6138012243, 5340891, 6137123727, 383579631]], [1433340644.6153846, [56.54807692307692, 1783660, 28517760, 91924, 25732480, 2226043]]
Arch_Param: [32, 1024, 32768, 16, 512, 16]
SK_cost: [20438082178.239998, [199904.02333333332, 12715108, 406836408, 451588, 405490872, 5530723681]], [4287556644.0, [50991.0, 2666607, 85328676, 86895, 85328676, 1133251695]], [314295800.0, [3263.333333333285, 195230, 6247200, 13150, 6247200, 49664020]], [5707191576.0, [55755.33333333302, 3553222, 113702944, 38734, 113702944, 1748508712]], [1112827601.6, [10847.599999999999, 694278, 22167600, 9830, 22167600, 347455494]], [308350852978.8014, [3553845.675000043, 191813655, 6138012243, 5340891, 6138012243, 84524746203]], [11897597715.076923, [116288.61538461514, 7406710, 236848320, 329310, 233505984, 3103573051]]
Model_cost: [17740965914.16, [526.9183333333333, 11224164, 359126200, 5611876, 49400505, 776034]], [4268108868.0, [3786.0, 2666607, 85328676, 86895, 77870628, 2433543]], [313983720.0, [12.5, 195230, 6247200, 13150, 6247200, 195220]], [5311049303.0, [1270.65625, 3327942, 106002464, 38734, 103509152, 7286982476]], [869090014.4, [94.4, 543942, 17356848, 260710, 8545520, 5740697]], [308007967198.8, [629.5500000000001, 191813655, 6138012243, 5340891, 6137123727, 191794623]], [1429723796.0, [56.625, 891830, 28517760, 98206, 25506688, 772603]]
Arch_Param: [32, 1024, 32768, 16, 1024, 16]
SK_cost: [20412665270.239998, [199904.02333333332, 6360929, 406836408, 451585, 405490872, 5530723681]], [4282223652.0, [50991.0, 1333359, 85328676, 86895, 85328676, 1133251695]], [313930320.0, [3263.333333333285, 104020, 6247200, 13140, 6247200, 49664020]], [5700108832.0, [55755.33333333302, 1783016, 113702944, 38704, 113702944, 1748508712]], [1111443153.6, [10847.599999999999, 348166, 22167600, 9830, 22167600, 347455494]], [307967227522.8014, [3553845.675000043, 95907291, 6138012243, 5340891, 6138012243, 84524746203]], [11882806119.076923, [116288.61538461514, 3709755, 236848320, 329251, 233505984, 3103573051]]
Model_cost: [17718530894.16, [526.9183333333333, 5615457, 359126200, 5611873, 49400505, 771938]], [4262775876.0, [3786.0, 1333359, 85328676, 86895, 77870628, 1216827]], [313618255.0, [12.65625, 104020, 6247200, 13140, 6247200, 24577620]], [5304458094.0, [1270.8125, 1680616, 106002464, 38704, 103509152, 7311363258]], [867237272.0, [95.0, 272998, 17356848, 272998, 7767792, 121433]], [307624341742.8, [629.5500000000001, 95907291, 6138012243, 5340891, 6137123727, 95902119]], [1427734760.0, [56.625, 446715, 28517760, 94947, 25506688, 398587]]
Arch_Param: [32, 1024, 32768, 32, 256, 16]
SK_cost: [11660101082.08, [113703.06333333332, 14471873, 231526584, 254913, 230853816, 3153192289]], [4298222628.0, [50991.0, 5333103, 85328676, 86895, 85328676, 1133251695]], [315077960.0, [3263.333333333285, 390450, 6247200, 13170, 6247200, 49664020]], [5721408264.0, [55755.33333333302, 7106434, 113702944, 38794, 113702944, 1748508712]], [557799940.8, [5426.799999999999, 693254, 11083824, 4918, 11083824, 173727750]], [309118103890.8014, [3553845.675000043, 383626383, 6138012243, 5340891, 6138012243, 84524746203]], [10871794480.0, [105784.00000000015, 13498604, 215891136, 256724, 214219968, 2907106363]]
Model_cost: [10158741356.720001, [309.9033333333333, 12767937, 204263608, 3190401, 49400505, 784226]], [4278774852.0, [3786.0, 5333103, 85328676, 86895, 77870628, 4866975]], [314765880.0, [12.5, 390450, 6247200, 13170, 6247200, 390420]], [5324282951.0, [1270.65625, 6635394, 106002464, 38794, 103509152, 7287180912]], [435983947.2, [50.2, 542918, 8678448, 14902, 8144112, 3287193]], [308775218110.8, [629.5500000000001, 383626383, 6138012243, 5340891, 6137123727, 383579631]], [1325677988.0, [47.875, 1647980, 26356864, 42388, 25619584, 1948795]]
Arch_Param: [32, 1024, 32768, 32, 512, 16]
SK_cost: [11631156518.08, [113703.06333333332, 7236196, 231526584, 254884, 230853816, 3153192289]], [4287556644.0, [50991.0, 2666607, 85328676, 86895, 85328676, 1133251695]], [314295800.0, [3263.333333333285, 195230, 6247200, 13150, 6247200, 49664020]], [5707191576.0, [55755.33333333302, 3553222, 113702944, 38734, 113702944, 1748508712]], [556415492.8, [5426.799999999999, 347142, 11083824, 4918, 11083824, 173727750]], [308350852978.8014, [3553845.675000043, 191813655, 6138012243, 5340891, 6138012243, 84524746203]], [10844789720.0, [105784.00000000015, 6749302, 215891136, 256606, 214219968, 2907106363]]
Model_cost: [10133204664.720001, [309.9033333333333, 6384228, 204263608, 3190372, 49400505, 776034]], [4268108868.0, [3786.0, 2666607, 85328676, 86895, 77870628, 2433543]], [313983720.0, [12.5, 195230, 6247200, 13150, 6247200, 195220]], [5311049303.0, [1270.65625, 3327942, 106002464, 38734, 103509152, 7286982476]], [434900171.2, [50.2, 271974, 8678448, 14902, 8144112, 3049625]], [308007967198.8, [629.5500000000001, 191813655, 6138012243, 5340891, 6137123727, 191794623]], [1322361676.0, [47.875, 823990, 26356864, 45598, 25506688, 793083]]
Arch_Param: [32, 1024, 32768, 32, 1024, 16]
SK_cost: [11616691290.08, [113703.06333333332, 3619937, 231526584, 254881, 230853816, 3153192289]], [4282223652.0, [50991.0, 1333359, 85328676, 86895, 85328676, 1133251695]], [313930320.0, [3263.333333333285, 104020, 6247200, 13140, 6247200, 49664020]], [5700108832.0, [55755.33333333302, 1783016, 113702944, 38704, 113702944, 1748508712]], [555723268.8, [5426.799999999999, 174086, 11083824, 4918, 11083824, 173727750]], [307967227522.8014, [3553845.675000043, 95907291, 6138012243, 5340891, 6138012243, 84524746203]], [10831300652.0, [105784.00000000015, 3377979, 215891136, 256547, 214219968, 2907106363]]
Model_cost: [10120443372.720001, [309.9033333333333, 3193953, 204263608, 3190369, 49400505, 771938]], [4262775876.0, [3786.0, 1333359, 85328676, 86895, 77870628, 1216827]], [313618255.0, [12.65625, 104020, 6247200, 13140, 6247200, 24577620]], [5304458094.0, [1270.8125, 1680616, 106002464, 38704, 103509152, 7311363258]], [433998936.0, [51.0, 136502, 8678448, 21046, 7767792, 121433]], [307624341742.8, [629.5500000000001, 95907291, 6138012243, 5340891, 6137123727, 95902119]], [1320605088.0, [47.875, 412411, 26356864, 43875, 25506688, 398587]]