[[0, 0, 0, 0, 0, 0, 0, 0, 0, 0, 0], [0, 0, 0, 0, 0, 0, 0, 0, 0, 0, 0], [0, 0, 0, 0, 0, 0, 0, 0, 0, 0, 0], [0, 0, 0, 0, 0, 0, 0, 0, 0, 0, 0]]
Arch_Param: [32, 4096, 32768, 4, 256, 16]
SK_cost: [73163430612.95999, [717444.3433333333, 91214401, 1459298552, 1634145, 1289391288, 4824681889]] [8238904356.0, [97263.0, 10223727, 163578660, 164463, 163185444, 545001327]] [315077960.0, [3263.333333333285, 390450, 6247200, 13170, 6247200, 12492810]] [5721408264.0, [55755.33333333302, 7106434, 113702944, 38794, 113702944, 437444628]] [4462375838.4, [43372.399999999994, 5545990, 88670256, 39302, 88670256, 348258310]] [618205796499.6028, [7107148.350000086, 767215743, 12275433555, 10680855, 12275130963, 42260303067]] [20933324946.46154, [206235.69230769158, 26148076, 417716928, 820436, 353006784, 1218624531]]
Model_cost: [62624289063.84, [1845.1858333333332, 80564801, 1288904952, 5243969, 49400505, 211234]] [8088813156.0, [4005.0, 10223727, 163578660, 625263, 77870628, 304839]] [314765880.0, [12.5, 390450, 6247200, 13170, 6247200, 390410]] [5324282951.0, [1270.65625, 6635394, 106002464, 38794, 103509152, 1846382172]] [3387816728.0, [359.0, 4343302, 69492784, 300294, 7768304, 30576]] [607633018611.6, [812.1000000000001, 767215743, 12275433555, 47953431, 6137123727, 23973351]] [2361371655.4923077, [118.24471153846154, 2983404, 47652928, 173012, 25506688, 1067219]]
Arch_Param: [32, 4096, 32768, 4, 512, 16]
SK_cost: [72981000992.95999, [717444.3433333333, 45607460, 1459298552, 1634116, 1289391288, 4824681889]] [8218457124.0, [97263.0, 5111919, 163578660, 164463, 163185444, 545001327]] [314295800.0, [3263.333333333285, 195230, 6247200, 13150, 6247200, 12492810]] [5707191576.0, [55755.33333333302, 3553222, 113702944, 38734, 113702944, 437444628]] [4451300254.4, [43372.399999999994, 2777094, 88670256, 39302, 88670256, 348258310]] [616671368403.6028, [7107148.350000086, 383608719, 12275433555, 10680855, 12275130963, 42260303067]] [20881021242.46154, [206235.69230769158, 13074038, 417716928, 820318, 353006784, 1218624531]]
Model_cost: [62463158643.84, [1845.1858333333332, 40282660, 1288904952, 5243940, 49400505, 203042]] [8068365924.0, [4005.0, 5111919, 163578660, 625263, 77870628, 304551]] [313983720.0, [12.5, 195230, 6247200, 13150, 6247200, 195210]] [5311049303.0, [1270.65625, 3327942, 106002464, 38734, 103509152, 1846183736]] [3379212056.0, [359.0, 2192134, 69492784, 300294, 7768304, 30576]] [606098590515.6, [812.1000000000001, 383608719, 12275433555, 47953431, 6137123727, 23973327]] [2355397295.4923077, [118.24471153846154, 1491702, 47652928, 172894, 25506688, 552659]]
Arch_Param: [32, 4096, 32768, 4, 1024, 16]
SK_cost: [72889836628.95999, [717444.3433333333, 22816417, 1459298552, 1634113, 1289391288, 4824681889]] [8208233508.0, [97263.0, 2556015, 163578660, 164463, 163185444, 545001327]] [313930320.0, [3263.333333333285, 104020, 6247200, 13140, 6247200, 12492810]] [5700108832.0, [55755.33333333302, 1783016, 113702944, 38704, 113702944, 437444628]] [4445762462.4, [43372.399999999994, 1392646, 88670256, 39302, 88670256, 348258310]] [615904154355.6028, [7107148.350000086, 191805207, 12275433555, 10680855, 12275130963, 42260303067]] [20854969742.46154, [206235.69230769158, 6562107, 417716928, 820259, 353006784, 1218624531]]
Model_cost: [62382643879.84, [1845.1858333333332, 20154017, 1288904952, 5243937, 49400505, 198946]] [8058142308.0, [4005.0, 2556015, 163578660, 625263, 77870628, 304407]] [313618255.0, [12.65625, 104020, 6247200, 13140, 6247200, 27210]] [5304458094.0, [1270.8125, 1680616, 106002464, 38704, 103509152, 1846014118]] [3372723992.0, [359.0, 1094662, 69427248, 316678, 7767792, 30384]] [605331376467.6, [812.1000000000001, 191805207, 12275433555, 47953431, 6137123727, 23973315]] [2352422659.4923077, [118.24471153846154, 748987, 47652928, 172835, 25506688, 295379]]
Arch_Param: [32, 4096, 32768, 8, 256, 16]
SK_cost: [37987924032.479996, [372370.79666666663, 47352385, 757568376, 845281, 672693432, 2505874849]] [4298222628.0, [50991.0, 5333103, 85328676, 86895, 85328676, 283119471]] [315077960.0, [3263.333333333285, 390450, 6247200, 13170, 6247200, 12492810]] [5721408264.0, [55755.33333333302, 7106434, 113702944, 38794, 113702944, 437444628]] [2231189611.2, [21689.199999999997, 2772998, 44335152, 19654, 44335152, 174129158]] [309118103890.8014, [3553845.675000043, 383626383, 6138012243, 5340891, 6138012243, 21131037915]] [13999424737.23077, [137297.84615384653, 17443052, 278762688, 474836, 252736704, 852278291]]
Model_cost: [32550404448.120003, [971.1054166666667, 41814593, 668963704, 2718657, 49400505, 211234]] [4278774852.0, [3786.0, 5333103, 85328676, 86895, 77870628, 4866975]] [314765880.0, [12.5, 390450, 6247200, 13170, 6247200, 390410]] [5324282951.0, [1270.65625, 6635394, 106002464, 38794, 103509152, 1846382172]] [1701678340.8, [182.8, 2171654, 34746416, 150150, 7768304, 30576]] [308775218110.8, [629.5500000000001, 383626383, 6138012243, 5340891, 6137123727, 383570187]] [1640545765.646154, [75.22548076923076, 2055020, 32839552, 78228, 25506688, 1504979]]
Arch_Param: [32, 4096, 32768, 8, 512, 16]
SK_cost: [37893218444.479996, [372370.79666666663, 23676452, 757568376, 845252, 672693432, 2505874849]] [4287556644.0, [50991.0, 2666607, 85328676, 86895, 85328676, 283119471]] [314295800.0, [3263.333333333285, 195230, 6247200, 13150, 6247200, 12492810]] [5707191576.0, [55755.33333333302, 3553222, 113702944, 38734, 113702944, 437444628]] [2225651819.2, [21689.199999999997, 1388550, 44335152, 19654, 44335152, 174129158]] [308350852978.8014, [3553845.675000043, 191813655, 6138012243, 5340891, 6138012243, 21131037915]] [13964531081.23077, [137297.84615384653, 8721526, 278762688, 474718, 252736704, 852278291]]
Model_cost: [32466774444.120003, [971.1054166666667, 20907556, 668963704, 2718628, 49400505, 203042]] [4268108868.0, [3786.0, 2666607, 85328676, 86895, 77870628, 2433543]] [313983720.0, [12.5, 195230, 6247200, 13150, 6247200, 195210]] [5311049303.0, [1270.65625, 3327942, 106002464, 38734, 103509152, 1846183736]] [1697376004.8, [182.8, 1096070, 34746416, 150150, 7768304, 30576]] [308007967198.8, [629.5500000000001, 191813655, 6138012243, 5340891, 6137123727, 191785179]] [1636428173.646154, [75.22548076923076, 1027510, 32839552, 78110, 25506688, 756947]]
Arch_Param: [32, 4096, 32768, 8, 1024, 16]
SK_cost: [37845891264.479996, [372370.79666666663, 11844705, 757568376, 845249, 672693432, 2505874849]] [4282223652.0, [50991.0, 1333359, 85328676, 86895, 85328676, 283119471]] [313930320.0, [3263.333333333285, 104020, 6247200, 13140, 6247200, 12492810]] [5700108832.0, [55755.33333333302, 1783016, 113702944, 38704, 113702944, 437444628]] [2222882923.2, [21689.199999999997, 696326, 44335152, 19654, 44335152, 174129158]] [307967227522.8014, [3553845.675000043, 95907291, 6138012243, 5340891, 6138012243, 21131037915]] [13947134429.23077, [137297.84615384653, 4373307, 278762688, 474659, 252736704, 852278291]]
Model_cost: [32424985056.120003, [971.1054166666667, 10460257, 668963704, 2718625, 49400505, 198946]] [4262775876.0, [3786.0, 1333359, 85328676, 86895, 77870628, 1216827]] [313618255.0, [12.65625, 104020, 6247200, 13140, 6247200, 27210]] [5304458094.0, [1270.8125, 1680616, 106002464, 38704, 103509152, 1846014118]] [1694131480.0, [183.0, 547334, 34713648, 158342, 7767792, 30384]] [307624341742.8, [629.5500000000001, 95907291, 6138012243, 5340891, 6137123727, 95892675]] [1634375649.646154, [75.22548076923076, 515323, 32839552, 78051, 25506688, 382931]]
Arch_Param: [32, 4096, 32768, 16, 256, 16]
SK_cost: [20406760246.239998, [199904.02333333332, 25429697, 406836408, 451617, 364399800, 1346637217]] [4298222628.0, [50991.0, 5333103, 85328676, 86895, 85328676, 283119471]] [315077960.0, [3263.333333333285, 390450, 6247200, 13170, 6247200, 12492810]] [5721408264.0, [55755.33333333302, 7106434, 113702944, 38794, 113702944, 437444628]] [1115596497.6, [10847.599999999999, 1386502, 22167600, 9830, 22167600, 87064582]] [309118103890.8014, [3553845.675000043, 383626383, 6138012243, 5340891, 6138012243, 21131037915]] [11911036523.076923, [116288.61538461514, 14813420, 236848320, 329428, 225408192, 758758419]]
Model_cost: [17519946519.16, [533.0120833333333, 22447809, 359126200, 1456961, 49400505, 211234]] [4278774852.0, [3786.0, 5333103, 85328676, 86895, 77870628, 4866975]] [314765880.0, [12.5, 390450, 6247200, 13170, 6247200, 390410]] [5324282951.0, [1270.65625, 6635394, 106002464, 38794, 103509152, 1846382172]] [858609193.0666666, [95.17777777777778, 1085830, 17373232, 75078, 7768304, 30576]] [308775218110.8, [629.5500000000001, 383626383, 6138012243, 5340891, 6137123727, 383570187]] [1430292263.2153845, [57.24182692307692, 1783660, 28517760, 51348, 25506688, 1504979]]
Arch_Param: [32, 4096, 32768, 16, 512, 16]
SK_cost: [20355900034.239998, [199904.02333333332, 12715108, 406836408, 451588, 364399800, 1346637217]] [4287556644.0, [50991.0, 2666607, 85328676, 86895, 85328676, 283119471]] [314295800.0, [3263.333333333285, 195230, 6247200, 13150, 6247200, 12492810]] [5707191576.0, [55755.33333333302, 3553222, 113702944, 38734, 113702944, 437444628]] [1112827601.6, [10847.599999999999, 694278, 22167600, 9830, 22167600, 87064582]] [308350852978.8014, [3553845.675000043, 191813655, 6138012243, 5340891, 6138012243, 21131037915]] [11881402131.076923, [116288.61538461514, 7406710, 236848320, 329310, 225408192, 758758419]]
Model_cost: [17475050083.16, [533.0120833333333, 11224164, 359126200, 1456932, 49400505, 203042]] [4268108868.0, [3786.0, 2666607, 85328676, 86895, 77870628, 2433543]] [313983720.0, [12.5, 195230, 6247200, 13150, 6247200, 195210]] [5311049303.0, [1270.65625, 3327942, 106002464, 38734, 103509152, 1846183736]] [856458025.0666666, [95.17777777777778, 548038, 17373232, 75078, 7768304, 30576]] [308007967198.8, [629.5500000000001, 191813655, 6138012243, 5340891, 6137123727, 191785179]] [1426717391.2153845, [57.24182692307692, 891830, 28517760, 51230, 25506688, 756947]]
Arch_Param: [32, 4096, 32768, 16, 1024, 16]
SK_cost: [20330483126.239998, [199904.02333333332, 6360929, 406836408, 451585, 364399800, 1346637217]] [4282223652.0, [50991.0, 1333359, 85328676, 86895, 85328676, 283119471]] [313930320.0, [3263.333333333285, 104020, 6247200, 13140, 6247200, 12492810]] [5700108832.0, [55755.33333333302, 1783016, 113702944, 38704, 113702944, 437444628]] [1111443153.6, [10847.599999999999, 348166, 22167600, 9830, 22167600, 87064582]] [307967227522.8014, [3553845.675000043, 95907291, 6138012243, 5340891, 6138012243, 21131037915]] [11866610535.076923, [116288.61538461514, 3709755, 236848320, 329251, 225408192, 758758419]]
Model_cost: [17452615063.16, [533.0120833333333, 5615457, 359126200, 1456929, 49400505, 198946]] [4262775876.0, [3786.0, 1333359, 85328676, 86895, 77870628, 1216827]] [313618255.0, [12.65625, 104020, 6247200, 13140, 6247200, 27210]] [5304458094.0, [1270.8125, 1680616, 106002464, 38704, 103509152, 1846014118]] [854835298.6666666, [95.77777777777777, 273670, 17356848, 79174, 7767792, 30384]] [307624341742.8, [629.5500000000001, 95907291, 6138012243, 5340891, 6137123727, 95892675]] [1424933155.2153845, [57.24182692307692, 446715, 28517760, 51171, 25506688, 382931]]
Arch_Param: [32, 4096, 32768, 32, 256, 16]
SK_cost: [11619010010.08, [113703.06333333332, 14471873, 231526584, 254913, 210308280, 767184289]] [4298222628.0, [50991.0, 5333103, 85328676, 86895, 85328676, 283119471]] [315077960.0, [3263.333333333285, 390450, 6247200, 13170, 6247200, 12492810]] [5721408264.0, [55755.33333333302, 7106434, 113702944, 38794, 113702944, 437444628]] [557799940.8, [5426.799999999999, 693254, 11083824, 4918, 11083824, 43532294]] [309118103890.8014, [3553845.675000043, 383626383, 6138012243, 5340891, 6138012243, 21131037915]] [10866842416.0, [105784.00000000015, 13498604, 215891136, 256724, 211743936, 711998483]]
Model_cost: [10007447708.92, [313.07208333333335, 12767937, 204263608, 826433, 49400505, 211234]] [4278774852.0, [3786.0, 5333103, 85328676, 86895, 77870628, 4866975]] [314765880.0, [12.5, 390450, 6247200, 13170, 6247200, 390410]] [5324282951.0, [1270.65625, 6635394, 106002464, 38794, 103509152, 1846382172]] [435386992.5333333, [50.58888888888889, 542918, 8686640, 11174, 7768304, 476016]] [308775218110.8, [629.5500000000001, 383626383, 6138012243, 5340891, 6137123727, 383570187]] [1324960697.6, [48.1, 1647980, 26356864, 34708, 25506688, 1579987]]
Arch_Param: [32, 4096, 32768, 32, 512, 16]
SK_cost: [11590065446.08, [113703.06333333332, 7236196, 231526584, 254884, 210308280, 767184289]] [4287556644.0, [50991.0, 2666607, 85328676, 86895, 85328676, 283119471]] [314295800.0, [3263.333333333285, 195230, 6247200, 13150, 6247200, 12492810]] [5707191576.0, [55755.33333333302, 3553222, 113702944, 38734, 113702944, 437444628]] [556415492.8, [5426.799999999999, 347142, 11083824, 4918, 11083824, 43532294]] [308350852978.8014, [3553845.675000043, 191813655, 6138012243, 5340891, 6138012243, 21131037915]] [10839837656.0, [105784.00000000015, 6749302, 215891136, 256606, 211743936, 711998483]]
Model_cost: [9981911016.92, [313.07208333333335, 6384228, 204263608, 826404, 49400505, 203042]] [4268108868.0, [3786.0, 2666607, 85328676, 86895, 77870628, 2433543]] [313983720.0, [12.5, 195230, 6247200, 13150, 6247200, 195210]] [5311049303.0, [1270.65625, 3327942, 106002464, 38734, 103509152, 1846183736]] [434311408.5333333, [50.58888888888889, 274022, 8686640, 11174, 7768304, 238448]] [308007967198.8, [629.5500000000001, 191813655, 6138012243, 5340891, 6137123727, 191785179]] [1321657185.6, [48.1, 823990, 26356864, 34590, 25506688, 790995]]
Arch_Param: [32, 4096, 32768, 32, 1024, 16]
SK_cost: [11575600218.08, [113703.06333333332, 3619937, 231526584, 254881, 210308280, 767184289]] [4282223652.0, [50991.0, 1333359, 85328676, 86895, 85328676, 283119471]] [313930320.0, [3263.333333333285, 104020, 6247200, 13140, 6247200, 12492810]] [5700108832.0, [55755.33333333302, 1783016, 113702944, 38704, 113702944, 437444628]] [555723268.8, [5426.799999999999, 174086, 11083824, 4918, 11083824, 43532294]] [307967227522.8014, [3553845.675000043, 95907291, 6138012243, 5340891, 6138012243, 21131037915]] [10826348588.0, [105784.00000000015, 3377979, 215891136, 256547, 211743936, 711998483]]
Model_cost: [9969149724.92, [313.07208333333335, 3193953, 204263608, 826401, 49400505, 198946]] [4262775876.0, [3786.0, 1333359, 85328676, 86895, 77870628, 1216827]] [313618255.0, [12.65625, 104020, 6247200, 13140, 6247200, 27210]] [5304458094.0, [1270.8125, 1680616, 106002464, 38704, 103509152, 1846014118]] [433499581.3333333, [51.388888888888886, 136838, 8678448, 13222, 7767792, 119472]] [307624341742.8, [629.5500000000001, 95907291, 6138012243, 5340891, 6137123727, 95892675]] [1320007093.6, [48.1, 412411, 26356864, 34531, 25506688, 396499]]
Arch_Param: [32, 4096, 16384, 4, 256, 16]
SK_cost: [73235288944.97298, [1465968.6351351351, 91214401, 1459298552, 1634145, 1289391288, 4824681889]] [8248230948.0, [194415.0, 10223727, 163578660, 164463, 163185444, 545001327]] [315390280.0, [6516.66666666657, 390450, 6247200, 13170, 6247200, 12492810]] [5726775240.0, [111661.33333333023, 7106434, 113702944, 38794, 113702944, 437444628]] [4466617656.0, [87558.0, 5545990, 88670256, 39302, 88670256, 348258310]] [618888067477.2079, [14214137.700000172, 767215743, 12275433555, 10680855, 12275130963, 42260303067]] [20954412592.0, [425898.6666666666, 26148076, 417716928, 820436, 353006784, 1218624531]]
Model_cost: [62624461952.7027, [3646.1114864864867, 80564801, 1288904952, 5243969, 49400505, 211234]] [8089186980.0, [7899.0, 10223727, 163578660, 625263, 77870628, 304839]] [314766120.0, [15.0, 390450, 6247200, 13170, 6247200, 390410]] [5324402054.0, [2511.3125, 6635394, 106002464, 38794, 103509152, 1846382172]] [3387850616.0, [712.0, 4343302, 69492784, 300294, 7768304, 30576]] [607633081309.1998, [1465.2000000000003, 767215743, 12275433555, 47953431, 6137123727, 23973351]] [2361381463.6, [220.41250000000002, 2983404, 47652928, 173012, 25506688, 1067219]]
Arch_Param: [32, 4096, 16384, 4, 512, 16]
SK_cost: [73052859324.97298, [1465968.6351351351, 45607460, 1459298552, 1634116, 1289391288, 4824681889]] [8227783716.0, [194415.0, 5111919, 163578660, 164463, 163185444, 545001327]] [314608120.0, [6516.66666666657, 195230, 6247200, 13150, 6247200, 12492810]] [5712558552.0, [111661.33333333023, 3553222, 113702944, 38734, 113702944, 437444628]] [4455542072.0, [87558.0, 2777094, 88670256, 39302, 88670256, 348258310]] [617353639381.2079, [14214137.700000172, 383608719, 12275433555, 10680855, 12275130963, 42260303067]] [20902108888.0, [425898.6666666666, 13074038, 417716928, 820318, 353006784, 1218624531]]
Model_cost: [62463331532.7027, [3646.1114864864867, 40282660, 1288904952, 5243940, 49400505, 203042]] [8068739748.0, [7899.0, 5111919, 163578660, 625263, 77870628, 304551]] [313983960.0, [15.0, 195230, 6247200, 13150, 6247200, 195210]] [5311168406.0, [2511.3125, 3327942, 106002464, 38734, 103509152, 1846183736]] [3379245944.0, [712.0, 2192134, 69492784, 300294, 7768304, 30576]] [606098653213.1998, [1465.2000000000003, 383608719, 12275433555, 47953431, 6137123727, 23973327]] [2355407103.6, [220.41250000000002, 1491702, 47652928, 172894, 25506688, 552659]]
Arch_Param: [32, 4096, 16384, 4, 1024, 16]
SK_cost: [72961694960.97298, [1465968.6351351351, 22816417, 1459298552, 1634113, 1289391288, 4824681889]] [8217560100.0, [194415.0, 2556015, 163578660, 164463, 163185444, 545001327]] [314242640.0, [6516.66666666657, 104020, 6247200, 13140, 6247200, 12492810]] [5705475808.0, [111661.33333333023, 1783016, 113702944, 38704, 113702944, 437444628]] [4450004280.0, [87558.0, 1392646, 88670256, 39302, 88670256, 348258310]] [616586425333.2079, [14214137.700000172, 191805207, 12275433555, 10680855, 12275130963, 42260303067]] [20876057388.0, [425898.6666666666, 6562107, 417716928, 820259, 353006784, 1218624531]]
Model_cost: [62382816768.7027, [3646.1114864864867, 20154017, 1288904952, 5243937, 49400505, 198946]] [8058516132.0, [7899.0, 2556015, 163578660, 625263, 77870628, 304407]] [313618510.0, [15.3125, 104020, 6247200, 13140, 6247200, 27210]] [5304577212.0, [2511.625, 1680616, 106002464, 38704, 103509152, 1846014118]] [3372757784.0, [711.0, 1094662, 69427248, 316678, 7767792, 30384]] [605331439165.1998, [1465.2000000000003, 191805207, 12275433555, 47953431, 6137123727, 23973315]] [2352432467.6, [220.41250000000002, 748987, 47652928, 172835, 25506688, 295379]]
Arch_Param: [32, 4096, 16384, 8, 256, 16]
SK_cost: [38025161882.48649, [760265.0675675676, 47352385, 757568376, 845281, 672693432, 2505874849]] [4303107108.0, [101871.0, 5333103, 85328676, 86895, 85328676, 283119471]] [315390280.0, [6516.66666666657, 390450, 6247200, 13170, 6247200, 12492810]] [5726775240.0, [111661.33333333023, 7106434, 113702944, 38794, 113702944, 437444628]] [2233310520.0, [43782.0, 2772998, 44335152, 19654, 44335152, 174129158]] [309459257811.60394, [7107532.350000086, 383626383, 6138012243, 5340891, 6138012243, 21131037915]] [14013273648.0, [281557.3333333333, 17443052, 278762688, 474836, 252736704, 852278291]]
Model_cost: [32550493936.95135, [1903.2807432432433, 41814593, 668963704, 2718657, 49400505, 211234]] [4279127652.0, [7461.0, 5333103, 85328676, 86895, 77870628, 4866975]] [314766120.0, [15.0, 390450, 6247200, 13170, 6247200, 390410]] [5324402054.0, [2511.3125, 6635394, 106002464, 38794, 103509152, 1846382172]] [1701695256.0, [359.0, 2171654, 34746416, 150150, 7768304, 30576]] [308775263283.5999, [1100.1000000000001, 383626383, 6138012243, 5340891, 6137123727, 383570187]] [1640551495.6, [134.9125, 2055020, 32839552, 78228, 25506688, 1504979]]
Arch_Param: [32, 4096, 16384, 8, 512, 16]
SK_cost: [37930456294.48649, [760265.0675675676, 23676452, 757568376, 845252, 672693432, 2505874849]] [4292441124.0, [101871.0, 2666607, 85328676, 86895, 85328676, 283119471]] [314608120.0, [6516.66666666657, 195230, 6247200, 13150, 6247200, 12492810]] [5712558552.0, [111661.33333333023, 3553222, 113702944, 38734, 113702944, 437444628]] [2227772728.0, [43782.0, 1388550, 44335152, 19654, 44335152, 174129158]] [308692006899.60394, [7107532.350000086, 191813655, 6138012243, 5340891, 6138012243, 21131037915]] [13978379992.0, [281557.3333333333, 8721526, 278762688, 474718, 252736704, 852278291]]
Model_cost: [32466863932.95135, [1903.2807432432433, 20907556, 668963704, 2718628, 49400505, 203042]] [4268461668.0, [7461.0, 2666607, 85328676, 86895, 77870628, 2433543]] [313983960.0, [15.0, 195230, 6247200, 13150, 6247200, 195210]] [5311168406.0, [2511.3125, 3327942, 106002464, 38734, 103509152, 1846183736]] [1697392920.0, [359.0, 1096070, 34746416, 150150, 7768304, 30576]] [308008012371.5999, [1100.1000000000001, 191813655, 6138012243, 5340891, 6137123727, 191785179]] [1636433903.6, [134.9125, 1027510, 32839552, 78110, 25506688, 756947]]
Arch_Param: [32, 4096, 16384, 8, 1024, 16]
SK_cost: [37883129114.48649, [760265.0675675676, 11844705, 757568376, 845249, 672693432, 2505874849]] [4287108132.0, [101871.0, 1333359, 85328676, 86895, 85328676, 283119471]] [314242640.0, [6516.66666666657, 104020, 6247200, 13140, 6247200, 12492810]] [5705475808.0, [111661.33333333023, 1783016, 113702944, 38704, 113702944, 437444628]] [2225003832.0, [43782.0, 696326, 44335152, 19654, 44335152, 174129158]] [308308381443.60394, [7107532.350000086, 95907291, 6138012243, 5340891, 6138012243, 21131037915]] [13960983340.0, [281557.3333333333, 4373307, 278762688, 474659, 252736704, 852278291]]
Model_cost: [32425074544.95135, [1903.2807432432433, 10460257, 668963704, 2718625, 49400505, 198946]] [4263128676.0, [7461.0, 1333359, 85328676, 86895, 77870628, 1216827]] [313618510.0, [15.3125, 104020, 6247200, 13140, 6247200, 27210]] [5304577212.0, [2511.625, 1680616, 106002464, 38704, 103509152, 1846014118]] [1694148376.0, [359.0, 547334, 34713648, 158342, 7767792, 30384]] [307624386915.5999, [1100.1000000000001, 95907291, 6138012243, 5340891, 6137123727, 95892675]] [1634381379.6, [134.9125, 515323, 32839552, 78051, 25506688, 382931]]
Arch_Param: [32, 4096, 16384, 16, 256, 16]
SK_cost: [20426697647.243244, [407585.2837837838, 25429697, 406836408, 451617, 364399800, 1346637217]] [4303107108.0, [101871.0, 5333103, 85328676, 86895, 85328676, 283119471]] [315390280.0, [6516.66666666657, 390450, 6247200, 13170, 6247200, 12492810]] [5726775240.0, [111661.33333333023, 7106434, 113702944, 38794, 113702944, 437444628]] [1116656952.0, [21894.0, 1386502, 22167600, 9830, 22167600, 87064582]] [309459257811.60394, [7107532.350000086, 383626383, 6138012243, 5340891, 6138012243, 21131037915]] [11922558512.0, [236309.33333333334, 14813420, 236848320, 329428, 225408192, 758758419]]
Model_cost: [17519994293.275677, [1030.6591216216216, 22447809, 359126200, 1456961, 49400505, 211234]] [4279127652.0, [7461.0, 5333103, 85328676, 86895, 77870628, 4866975]] [314766120.0, [15.0, 390450, 6247200, 13170, 6247200, 390410]] [5324402054.0, [2511.3125, 6635394, 106002464, 38794, 103509152, 1846382172]] [858617656.0, [183.33333333333334, 1085830, 17373232, 75078, 7768304, 30576]] [308775263283.5999, [1100.1000000000001, 383626383, 6138012243, 5340891, 6137123727, 383570187]] [1430296237.2, [98.63749999999999, 1783660, 28517760, 51348, 25506688, 1504979]]
Arch_Param: [32, 4096, 16384, 16, 512, 16]
SK_cost: [20375837435.243244, [407585.2837837838, 12715108, 406836408, 451588, 364399800, 1346637217]] [4292441124.0, [101871.0, 2666607, 85328676, 86895, 85328676, 283119471]] [314608120.0, [6516.66666666657, 195230, 6247200, 13150, 6247200, 12492810]] [5712558552.0, [111661.33333333023, 3553222, 113702944, 38734, 113702944, 437444628]] [1113888056.0, [21894.0, 694278, 22167600, 9830, 22167600, 87064582]] [308692006899.60394, [7107532.350000086, 191813655, 6138012243, 5340891, 6138012243, 21131037915]] [11892924120.0, [236309.33333333334, 7406710, 236848320, 329310, 225408192, 758758419]]
Model_cost: [17475097857.275677, [1030.6591216216216, 11224164, 359126200, 1456932, 49400505, 203042]] [4268461668.0, [7461.0, 2666607, 85328676, 86895, 77870628, 2433543]] [313983960.0, [15.0, 195230, 6247200, 13150, 6247200, 195210]] [5311168406.0, [2511.3125, 3327942, 106002464, 38734, 103509152, 1846183736]] [856466488.0, [183.33333333333334, 548038, 17373232, 75078, 7768304, 30576]] [308008012371.5999, [1100.1000000000001, 191813655, 6138012243, 5340891, 6137123727, 191785179]] [1426721365.2, [98.63749999999999, 891830, 28517760, 51230, 25506688, 756947]]
Arch_Param: [32, 4096, 16384, 16, 1024, 16]
SK_cost: [20350420527.243244, [407585.2837837838, 6360929, 406836408, 451585, 364399800, 1346637217]] [4287108132.0, [101871.0, 1333359, 85328676, 86895, 85328676, 283119471]] [314242640.0, [6516.66666666657, 104020, 6247200, 13140, 6247200, 12492810]] [5705475808.0, [111661.33333333023, 1783016, 113702944, 38704, 113702944, 437444628]] [1112503608.0, [21894.0, 348166, 22167600, 9830, 22167600, 87064582]] [308308381443.60394, [7107532.350000086, 95907291, 6138012243, 5340891, 6138012243, 21131037915]] [11878132524.0, [236309.33333333334, 3709755, 236848320, 329251, 225408192, 758758419]]
Model_cost: [17452662837.275677, [1030.6591216216216, 5615457, 359126200, 1456929, 49400505, 198946]] [4263128676.0, [7461.0, 1333359, 85328676, 86895, 77870628, 1216827]] [313618510.0, [15.3125, 104020, 6247200, 13140, 6247200, 27210]] [5304577212.0, [2511.625, 1680616, 106002464, 38704, 103509152, 1846014118]] [854843672.0, [183.0, 273670, 17356848, 79174, 7767792, 30384]] [307624386915.5999, [1100.1000000000001, 95907291, 6138012243, 5340891, 6137123727, 95892675]] [1424937129.2, [98.63749999999999, 446715, 28517760, 51171, 25506688, 382931]]
Arch_Param: [32, 4096, 16384, 32, 256, 16]
SK_cost: [11630303372.64865, [231342.25675675675, 14471873, 231526584, 254913, 210308280, 767184289]] [4303107108.0, [101871.0, 5333103, 85328676, 86895, 85328676, 283119471]] [315390280.0, [6516.66666666657, 390450, 6247200, 13170, 6247200, 12492810]] [5726775240.0, [111661.33333333023, 7106434, 113702944, 38794, 113702944, 437444628]] [558330168.0, [10950.0, 693254, 11083824, 4918, 11083824, 43532294]] [309459257811.60394, [7107532.350000086, 383626383, 6138012243, 5340891, 6138012243, 21131037915]] [10877200944.0, [213685.3333333333, 13498604, 215891136, 256724, 211743936, 711998483]]
Model_cost: [10007474597.535135, [593.1618243243242, 12767937, 204263608, 826433, 49400505, 211234]] [4279127652.0, [7461.0, 5333103, 85328676, 86895, 77870628, 4866975]] [314766120.0, [15.0, 390450, 6247200, 13170, 6247200, 390410]] [5324402054.0, [2511.3125, 6635394, 106002464, 38794, 103509152, 1846382172]] [435391896.0, [101.66666666666667, 542918, 8686640, 11174, 7768304, 476016]] [308775263283.5999, [1100.1000000000001, 383626383, 6138012243, 5340891, 6137123727, 383570187]] [1324963779.2, [80.2, 1647980, 26356864, 34708, 25506688, 1579987]]
Arch_Param: [32, 4096, 16384, 32, 512, 16]
SK_cost: [11601358808.64865, [231342.25675675675, 7236196, 231526584, 254884, 210308280, 767184289]] [4292441124.0, [101871.0, 2666607, 85328676, 86895, 85328676, 283119471]] [314608120.0, [6516.66666666657, 195230, 6247200, 13150, 6247200, 12492810]] [5712558552.0, [111661.33333333023, 3553222, 113702944, 38734, 113702944, 437444628]] [556945720.0, [10950.0, 347142, 11083824, 4918, 11083824, 43532294]] [308692006899.60394, [7107532.350000086, 191813655, 6138012243, 5340891, 6138012243, 21131037915]] [10850196184.0, [213685.3333333333, 6749302, 215891136, 256606, 211743936, 711998483]]
Model_cost: [9981937905.535135, [593.1618243243242, 6384228, 204263608, 826404, 49400505, 203042]] [4268461668.0, [7461.0, 2666607, 85328676, 86895, 77870628, 2433543]] [313983960.0, [15.0, 195230, 6247200, 13150, 6247200, 195210]] [5311168406.0, [2511.3125, 3327942, 106002464, 38734, 103509152, 1846183736]] [434316312.0, [101.66666666666667, 274022, 8686640, 11174, 7768304, 238448]] [308008012371.5999, [1100.1000000000001, 191813655, 6138012243, 5340891, 6137123727, 191785179]] [1321660267.2, [80.2, 823990, 26356864, 34590, 25506688, 790995]]
Arch_Param: [32, 4096, 16384, 32, 1024, 16]
SK_cost: [11586893580.64865, [231342.25675675675, 3619937, 231526584, 254881, 210308280, 767184289]] [4287108132.0, [101871.0, 1333359, 85328676, 86895, 85328676, 283119471]] [314242640.0, [6516.66666666657, 104020, 6247200, 13140, 6247200, 12492810]] [5705475808.0, [111661.33333333023, 1783016, 113702944, 38704, 113702944, 437444628]] [556253496.0, [10950.0, 174086, 11083824, 4918, 11083824, 43532294]] [308308381443.60394, [7107532.350000086, 95907291, 6138012243, 5340891, 6138012243, 21131037915]] [10836707116.0, [213685.3333333333, 3377979, 215891136, 256547, 211743936, 711998483]]
Model_cost: [9969176613.535135, [593.1618243243242, 3193953, 204263608, 826401, 49400505, 198946]] [4263128676.0, [7461.0, 1333359, 85328676, 86895, 77870628, 1216827]] [313618510.0, [15.3125, 104020, 6247200, 13140, 6247200, 27210]] [5304577212.0, [2511.625, 1680616, 106002464, 38704, 103509152, 1846014118]] [433504440.0, [102.0, 136838, 8678448, 13222, 7767792, 119472]] [307624386915.5999, [1100.1000000000001, 95907291, 6138012243, 5340891, 6137123727, 95892675]] [1320010175.2, [80.2, 412411, 26356864, 34531, 25506688, 396499]]
Arch_Param: [32, 4096, 8192, 4, 256, 16]
SK_cost: [73376022345.33333, [2931941.5555555555, 91214401, 1459298552, 1634145, 1289391288, 4824681889]] [8266884132.0, [388719.0, 10223727, 163578660, 164463, 163185444, 545001327]] [316025160.0, [13130.0, 390450, 6247200, 13170, 6247200, 12492810]] [5737513288.0, [223516.0, 7106434, 113702944, 38794, 113702944, 437444628]] [4475022648.0, [175110.0, 5545990, 88670256, 39302, 88670256, 348258310]] [620252624178.0, [28428270.0, 767215743, 12275433555, 10680855, 12275130963, 42260303067]] [20995297328.0, [851781.3333333333, 26148076, 417716928, 820436, 353006784, 1218624531]]
Model_cost: [62624807950.0, [7250.25, 80564801, 1288904952, 5243969, 49400505, 211234]] [8089934628.0, [15687.0, 10223727, 163578660, 625263, 77870628, 304839]] [314766600.0, [20.0, 390450, 6247200, 13170, 6247200, 390410]] [5324641220.0, [5002.625, 6635394, 106002464, 38794, 103509152, 1846382172]] [3387918392.0, [1418.0, 4343302, 69492784, 300294, 7768304, 30576]] [607633221450.0, [2925.0, 767215743, 12275433555, 47953431, 6137123727, 23973351]] [2361401452.0, [428.625, 2983404, 47652928, 173012, 25506688, 1067219]]
Arch_Param: [32, 4096, 8192, 4, 512, 16]
SK_cost: [73193592725.33333, [2931941.5555555555, 45607460, 1459298552, 1634116, 1289391288, 4824681889]] [8246436900.0, [388719.0, 5111919, 163578660, 164463, 163185444, 545001327]] [315243000.0, [13130.0, 195230, 6247200, 13150, 6247200, 12492810]] [5723296600.0, [223516.0, 3553222, 113702944, 38734, 113702944, 437444628]] [4463947064.0, [175110.0, 2777094, 88670256, 39302, 88670256, 348258310]] [618718196082.0, [28428270.0, 383608719, 12275433555, 10680855, 12275130963, 42260303067]] [20942993624.0, [851781.3333333333, 13074038, 417716928, 820318, 353006784, 1218624531]]
Model_cost: [62463677530.0, [7250.25, 40282660, 1288904952, 5243940, 49400505, 203042]] [8069487396.0, [15687.0, 5111919, 163578660, 625263, 77870628, 304551]] [313984440.0, [20.0, 195230, 6247200, 13150, 6247200, 195210]] [5311407572.0, [5002.625, 3327942, 106002464, 38734, 103509152, 1846183736]] [3379313720.0, [1418.0, 2192134, 69492784, 300294, 7768304, 30576]] [606098793354.0, [2925.0, 383608719, 12275433555, 47953431, 6137123727, 23973327]] [2355427092.0, [428.625, 1491702, 47652928, 172894, 25506688, 552659]]
Arch_Param: [32, 4096, 8192, 4, 1024, 16]
SK_cost: [73102428361.33333, [2931941.5555555555, 22816417, 1459298552, 1634113, 1289391288, 4824681889]] [8236213284.0, [388719.0, 2556015, 163578660, 164463, 163185444, 545001327]] [314877520.0, [13130.0, 104020, 6247200, 13140, 6247200, 12492810]] [5716213856.0, [223516.0, 1783016, 113702944, 38704, 113702944, 437444628]] [4458409272.0, [175110.0, 1392646, 88670256, 39302, 88670256, 348258310]] [617950982034.0, [28428270.0, 191805207, 12275433555, 10680855, 12275130963, 42260303067]] [20916942124.0, [851781.3333333333, 6562107, 417716928, 820259, 353006784, 1218624531]]
Model_cost: [62383162766.0, [7250.25, 20154017, 1288904952, 5243937, 49400505, 198946]] [8059263780.0, [15687.0, 2556015, 163578660, 625263, 77870628, 304407]] [313619020.0, [20.625, 104020, 6247200, 13140, 6247200, 27210]] [5304816408.0, [5003.25, 1680616, 106002464, 38704, 103509152, 1846014118]] [3372825464.0, [1416.0, 1094662, 69427248, 316678, 7767792, 30384]] [605331579306.0, [2925.0, 191805207, 12275433555, 47953431, 6137123727, 23973315]] [2352452456.0, [428.625, 748987, 47652928, 172835, 25506688, 295379]]
Arch_Param: [32, 4096, 8192, 8, 256, 16]
SK_cost: [38098145950.666664, [1520515.7777777778, 47352385, 757568376, 845281, 672693432, 2505874849]] [4312876068.0, [203631.0, 5333103, 85328676, 86895, 85328676, 283119471]] [316025160.0, [13130.0, 390450, 6247200, 13170, 6247200, 12492810]] [5737513288.0, [223516.0, 7106434, 113702944, 38794, 113702944, 437444628]] [2237513016.0, [87558.0, 2772998, 44335152, 19654, 44335152, 174129158]] [310141573026.0, [14214982.5, 383626383, 6138012243, 5340891, 6138012243, 21131037915]] [14040301616.0, [563098.6666666666, 17443052, 278762688, 474836, 252736704, 852278291]]
Model_cost: [32550671956.666668, [3757.652777777778, 41814593, 668963704, 2718657, 49400505, 211234]] [4279833252.0, [14811.0, 5333103, 85328676, 86895, 77870628, 4866975]] [314766600.0, [20.0, 390450, 6247200, 13170, 6247200, 390410]] [5324641220.0, [5002.625, 6635394, 106002464, 38794, 103509152, 1846382172]] [1701729144.0, [712.0, 2171654, 34746416, 150150, 7768304, 30576]] [308775361002.0, [2118.0, 383626383, 6138012243, 5340891, 6137123727, 383570187]] [1640563564.0, [260.625, 2055020, 32839552, 78228, 25506688, 1504979]]
Arch_Param: [32, 4096, 8192, 8, 512, 16]
SK_cost: [38003440362.666664, [1520515.7777777778, 23676452, 757568376, 845252, 672693432, 2505874849]] [4302210084.0, [203631.0, 2666607, 85328676, 86895, 85328676, 283119471]] [315243000.0, [13130.0, 195230, 6247200, 13150, 6247200, 12492810]] [5723296600.0, [223516.0, 3553222, 113702944, 38734, 113702944, 437444628]] [2231975224.0, [87558.0, 1388550, 44335152, 19654, 44335152, 174129158]] [309374322114.0, [14214982.5, 191813655, 6138012243, 5340891, 6138012243, 21131037915]] [14005407960.0, [563098.6666666666, 8721526, 278762688, 474718, 252736704, 852278291]]
Model_cost: [32467041952.666668, [3757.652777777778, 20907556, 668963704, 2718628, 49400505, 203042]] [4269167268.0, [14811.0, 2666607, 85328676, 86895, 77870628, 2433543]] [313984440.0, [20.0, 195230, 6247200, 13150, 6247200, 195210]] [5311407572.0, [5002.625, 3327942, 106002464, 38734, 103509152, 1846183736]] [1697426808.0, [712.0, 1096070, 34746416, 150150, 7768304, 30576]] [308008110090.0, [2118.0, 191813655, 6138012243, 5340891, 6137123727, 191785179]] [1636445972.0, [260.625, 1027510, 32839552, 78110, 25506688, 756947]]
Arch_Param: [32, 4096, 8192, 8, 1024, 16]
SK_cost: [37956113182.666664, [1520515.7777777778, 11844705, 757568376, 845249, 672693432, 2505874849]] [4296877092.0, [203631.0, 1333359, 85328676, 86895, 85328676, 283119471]] [314877520.0, [13130.0, 104020, 6247200, 13140, 6247200, 12492810]] [5716213856.0, [223516.0, 1783016, 113702944, 38704, 113702944, 437444628]] [2229206328.0, [87558.0, 696326, 44335152, 19654, 44335152, 174129158]] [308990696658.0, [14214982.5, 95907291, 6138012243, 5340891, 6138012243, 21131037915]] [13988011308.0, [563098.6666666666, 4373307, 278762688, 474659, 252736704, 852278291]]
Model_cost: [32425252564.666668, [3757.652777777778, 10460257, 668963704, 2718625, 49400505, 198946]] [4263834276.0, [14811.0, 1333359, 85328676, 86895, 77870628, 1216827]] [313619020.0, [20.625, 104020, 6247200, 13140, 6247200, 27210]] [5304816408.0, [5003.25, 1680616, 106002464, 38704, 103509152, 1846014118]] [1694182168.0, [711.0, 547334, 34713648, 158342, 7767792, 30384]] [307624484634.0, [2118.0, 95907291, 6138012243, 5340891, 6137123727, 95892675]] [1634393448.0, [260.625, 515323, 32839552, 78051, 25506688, 382931]]
Arch_Param: [32, 4096, 8192, 16, 256, 16]
SK_cost: [20465823561.333332, [815146.8888888889, 25429697, 406836408, 451617, 364399800, 1346637217]] [4312876068.0, [203631.0, 5333103, 85328676, 86895, 85328676, 283119471]] [316025160.0, [13130.0, 390450, 6247200, 13170, 6247200, 12492810]] [5737513288.0, [223516.0, 7106434, 113702944, 38794, 113702944, 437444628]] [1118758200.0, [43782.0, 1386502, 22167600, 9830, 22167600, 87064582]] [310141573026.0, [14214982.5, 383626383, 6138012243, 5340891, 6138012243, 21131037915]] [11945242672.0, [472602.6666666667, 14813420, 236848320, 329428, 225408192, 758758419]]
Model_cost: [17520089967.333336, [2027.263888888889, 22447809, 359126200, 1456961, 49400505, 211234]] [4279833252.0, [14811.0, 5333103, 85328676, 86895, 77870628, 4866975]] [314766600.0, [20.0, 390450, 6247200, 13170, 6247200, 390410]] [5324641220.0, [5002.625, 6635394, 106002464, 38794, 103509152, 1846382172]] [858634520.0, [359.0, 1085830, 17373232, 75078, 7768304, 30576]] [308775361002.0, [2118.0, 383626383, 6138012243, 5340891, 6137123727, 383570187]] [1430304804.0, [187.875, 1783660, 28517760, 51348, 25506688, 1504979]]
Arch_Param: [32, 4096, 8192, 16, 512, 16]
SK_cost: [20414963349.333332, [815146.8888888889, 12715108, 406836408, 451588, 364399800, 1346637217]] [4302210084.0, [203631.0, 2666607, 85328676, 86895, 85328676, 283119471]] [315243000.0, [13130.0, 195230, 6247200, 13150, 6247200, 12492810]] [5723296600.0, [223516.0, 3553222, 113702944, 38734, 113702944, 437444628]] [1115989304.0, [43782.0, 694278, 22167600, 9830, 22167600, 87064582]] [309374322114.0, [14214982.5, 191813655, 6138012243, 5340891, 6138012243, 21131037915]] [11915608280.0, [472602.6666666667, 7406710, 236848320, 329310, 225408192, 758758419]]
Model_cost: [17475193531.333336, [2027.263888888889, 11224164, 359126200, 1456932, 49400505, 203042]] [4269167268.0, [14811.0, 2666607, 85328676, 86895, 77870628, 2433543]] [313984440.0, [20.0, 195230, 6247200, 13150, 6247200, 195210]] [5311407572.0, [5002.625, 3327942, 106002464, 38734, 103509152, 1846183736]] [856483352.0, [359.0, 548038, 17373232, 75078, 7768304, 30576]] [308008110090.0, [2118.0, 191813655, 6138012243, 5340891, 6137123727, 191785179]] [1426729932.0, [187.875, 891830, 28517760, 51230, 25506688, 756947]]
Arch_Param: [32, 4096, 8192, 16, 1024, 16]
SK_cost: [20389546441.333332, [815146.8888888889, 6360929, 406836408, 451585, 364399800, 1346637217]] [4296877092.0, [203631.0, 1333359, 85328676, 86895, 85328676, 283119471]] [314877520.0, [13130.0, 104020, 6247200, 13140, 6247200, 12492810]] [5716213856.0, [223516.0, 1783016, 113702944, 38704, 113702944, 437444628]] [1114604856.0, [43782.0, 348166, 22167600, 9830, 22167600, 87064582]] [308990696658.0, [14214982.5, 95907291, 6138012243, 5340891, 6138012243, 21131037915]] [11900816684.0, [472602.6666666667, 3709755, 236848320, 329251, 225408192, 758758419]]
Model_cost: [17452758511.333336, [2027.263888888889, 5615457, 359126200, 1456929, 49400505, 198946]] [4263834276.0, [14811.0, 1333359, 85328676, 86895, 77870628, 1216827]] [313619020.0, [20.625, 104020, 6247200, 13140, 6247200, 27210]] [5304816408.0, [5003.25, 1680616, 106002464, 38704, 103509152, 1846014118]] [854860568.0, [359.0, 273670, 17356848, 79174, 7767792, 30384]] [307624484634.0, [2118.0, 95907291, 6138012243, 5340891, 6137123727, 95892675]] [1424945696.0, [187.875, 446715, 28517760, 51171, 25506688, 382931]]
Arch_Param: [32, 4096, 8192, 32, 256, 16]
SK_cost: [11652509513.333334, [462656.22222222225, 14471873, 231526584, 254913, 210308280, 767184289]] [4312876068.0, [203631.0, 5333103, 85328676, 86895, 85328676, 283119471]] [316025160.0, [13130.0, 390450, 6247200, 13170, 6247200, 12492810]] [5737513288.0, [223516.0, 7106434, 113702944, 38794, 113702944, 437444628]] [559380792.0, [21894.0, 693254, 11083824, 4918, 11083824, 43532294]] [310141573026.0, [14214982.5, 383626383, 6138012243, 5340891, 6138012243, 21131037915]] [10897713200.0, [427354.6666666666, 13498604, 215891136, 256724, 211743936, 711998483]]
Model_cost: [10007528783.333332, [1157.5972222222222, 12767937, 204263608, 826433, 49400505, 211234]] [4279833252.0, [14811.0, 5333103, 85328676, 86895, 77870628, 4866975]] [314766600.0, [20.0, 390450, 6247200, 13170, 6247200, 390410]] [5324641220.0, [5002.625, 6635394, 106002464, 38794, 103509152, 1846382172]] [435399736.0, [183.33333333333334, 542918, 8686640, 11174, 7768304, 476016]] [308775361002.0, [2118.0, 383626383, 6138012243, 5340891, 6137123727, 383570187]] [1324970288.0, [148.0, 1647980, 26356864, 34708, 25506688, 1579987]]
Arch_Param: [32, 4096, 8192, 32, 512, 16]
SK_cost: [11623564949.333334, [462656.22222222225, 7236196, 231526584, 254884, 210308280, 767184289]] [4302210084.0, [203631.0, 2666607, 85328676, 86895, 85328676, 283119471]] [315243000.0, [13130.0, 195230, 6247200, 13150, 6247200, 12492810]] [5723296600.0, [223516.0, 3553222, 113702944, 38734, 113702944, 437444628]] [557996344.0, [21894.0, 347142, 11083824, 4918, 11083824, 43532294]] [309374322114.0, [14214982.5, 191813655, 6138012243, 5340891, 6138012243, 21131037915]] [10870708440.0, [427354.6666666666, 6749302, 215891136, 256606, 211743936, 711998483]]
Model_cost: [9981992091.333332, [1157.5972222222222, 6384228, 204263608, 826404, 49400505, 203042]] [4269167268.0, [14811.0, 2666607, 85328676, 86895, 77870628, 2433543]] [313984440.0, [20.0, 195230, 6247200, 13150, 6247200, 195210]] [5311407572.0, [5002.625, 3327942, 106002464, 38734, 103509152, 1846183736]] [434324152.0, [183.33333333333334, 274022, 8686640, 11174, 7768304, 238448]] [308008110090.0, [2118.0, 191813655, 6138012243, 5340891, 6137123727, 191785179]] [1321666776.0, [148.0, 823990, 26356864, 34590, 25506688, 790995]]
Arch_Param: [32, 4096, 8192, 32, 1024, 16]
SK_cost: [11609099721.333334, [462656.22222222225, 3619937, 231526584, 254881, 210308280, 767184289]] [4296877092.0, [203631.0, 1333359, 85328676, 86895, 85328676, 283119471]] [314877520.0, [13130.0, 104020, 6247200, 13140, 6247200, 12492810]] [5716213856.0, [223516.0, 1783016, 113702944, 38704, 113702944, 437444628]] [557304120.0, [21894.0, 174086, 11083824, 4918, 11083824, 43532294]] [308990696658.0, [14214982.5, 95907291, 6138012243, 5340891, 6138012243, 21131037915]] [10857219372.0, [427354.6666666666, 3377979, 215891136, 256547, 211743936, 711998483]]
Model_cost: [9969230799.333332, [1157.5972222222222, 3193953, 204263608, 826401, 49400505, 198946]] [4263834276.0, [14811.0, 1333359, 85328676, 86895, 77870628, 1216827]] [313619020.0, [20.625, 104020, 6247200, 13140, 6247200, 27210]] [5304816408.0, [5003.25, 1680616, 106002464, 38704, 103509152, 1846014118]] [433512216.0, [183.0, 136838, 8678448, 13222, 7767792, 119472]] [307624484634.0, [2118.0, 95907291, 6138012243, 5340891, 6137123727, 95892675]] [1320016684.0, [148.0, 412411, 26356864, 34531, 25506688, 396499]]
Arch_Param: [32, 4096, 4096, 4, 256, 16]
SK_cost: [73648527614.66667, [5770538.111111111, 91214401, 1459298552, 1634145, 1289391288, 4824681889]] [8290919460.0, [639087.0, 10223727, 163578660, 164463, 163185444, 545001327]] [317284680, [26250, 390450, 6247200, 13170, 6247200, 12492810]] [5758919752, [446500, 7106434, 113702944, 38794, 113702944, 437444628]] [4491832632, [350214, 5545990, 88670256, 39302, 88670256, 348258310]] [622126846674.0, [47951421.0, 767215743, 12275433555, 10680855, 12275130963, 42260303067]] [21074986320.0, [1681875.0, 26148076, 417716928, 820436, 353006784, 1218624531]]
Model_cost: [62625497830.0, [14436.5, 80564801, 1288904952, 5243969, 49400505, 211234]] [8091429924.0, [31263.0, 10223727, 163578660, 625263, 77870628, 304839]] [314767560.0, [30.0, 390450, 6247200, 13170, 6247200, 390410]] [5325118592.0, [9975.25, 6635394, 106002464, 38794, 103509152, 1846382172]] [3388053944.0, [2830.0, 4343302, 69492784, 300294, 7768304, 30576]] [607633486986.0, [5691.0, 767215743, 12275433555, 47953431, 6137123727, 23973351]] [2361440392.0, [834.25, 2983404, 47652928, 173012, 25506688, 1067219]]
Arch_Param: [32, 4096, 4096, 4, 512, 16]
SK_cost: [73466097994.66667, [5770538.111111111, 45607460, 1459298552, 1634116, 1289391288, 4824681889]] [8270472228.0, [639087.0, 5111919, 163578660, 164463, 163185444, 545001327]] [316502520, [26250, 195230, 6247200, 13150, 6247200, 12492810]] [5744703064, [446500, 3553222, 113702944, 38734, 113702944, 437444628]] [4480757048, [350214, 2777094, 88670256, 39302, 88670256, 348258310]] [620592418578.0, [47951421.0, 383608719, 12275433555, 10680855, 12275130963, 42260303067]] [21022682616.0, [1681875.0, 13074038, 417716928, 820318, 353006784, 1218624531]]
Model_cost: [62464367410.0, [14436.5, 40282660, 1288904952, 5243940, 49400505, 203042]] [8070982692.0, [31263.0, 5111919, 163578660, 625263, 77870628, 304551]] [313985400.0, [30.0, 195230, 6247200, 13150, 6247200, 195210]] [5311884944.0, [9975.25, 3327942, 106002464, 38734, 103509152, 1846183736]] [3379449272.0, [2830.0, 2192134, 69492784, 300294, 7768304, 30576]] [606099058890.0, [5691.0, 383608719, 12275433555, 47953431, 6137123727, 23973327]] [2355466032.0, [834.25, 1491702, 47652928, 172894, 25506688, 552659]]
Arch_Param: [32, 4096, 4096, 4, 1024, 16]
SK_cost: [73374933630.66667, [5770538.111111111, 22816417, 1459298552, 1634113, 1289391288, 4824681889]] [8260248612.0, [639087.0, 2556015, 163578660, 164463, 163185444, 545001327]] [316137040, [26250, 104020, 6247200, 13140, 6247200, 12492810]] [5737620320, [446500, 1783016, 113702944, 38704, 113702944, 437444628]] [4475219256, [350214, 1392646, 88670256, 39302, 88670256, 348258310]] [619825204530.0, [47951421.0, 191805207, 12275433555, 10680855, 12275130963, 42260303067]] [20996631116.0, [1681875.0, 6562107, 417716928, 820259, 353006784, 1218624531]]
Model_cost: [62383852646.0, [14436.5, 20154017, 1288904952, 5243937, 49400505, 198946]] [8060759076.0, [31263.0, 2556015, 163578660, 625263, 77870628, 304407]] [313620040.0, [31.25, 104020, 6247200, 13140, 6247200, 27210]] [5305293840.0, [9976.5, 1680616, 106002464, 38704, 103509152, 1846014118]] [3372960824.0, [2826.0, 1094662, 69427248, 316678, 7767792, 30384]] [605331844842.0, [5691.0, 191805207, 12275433555, 47953431, 6137123727, 23973315]] [2352491396.0, [834.25, 748987, 47652928, 172835, 25506688, 295379]]
Arch_Param: [32, 4096, 4096, 8, 256, 16]
SK_cost: [38239633321.333336, [2994342.5555555555, 47352385, 757568376, 845281, 672693432, 2505874849]] [4325336100.0, [333423.0, 5333103, 85328676, 86895, 85328676, 283119471]] [317284680, [26250, 390450, 6247200, 13170, 6247200, 12492810]] [5758919752, [446500, 7106434, 113702944, 38794, 113702944, 437444628]] [2245918008, [175110, 2772998, 44335152, 19654, 44335152, 174129158]] [311078721138.0, [23976942.0, 383626383, 6138012243, 5340891, 6138012243, 21131037915]] [14093243728.0, [1114579.0, 17443052, 278762688, 474836, 252736704, 852278291]]
Model_cost: [32551028606.0, [7472.75, 41814593, 668963704, 2718657, 49400505, 211234]] [4281244452.0, [29511.0, 5333103, 85328676, 86895, 77870628, 4866975]] [314767560.0, [30.0, 390450, 6247200, 13170, 6247200, 390410]] [5325118592.0, [9975.25, 6635394, 106002464, 38794, 103509152, 1846382172]] [1701796920.0, [1418.0, 2171654, 34746416, 150150, 7768304, 30576]] [308775549066.0, [4077.0, 383626383, 6138012243, 5340891, 6137123727, 383570187]] [1640584936.0, [483.25, 2055020, 32839552, 78228, 25506688, 1504979]]
Arch_Param: [32, 4096, 4096, 8, 512, 16]
SK_cost: [38144927733.333336, [2994342.5555555555, 23676452, 757568376, 845252, 672693432, 2505874849]] [4314670116.0, [333423.0, 2666607, 85328676, 86895, 85328676, 283119471]] [316502520, [26250, 195230, 6247200, 13150, 6247200, 12492810]] [5744703064, [446500, 3553222, 113702944, 38734, 113702944, 437444628]] [2240380216, [175110, 1388550, 44335152, 19654, 44335152, 174129158]] [310311470226.0, [23976942.0, 191813655, 6138012243, 5340891, 6138012243, 21131037915]] [14058350072.0, [1114579.0, 8721526, 278762688, 474718, 252736704, 852278291]]
Model_cost: [32467398602.0, [7472.75, 20907556, 668963704, 2718628, 49400505, 203042]] [4270578468.0, [29511.0, 2666607, 85328676, 86895, 77870628, 2433543]] [313985400.0, [30.0, 195230, 6247200, 13150, 6247200, 195210]] [5311884944.0, [9975.25, 3327942, 106002464, 38734, 103509152, 1846183736]] [1697494584.0, [1418.0, 1096070, 34746416, 150150, 7768304, 30576]] [308008298154.0, [4077.0, 191813655, 6138012243, 5340891, 6137123727, 191785179]] [1636467344.0, [483.25, 1027510, 32839552, 78110, 25506688, 756947]]
Arch_Param: [32, 4096, 4096, 8, 1024, 16]
SK_cost: [38097600553.333336, [2994342.5555555555, 11844705, 757568376, 845249, 672693432, 2505874849]] [4309337124.0, [333423.0, 1333359, 85328676, 86895, 85328676, 283119471]] [316137040, [26250, 104020, 6247200, 13140, 6247200, 12492810]] [5737620320, [446500, 1783016, 113702944, 38704, 113702944, 437444628]] [2237611320, [175110, 696326, 44335152, 19654, 44335152, 174129158]] [309927844770.0, [23976942.0, 95907291, 6138012243, 5340891, 6138012243, 21131037915]] [14040953420.0, [1114579.0, 4373307, 278762688, 474659, 252736704, 852278291]]
Model_cost: [32425609214.0, [7472.75, 10460257, 668963704, 2718625, 49400505, 198946]] [4265245476.0, [29511.0, 1333359, 85328676, 86895, 77870628, 1216827]] [313620040.0, [31.25, 104020, 6247200, 13140, 6247200, 27210]] [5305293840.0, [9976.5, 1680616, 106002464, 38704, 103509152, 1846014118]] [1694249848.0, [1416.0, 547334, 34713648, 158342, 7767792, 30384]] [307624672698.0, [4077.0, 95907291, 6138012243, 5340891, 6137123727, 95892675]] [1634414820.0, [483.25, 515323, 32839552, 78051, 25506688, 382931]]
Arch_Param: [32, 4096, 4096, 16, 256, 16]
SK_cost: [20541825790.666668, [1606836.7777777778, 25429697, 406836408, 451617, 364399800, 1346637217]] [4325336100.0, [333423.0, 5333103, 85328676, 86895, 85328676, 283119471]] [317284680, [26250, 390450, 6247200, 13170, 6247200, 12492810]] [5758919752, [446500, 7106434, 113702944, 38794, 113702944, 437444628]] [1122960696, [87558, 1386502, 22167600, 9830, 22167600, 87064582]] [311078721138.0, [23976942.0, 383626383, 6138012243, 5340891, 6138012243, 21131037915]] [11989988688.0, [938707.0, 14813420, 236848320, 329428, 225408192, 758758419]]
Model_cost: [17520279976.666664, [4006.527777777778, 22447809, 359126200, 1456961, 49400505, 211234]] [4281244452.0, [29511.0, 5333103, 85328676, 86895, 77870628, 4866975]] [314767560.0, [30.0, 390450, 6247200, 13170, 6247200, 390410]] [5325118592.0, [9975.25, 6635394, 106002464, 38794, 103509152, 1846382172]] [858668408.0, [712.0, 1085830, 17373232, 75078, 7768304, 30576]] [308775549066.0, [4077.0, 383626383, 6138012243, 5340891, 6137123727, 383570187]] [1430321496.0, [361.75, 1783660, 28517760, 51348, 25506688, 1504979]]
Arch_Param: [32, 4096, 4096, 16, 512, 16]
SK_cost: [20490965578.666668, [1606836.7777777778, 12715108, 406836408, 451588, 364399800, 1346637217]] [4314670116.0, [333423.0, 2666607, 85328676, 86895, 85328676, 283119471]] [316502520, [26250, 195230, 6247200, 13150, 6247200, 12492810]] [5744703064, [446500, 3553222, 113702944, 38734, 113702944, 437444628]] [1120191800, [87558, 694278, 22167600, 9830, 22167600, 87064582]] [310311470226.0, [23976942.0, 191813655, 6138012243, 5340891, 6138012243, 21131037915]] [11960354296.0, [938707.0, 7406710, 236848320, 329310, 225408192, 758758419]]
Model_cost: [17475383540.666664, [4006.527777777778, 11224164, 359126200, 1456932, 49400505, 203042]] [4270578468.0, [29511.0, 2666607, 85328676, 86895, 77870628, 2433543]] [313985400.0, [30.0, 195230, 6247200, 13150, 6247200, 195210]] [5311884944.0, [9975.25, 3327942, 106002464, 38734, 103509152, 1846183736]] [856517240.0, [712.0, 548038, 17373232, 75078, 7768304, 30576]] [308008298154.0, [4077.0, 191813655, 6138012243, 5340891, 6137123727, 191785179]] [1426746624.0, [361.75, 891830, 28517760, 51230, 25506688, 756947]]
Arch_Param: [32, 4096, 4096, 16, 1024, 16]
SK_cost: [20465548670.666668, [1606836.7777777778, 6360929, 406836408, 451585, 364399800, 1346637217]] [4309337124.0, [333423.0, 1333359, 85328676, 86895, 85328676, 283119471]] [316137040, [26250, 104020, 6247200, 13140, 6247200, 12492810]] [5737620320, [446500, 1783016, 113702944, 38704, 113702944, 437444628]] [1118807352, [87558, 348166, 22167600, 9830, 22167600, 87064582]] [309927844770.0, [23976942.0, 95907291, 6138012243, 5340891, 6138012243, 21131037915]] [11945562700.0, [938707.0, 3709755, 236848320, 329251, 225408192, 758758419]]
Model_cost: [17452948520.666664, [4006.527777777778, 5615457, 359126200, 1456929, 49400505, 198946]] [4265245476.0, [29511.0, 1333359, 85328676, 86895, 77870628, 1216827]] [313620040.0, [31.25, 104020, 6247200, 13140, 6247200, 27210]] [5305293840.0, [9976.5, 1680616, 106002464, 38704, 103509152, 1846014118]] [854894360.0, [711.0, 273670, 17356848, 79174, 7767792, 30384]] [307624672698.0, [4077.0, 95907291, 6138012243, 5340891, 6137123727, 95892675]] [1424962388.0, [361.75, 446715, 28517760, 51171, 25506688, 382931]]
Arch_Param: [32, 4096, 4096, 32, 256, 16]
SK_cost: [11695778558.666666, [913375.4444444445, 14471873, 231526584, 254913, 210308280, 767184289]] [4325336100.0, [333423.0, 5333103, 85328676, 86895, 85328676, 283119471]] [317284680, [26250, 390450, 6247200, 13170, 6247200, 12492810]] [5758919752, [446500, 7106434, 113702944, 38794, 113702944, 437444628]] [561482040, [43782, 693254, 11083824, 4918, 11083824, 43532294]] [311078721138.0, [23976942.0, 383626383, 6138012243, 5340891, 6138012243, 21131037915]] [10938361168.0, [850771.0, 13498604, 215891136, 256724, 211743936, 711998483]]
Model_cost: [10007633864.666668, [2252.1944444444443, 12767937, 204263608, 826433, 49400505, 211234]] [4281244452.0, [29511.0, 5333103, 85328676, 86895, 77870628, 4866975]] [314767560.0, [30.0, 390450, 6247200, 13170, 6247200, 390410]] [5325118592.0, [9975.25, 6635394, 106002464, 38794, 103509152, 1846382172]] [435416600.0, [359.0, 542918, 8686640, 11174, 7768304, 476016]] [308775549066.0, [4077.0, 383626383, 6138012243, 5340891, 6137123727, 383570187]] [1324982384.0, [274.0, 1647980, 26356864, 34708, 25506688, 1579987]]
Arch_Param: [32, 4096, 4096, 32, 512, 16]
SK_cost: [11666833994.666666, [913375.4444444445, 7236196, 231526584, 254884, 210308280, 767184289]] [4314670116.0, [333423.0, 2666607, 85328676, 86895, 85328676, 283119471]] [316502520, [26250, 195230, 6247200, 13150, 6247200, 12492810]] [5744703064, [446500, 3553222, 113702944, 38734, 113702944, 437444628]] [560097592, [43782, 347142, 11083824, 4918, 11083824, 43532294]] [310311470226.0, [23976942.0, 191813655, 6138012243, 5340891, 6138012243, 21131037915]] [10911356408.0, [850771.0, 6749302, 215891136, 256606, 211743936, 711998483]]
Model_cost: [9982097172.666668, [2252.1944444444443, 6384228, 204263608, 826404, 49400505, 203042]] [4270578468.0, [29511.0, 2666607, 85328676, 86895, 77870628, 2433543]] [313985400.0, [30.0, 195230, 6247200, 13150, 6247200, 195210]] [5311884944.0, [9975.25, 3327942, 106002464, 38734, 103509152, 1846183736]] [434341016.0, [359.0, 274022, 8686640, 11174, 7768304, 238448]] [308008298154.0, [4077.0, 191813655, 6138012243, 5340891, 6137123727, 191785179]] [1321678872.0, [274.0, 823990, 26356864, 34590, 25506688, 790995]]
Arch_Param: [32, 4096, 4096, 32, 1024, 16]
SK_cost: [11652368766.666666, [913375.4444444445, 3619937, 231526584, 254881, 210308280, 767184289]] [4309337124.0, [333423.0, 1333359, 85328676, 86895, 85328676, 283119471]] [316137040, [26250, 104020, 6247200, 13140, 6247200, 12492810]] [5737620320, [446500, 1783016, 113702944, 38704, 113702944, 437444628]] [559405368, [43782, 174086, 11083824, 4918, 11083824, 43532294]] [309927844770.0, [23976942.0, 95907291, 6138012243, 5340891, 6138012243, 21131037915]] [10897867340.0, [850771.0, 3377979, 215891136, 256547, 211743936, 711998483]]
Model_cost: [9969335880.666668, [2252.1944444444443, 3193953, 204263608, 826401, 49400505, 198946]] [4265245476.0, [29511.0, 1333359, 85328676, 86895, 77870628, 1216827]] [313620040.0, [31.25, 104020, 6247200, 13140, 6247200, 27210]] [5305293840.0, [9976.5, 1680616, 106002464, 38704, 103509152, 1846014118]] [433529112.0, [359.0, 136838, 8678448, 13222, 7767792, 119472]] [307624672698.0, [4077.0, 95907291, 6138012243, 5340891, 6137123727, 95892675]] [1320028780.0, [274.0, 412411, 26356864, 34531, 25506688, 396499]]
Arch_Param: [32, 4096, 2048, 4, 256, 16]
SK_cost: [74193604372.0, [11448421.0, 91214401, 1459298552, 1634145, 1289391288, 4824681889]] [8352261156.0, [1278063.0, 10223727, 163578660, 164463, 163185444, 545001327]] [319773000, [52170, 390450, 6247200, 13170, 6247200, 12492810]] [5801671240, [891828, 7106434, 113702944, 38794, 113702944, 437444628]] [4525452600, [700422, 5545990, 88670256, 39302, 88670256, 348258310]] [626730167826.0, [95902683.0, 767215743, 12275433555, 10680855, 12275130963, 42260303067]] [21232759248.0, [3325343.0, 26148076, 417716928, 820436, 353006784, 1218624531]]
Model_cost: [62626879702.0, [28831.0, 80564801, 1288904952, 5243969, 49400505, 211234]] [8094420516.0, [62415.0, 10223727, 163578660, 625263, 77870628, 304839]] [314769480.0, [50.0, 390450, 6247200, 13170, 6247200, 390410]] [5326074296.0, [19930.5, 6635394, 106002464, 38794, 103509152, 1846382172]] [3388325048, [5654, 4343302, 69492784, 300294, 7768304, 30576]] [607634018058.0, [11223.0, 767215743, 12275433555, 47953431, 6137123727, 23973351]] [2361517408.0, [1636.5, 2983404, 47652928, 173012, 25506688, 1067219]]
Arch_Param: [32, 4096, 2048, 4, 512, 16]
SK_cost: [74011174752.0, [11448421.0, 45607460, 1459298552, 1634116, 1289391288, 4824681889]] [8331813924.0, [1278063.0, 5111919, 163578660, 164463, 163185444, 545001327]] [318990840, [52170, 195230, 6247200, 13150, 6247200, 12492810]] [5787454552, [891828, 3553222, 113702944, 38734, 113702944, 437444628]] [4514377016, [700422, 2777094, 88670256, 39302, 88670256, 348258310]] [625195739730.0, [95902683.0, 383608719, 12275433555, 10680855, 12275130963, 42260303067]] [21180455544.0, [3325343.0, 13074038, 417716928, 820318, 353006784, 1218624531]]
Model_cost: [62465749282.0, [28831.0, 40282660, 1288904952, 5243940, 49400505, 203042]] [8073973284.0, [62415.0, 5111919, 163578660, 625263, 77870628, 304551]] [313987320.0, [50.0, 195230, 6247200, 13150, 6247200, 195210]] [5312840648.0, [19930.5, 3327942, 106002464, 38734, 103509152, 1846183736]] [3379720376, [5654, 2192134, 69492784, 300294, 7768304, 30576]] [606099589962.0, [11223.0, 383608719, 12275433555, 47953431, 6137123727, 23973327]] [2355543048.0, [1636.5, 1491702, 47652928, 172894, 25506688, 552659]]
Arch_Param: [32, 4096, 2048, 4, 1024, 16]
SK_cost: [73920010388.0, [11448421.0, 22816417, 1459298552, 1634113, 1289391288, 4824681889]] [8321590308.0, [1278063.0, 2556015, 163578660, 164463, 163185444, 545001327]] [318625360, [52170, 104020, 6247200, 13140, 6247200, 12492810]] [5780371808, [891828, 1783016, 113702944, 38704, 113702944, 437444628]] [4508839224, [700422, 1392646, 88670256, 39302, 88670256, 348258310]] [624428525682.0, [95902683.0, 191805207, 12275433555, 10680855, 12275130963, 42260303067]] [21154404044.0, [3325343.0, 6562107, 417716928, 820259, 353006784, 1218624531]]
Model_cost: [62385234518.0, [28831.0, 20154017, 1288904952, 5243937, 49400505, 198946]] [8063749668.0, [62415.0, 2556015, 163578660, 625263, 77870628, 304407]] [313622080.0, [52.5, 104020, 6247200, 13140, 6247200, 27210]] [5306249664.0, [19933.0, 1680616, 106002464, 38704, 103509152, 1846014118]] [3373231544, [5646, 1094662, 69427248, 316678, 7767792, 30384]] [605332375914.0, [11223.0, 191805207, 12275433555, 47953431, 6137123727, 23973315]] [2352568412.0, [1636.5, 748987, 47652928, 172835, 25506688, 295379]]
Arch_Param: [32, 4096, 2048, 8, 256, 16]
SK_cost: [38522641172.0, [5942341.0, 47352385, 757568376, 845281, 672693432, 2505874849]] [4357334052.0, [666735.0, 5333103, 85328676, 86895, 85328676, 283119471]] [319773000, [52170, 390450, 6247200, 13170, 6247200, 12492810]] [5801671240, [891828, 7106434, 113702944, 38794, 113702944, 437444628]] [2262727992, [350214, 2772998, 44335152, 19654, 44335152, 174129158]] [313380492306.0, [47953725.0, 383626383, 6138012243, 5340891, 6138012243, 21131037915]] [14198325712.0, [2209183.0, 17443052, 278762688, 474836, 252736704, 852278291]]
Model_cost: [32551742150.0, [14905.5, 41814593, 668963704, 2718657, 49400505, 211234]] [4284066852.0, [58911.0, 5333103, 85328676, 86895, 77870628, 4866975]] [314769480.0, [50.0, 390450, 6247200, 13170, 6247200, 390410]] [5326074296.0, [19930.5, 6635394, 106002464, 38794, 103509152, 1846382172]] [1701932472, [2830, 2171654, 34746416, 150150, 7768304, 30576]] [308775925194.0, [7995.0, 383626383, 6138012243, 5340891, 6137123727, 383570187]] [1640630560.0, [958.5, 2055020, 32839552, 78228, 25506688, 1504979]]
Arch_Param: [32, 4096, 2048, 8, 512, 16]
SK_cost: [38427935584.0, [5942341.0, 23676452, 757568376, 845252, 672693432, 2505874849]] [4346668068.0, [666735.0, 2666607, 85328676, 86895, 85328676, 283119471]] [318990840, [52170, 195230, 6247200, 13150, 6247200, 12492810]] [5787454552, [891828, 3553222, 113702944, 38734, 113702944, 437444628]] [2257190200, [350214, 1388550, 44335152, 19654, 44335152, 174129158]] [312613241394.0, [47953725.0, 191813655, 6138012243, 5340891, 6138012243, 21131037915]] [14163432056.0, [2209183.0, 8721526, 278762688, 474718, 252736704, 852278291]]
Model_cost: [32468112146.0, [14905.5, 20907556, 668963704, 2718628, 49400505, 203042]] [4273400868.0, [58911.0, 2666607, 85328676, 86895, 77870628, 2433543]] [313987320.0, [50.0, 195230, 6247200, 13150, 6247200, 195210]] [5312840648.0, [19930.5, 3327942, 106002464, 38734, 103509152, 1846183736]] [1697630136, [2830, 1096070, 34746416, 150150, 7768304, 30576]] [308008674282.0, [7995.0, 191813655, 6138012243, 5340891, 6137123727, 191785179]] [1636512968.0, [958.5, 1027510, 32839552, 78110, 25506688, 756947]]
Arch_Param: [32, 4096, 2048, 8, 1024, 16]
SK_cost: [38380608404.0, [5942341.0, 11844705, 757568376, 845249, 672693432, 2505874849]] [4341335076.0, [666735.0, 1333359, 85328676, 86895, 85328676, 283119471]] [318625360, [52170, 104020, 6247200, 13140, 6247200, 12492810]] [5780371808, [891828, 1783016, 113702944, 38704, 113702944, 437444628]] [2254421304, [350214, 696326, 44335152, 19654, 44335152, 174129158]] [312229615938.0, [47953725.0, 95907291, 6138012243, 5340891, 6138012243, 21131037915]] [14146035404.0, [2209183.0, 4373307, 278762688, 474659, 252736704, 852278291]]
Model_cost: [32426322758.0, [14905.5, 10460257, 668963704, 2718625, 49400505, 198946]] [4268067876.0, [58911.0, 1333359, 85328676, 86895, 77870628, 1216827]] [313622080.0, [52.5, 104020, 6247200, 13140, 6247200, 27210]] [5306249664.0, [19933.0, 1680616, 106002464, 38704, 103509152, 1846014118]] [1694385208, [2826, 547334, 34713648, 158342, 7767792, 30384]] [307625048826.0, [7995.0, 95907291, 6138012243, 5340891, 6137123727, 95892675]] [1634460444.0, [958.5, 515323, 32839552, 78051, 25506688, 382931]]
Arch_Param: [32, 4096, 2048, 16, 256, 16]
SK_cost: [20693846804.0, [3190389.0, 25429697, 406836408, 451617, 364399800, 1346637217]] [4357334052.0, [666735.0, 5333103, 85328676, 86895, 85328676, 283119471]] [319773000, [52170, 390450, 6247200, 13170, 6247200, 12492810]] [5801671240, [891828, 7106434, 113702944, 38794, 113702944, 437444628]] [1131365688, [175110, 1386502, 22167600, 9830, 22167600, 87064582]] [313380492306.0, [47953725.0, 383626383, 6138012243, 5340891, 6138012243, 21131037915]] [12079071696.0, [1866655.0, 14813420, 236848320, 329428, 225408192, 758758419]]
Model_cost: [17520659078.0, [7955.5, 22447809, 359126200, 1456961, 49400505, 211234]] [4284066852.0, [58911.0, 5333103, 85328676, 86895, 77870628, 4866975]] [314769480.0, [50.0, 390450, 6247200, 13170, 6247200, 390410]] [5326074296.0, [19930.5, 6635394, 106002464, 38794, 103509152, 1846382172]] [858736184, [1418, 1085830, 17373232, 75078, 7768304, 30576]] [308775925194.0, [7995.0, 383626383, 6138012243, 5340891, 6137123727, 383570187]] [1430352288.0, [682.5, 1783660, 28517760, 51348, 25506688, 1504979]]
Arch_Param: [32, 4096, 2048, 16, 512, 16]
SK_cost: [20642986592.0, [3190389.0, 12715108, 406836408, 451588, 364399800, 1346637217]] [4346668068.0, [666735.0, 2666607, 85328676, 86895, 85328676, 283119471]] [318990840, [52170, 195230, 6247200, 13150, 6247200, 12492810]] [5787454552, [891828, 3553222, 113702944, 38734, 113702944, 437444628]] [1128596792, [175110, 694278, 22167600, 9830, 22167600, 87064582]] [312613241394.0, [47953725.0, 191813655, 6138012243, 5340891, 6138012243, 21131037915]] [12049437304.0, [1866655.0, 7406710, 236848320, 329310, 225408192, 758758419]]
Model_cost: [17475762642.0, [7955.5, 11224164, 359126200, 1456932, 49400505, 203042]] [4273400868.0, [58911.0, 2666607, 85328676, 86895, 77870628, 2433543]] [313987320.0, [50.0, 195230, 6247200, 13150, 6247200, 195210]] [5312840648.0, [19930.5, 3327942, 106002464, 38734, 103509152, 1846183736]] [856585016, [1418, 548038, 17373232, 75078, 7768304, 30576]] [308008674282.0, [7995.0, 191813655, 6138012243, 5340891, 6137123727, 191785179]] [1426777416.0, [682.5, 891830, 28517760, 51230, 25506688, 756947]]
Arch_Param: [32, 4096, 2048, 16, 1024, 16]
SK_cost: [20617569684.0, [3190389.0, 6360929, 406836408, 451585, 364399800, 1346637217]] [4341335076.0, [666735.0, 1333359, 85328676, 86895, 85328676, 283119471]] [318625360, [52170, 104020, 6247200, 13140, 6247200, 12492810]] [5780371808, [891828, 1783016, 113702944, 38704, 113702944, 437444628]] [1127212344, [175110, 348166, 22167600, 9830, 22167600, 87064582]] [312229615938.0, [47953725.0, 95907291, 6138012243, 5340891, 6138012243, 21131037915]] [12034645708.0, [1866655.0, 3709755, 236848320, 329251, 225408192, 758758419]]
Model_cost: [17453327622.0, [7955.5, 5615457, 359126200, 1456929, 49400505, 198946]] [4268067876.0, [58911.0, 1333359, 85328676, 86895, 77870628, 1216827]] [313622080.0, [52.5, 104020, 6247200, 13140, 6247200, 27210]] [5306249664.0, [19933.0, 1680616, 106002464, 38704, 103509152, 1846014118]] [854962040, [1416, 273670, 17356848, 79174, 7767792, 30384]] [307625048826.0, [7995.0, 95907291, 6138012243, 5340891, 6137123727, 95892675]] [1424993180.0, [682.5, 446715, 28517760, 51171, 25506688, 382931]]
Arch_Param: [32, 4096, 2048, 32, 256, 16]
SK_cost: [11782325012.0, [1814901.0, 14471873, 231526584, 254913, 210308280, 767184289]] [4357334052.0, [666735.0, 5333103, 85328676, 86895, 85328676, 283119471]] [319773000, [52170, 390450, 6247200, 13170, 6247200, 12492810]] [5801671240, [891828, 7106434, 113702944, 38794, 113702944, 437444628]] [565684536, [87558, 693254, 11083824, 4918, 11083824, 43532294]] [313380492306.0, [47953725.0, 383626383, 6138012243, 5340891, 6138012243, 21131037915]] [11019444688.0, [1695391.0, 13498604, 215891136, 256724, 211743936, 711998483]]
Model_cost: [10007846918.0, [4471.5, 12767937, 204263608, 826433, 49400505, 211234]] [4284066852.0, [58911.0, 5333103, 85328676, 86895, 77870628, 4866975]] [314769480.0, [50.0, 390450, 6247200, 13170, 6247200, 390410]] [5326074296.0, [19930.5, 6635394, 106002464, 38794, 103509152, 1846382172]] [435450488.0, [712.0, 542918, 8686640, 11174, 7768304, 476016]] [308775925194.0, [7995.0, 383626383, 6138012243, 5340891, 6137123727, 383570187]] [1325007920.0, [540.0, 1647980, 26356864, 34708, 25506688, 1579987]]
Arch_Param: [32, 4096, 2048, 32, 512, 16]
SK_cost: [11753380448.0, [1814901.0, 7236196, 231526584, 254884, 210308280, 767184289]] [4346668068.0, [666735.0, 2666607, 85328676, 86895, 85328676, 283119471]] [318990840, [52170, 195230, 6247200, 13150, 6247200, 12492810]] [5787454552, [891828, 3553222, 113702944, 38734, 113702944, 437444628]] [564300088, [87558, 347142, 11083824, 4918, 11083824, 43532294]] [312613241394.0, [47953725.0, 191813655, 6138012243, 5340891, 6138012243, 21131037915]] [10992439928.0, [1695391.0, 6749302, 215891136, 256606, 211743936, 711998483]]
Model_cost: [9982310226.0, [4471.5, 6384228, 204263608, 826404, 49400505, 203042]] [4273400868.0, [58911.0, 2666607, 85328676, 86895, 77870628, 2433543]] [313987320.0, [50.0, 195230, 6247200, 13150, 6247200, 195210]] [5312840648.0, [19930.5, 3327942, 106002464, 38734, 103509152, 1846183736]] [434374904.0, [712.0, 274022, 8686640, 11174, 7768304, 238448]] [308008674282.0, [7995.0, 191813655, 6138012243, 5340891, 6137123727, 191785179]] [1321704408.0, [540.0, 823990, 26356864, 34590, 25506688, 790995]]
Arch_Param: [32, 4096, 2048, 32, 1024, 16]
SK_cost: [11738915220.0, [1814901.0, 3619937, 231526584, 254881, 210308280, 767184289]] [4341335076.0, [666735.0, 1333359, 85328676, 86895, 85328676, 283119471]] [318625360, [52170, 104020, 6247200, 13140, 6247200, 12492810]] [5780371808, [891828, 1783016, 113702944, 38704, 113702944, 437444628]] [563607864, [87558, 174086, 11083824, 4918, 11083824, 43532294]] [312229615938.0, [47953725.0, 95907291, 6138012243, 5340891, 6138012243, 21131037915]] [10978950860.0, [1695391.0, 3377979, 215891136, 256547, 211743936, 711998483]]
Model_cost: [9969548934.0, [4471.5, 3193953, 204263608, 826401, 49400505, 198946]] [4268067876.0, [58911.0, 1333359, 85328676, 86895, 77870628, 1216827]] [313622080.0, [52.5, 104020, 6247200, 13140, 6247200, 27210]] [5306249664.0, [19933.0, 1680616, 106002464, 38704, 103509152, 1846014118]] [433562904.0, [711.0, 136838, 8678448, 13222, 7767792, 119472]] [307625048826.0, [7995.0, 95907291, 6138012243, 5340891, 6137123727, 95892675]] [1320054316.0, [540.0, 412411, 26356864, 34531, 25506688, 396499]]
Arch_Param: [32, 4096, 1024, 4, 256, 16]
SK_cost: [75283691668.0, [22803497.0, 91214401, 1459298552, 1634145, 1289391288, 4824681889]] [8474944548.0, [2556015.0, 10223727, 163578660, 164463, 163185444, 545001327]] [324750600, [104020, 390450, 6247200, 13170, 6247200, 12492810]] [5887225288, [1783016, 7106434, 113702944, 38794, 113702944, 437444628]] [4591906104, [1392646, 5545990, 88670256, 39302, 88670256, 348258310]] [635936810130.0, [191805207.0, 767215743, 12275433555, 10680855, 12275130963, 42260303067]] [21543488592.0, [6562107.0, 26148076, 417716928, 820436, 353006784, 1218624531]]
Model_cost: [62629642006.0, [57605.0, 80564801, 1288904952, 5243969, 49400505, 211234]] [8100401700.0, [124719.0, 10223727, 163578660, 625263, 77870628, 304839]] [314774280.0, [100.0, 390450, 6247200, 13170, 6247200, 390410]] [5327986664.0, [39851.0, 6635394, 106002464, 38794, 103509152, 1846382172]] [3388867256, [11302, 4343302, 69492784, 300294, 7768304, 30576]] [607635006474.0, [21519.0, 767215743, 12275433555, 47953431, 6137123727, 23973351]] [2361671056.0, [3237.0, 2983404, 47652928, 173012, 25506688, 1067219]]
Arch_Param: [32, 4096, 1024, 4, 512, 16]
SK_cost: [75101262048.0, [22803497.0, 45607460, 1459298552, 1634116, 1289391288, 4824681889]] [8454497316.0, [2556015.0, 5111919, 163578660, 164463, 163185444, 545001327]] [323968440, [104020, 195230, 6247200, 13150, 6247200, 12492810]] [5873008600, [1783016, 3553222, 113702944, 38734, 113702944, 437444628]] [4580830520, [1392646, 2777094, 88670256, 39302, 88670256, 348258310]] [634402382034.0, [191805207.0, 383608719, 12275433555, 10680855, 12275130963, 42260303067]] [21491184888.0, [6562107.0, 13074038, 417716928, 820318, 353006784, 1218624531]]
Model_cost: [62468511586.0, [57605.0, 40282660, 1288904952, 5243940, 49400505, 203042]] [8079954468.0, [124719.0, 5111919, 163578660, 625263, 77870628, 304551]] [313992120.0, [100.0, 195230, 6247200, 13150, 6247200, 195210]] [5314753016.0, [39851.0, 3327942, 106002464, 38734, 103509152, 1846183736]] [3380262584, [11302, 2192134, 69492784, 300294, 7768304, 30576]] [606100578378.0, [21519.0, 383608719, 12275433555, 47953431, 6137123727, 23973327]] [2355696696.0, [3237.0, 1491702, 47652928, 172894, 25506688, 552659]]
Arch_Param: [32, 4096, 1024, 4, 1024, 16]
SK_cost: [75010097684.0, [22803497.0, 22816417, 1459298552, 1634113, 1289391288, 4824681889]] [8444273700.0, [2556015.0, 2556015, 163578660, 164463, 163185444, 545001327]] [323602960, [104020, 104020, 6247200, 13140, 6247200, 12492810]] [5865925856, [1783016, 1783016, 113702944, 38704, 113702944, 437444628]] [4575292728, [1392646, 1392646, 88670256, 39302, 88670256, 348258310]] [633635167986.0, [191805207.0, 191805207, 12275433555, 10680855, 12275130963, 42260303067]] [21465133388.0, [6562107.0, 6562107, 417716928, 820259, 353006784, 1218624531]]
Model_cost: [62387996822.0, [57605.0, 20154017, 1288904952, 5243937, 49400505, 198946]] [8069730852.0, [124719.0, 2556015, 163578660, 625263, 77870628, 304407]] [313627120.0, [105.0, 104020, 6247200, 13140, 6247200, 27210]] [5308162272.0, [39856.0, 1680616, 106002464, 38704, 103509152, 1846014118]] [3373772984, [11286, 1094662, 69427248, 316678, 7767792, 30384]] [605333364330.0, [21519.0, 191805207, 12275433555, 47953431, 6137123727, 23973315]] [2352722060.0, [3237.0, 748987, 47652928, 172835, 25506688, 295379]]
Arch_Param: [32, 4096, 1024, 8, 256, 16]
SK_cost: [39088623764.0, [11837993.0, 47352385, 757568376, 845281, 672693432, 2505874849]] [4421329956.0, [1333359.0, 5333103, 85328676, 86895, 85328676, 283119471]] [324750600, [104020, 390450, 6247200, 13170, 6247200, 12492810]] [5887225288, [1783016, 7106434, 113702944, 38794, 113702944, 437444628]] [2295954744, [696326, 2772998, 44335152, 19654, 44335152, 174129158]] [317984034642.0, [95907291.0, 383626383, 6138012243, 5340891, 6138012243, 21131037915]] [14406081616.0, [4373307.0, 17443052, 278762688, 474836, 252736704, 852278291]]
Model_cost: [32553166742.0, [29745.0, 41814593, 668963704, 2718657, 49400505, 211234]] [4289711652.0, [117711.0, 5333103, 85328676, 86895, 77870628, 4866975]] [314774280.0, [100.0, 390450, 6247200, 13170, 6247200, 390410]] [5327986664.0, [39851.0, 6635394, 106002464, 38794, 103509152, 1846382172]] [1702203576, [5654, 2171654, 34746416, 150150, 7768304, 30576]] [308776677450.0, [15831.0, 383626383, 6138012243, 5340891, 6137123727, 383570187]] [1640721328.0, [1904.0, 2055020, 32839552, 78228, 25506688, 1504979]]
Arch_Param: [32, 4096, 1024, 8, 512, 16]
SK_cost: [38993918176.0, [11837993.0, 23676452, 757568376, 845252, 672693432, 2505874849]] [4410663972.0, [1333359.0, 2666607, 85328676, 86895, 85328676, 283119471]] [323968440, [104020, 195230, 6247200, 13150, 6247200, 12492810]] [5873008600, [1783016, 3553222, 113702944, 38734, 113702944, 437444628]] [2290416952, [696326, 1388550, 44335152, 19654, 44335152, 174129158]] [317216783730.0, [95907291.0, 191813655, 6138012243, 5340891, 6138012243, 21131037915]] [14371187960.0, [4373307.0, 8721526, 278762688, 474718, 252736704, 852278291]]
Model_cost: [32469536738.0, [29745.0, 20907556, 668963704, 2718628, 49400505, 203042]] [4279045668.0, [117711.0, 2666607, 85328676, 86895, 77870628, 2433543]] [313992120.0, [100.0, 195230, 6247200, 13150, 6247200, 195210]] [5314753016.0, [39851.0, 3327942, 106002464, 38734, 103509152, 1846183736]] [1697901240, [5654, 1096070, 34746416, 150150, 7768304, 30576]] [308009426538.0, [15831.0, 191813655, 6138012243, 5340891, 6137123727, 191785179]] [1636603736.0, [1904.0, 1027510, 32839552, 78110, 25506688, 756947]]
Arch_Param: [32, 4096, 1024, 8, 1024, 16]
SK_cost: [38946590996.0, [11837993.0, 11844705, 757568376, 845249, 672693432, 2505874849]] [4405330980.0, [1333359.0, 1333359, 85328676, 86895, 85328676, 283119471]] [323602960, [104020, 104020, 6247200, 13140, 6247200, 12492810]] [5865925856, [1783016, 1783016, 113702944, 38704, 113702944, 437444628]] [2287648056, [696326, 696326, 44335152, 19654, 44335152, 174129158]] [316833158274.0, [95907291.0, 95907291, 6138012243, 5340891, 6138012243, 21131037915]] [14353791308.0, [4373307.0, 4373307, 278762688, 474659, 252736704, 852278291]]
Model_cost: [32427747350.0, [29745.0, 10460257, 668963704, 2718625, 49400505, 198946]] [4273712676.0, [117711.0, 1333359, 85328676, 86895, 77870628, 1216827]] [313627120.0, [105.0, 104020, 6247200, 13140, 6247200, 27210]] [5308162272.0, [39856.0, 1680616, 106002464, 38704, 103509152, 1846014118]] [1694655928, [5646, 547334, 34713648, 158342, 7767792, 30384]] [307625801082.0, [15831.0, 95907291, 6138012243, 5340891, 6137123727, 95892675]] [1634551212.0, [1904.0, 515323, 32839552, 78051, 25506688, 382931]]
Arch_Param: [32, 4096, 1024, 16, 256, 16]
SK_cost: [20997872276.0, [6357321.0, 25429697, 406836408, 451617, 364399800, 1346637217]] [4421329956.0, [1333359.0, 5333103, 85328676, 86895, 85328676, 283119471]] [324750600, [104020, 390450, 6247200, 13170, 6247200, 12492810]] [5887225288, [1783016, 7106434, 113702944, 38794, 113702944, 437444628]] [1147979064, [348166, 1386502, 22167600, 9830, 22167600, 87064582]] [317984034642.0, [95907291.0, 383626383, 6138012243, 5340891, 6138012243, 21131037915]] [12256009296.0, [3709755.0, 14813420, 236848320, 329428, 225408192, 758758419]]
Model_cost: [17521415798.0, [15838.0, 22447809, 359126200, 1456961, 49400505, 211234]] [4289711652.0, [117711.0, 5333103, 85328676, 86895, 77870628, 4866975]] [314774280.0, [100.0, 390450, 6247200, 13170, 6247200, 390410]] [5327986664.0, [39851.0, 6635394, 106002464, 38794, 103509152, 1846382172]] [858871736, [2830, 1085830, 17373232, 75078, 7768304, 30576]] [308776677450.0, [15831.0, 383626383, 6138012243, 5340891, 6137123727, 383570187]] [1430416656.0, [1353.0, 1783660, 28517760, 51348, 25506688, 1504979]]
Arch_Param: [32, 4096, 1024, 16, 512, 16]
SK_cost: [20947012064.0, [6357321.0, 12715108, 406836408, 451588, 364399800, 1346637217]] [4410663972.0, [1333359.0, 2666607, 85328676, 86895, 85328676, 283119471]] [323968440, [104020, 195230, 6247200, 13150, 6247200, 12492810]] [5873008600, [1783016, 3553222, 113702944, 38734, 113702944, 437444628]] [1145210168, [348166, 694278, 22167600, 9830, 22167600, 87064582]] [317216783730.0, [95907291.0, 191813655, 6138012243, 5340891, 6138012243, 21131037915]] [12226374904.0, [3709755.0, 7406710, 236848320, 329310, 225408192, 758758419]]
Model_cost: [17476519362.0, [15838.0, 11224164, 359126200, 1456932, 49400505, 203042]] [4279045668.0, [117711.0, 2666607, 85328676, 86895, 77870628, 2433543]] [313992120.0, [100.0, 195230, 6247200, 13150, 6247200, 195210]] [5314753016.0, [39851.0, 3327942, 106002464, 38734, 103509152, 1846183736]] [856720568, [2830, 548038, 17373232, 75078, 7768304, 30576]] [308009426538.0, [15831.0, 191813655, 6138012243, 5340891, 6137123727, 191785179]] [1426841784.0, [1353.0, 891830, 28517760, 51230, 25506688, 756947]]
Arch_Param: [32, 4096, 1024, 16, 1024, 16]
SK_cost: [20921595156.0, [6357321.0, 6360929, 406836408, 451585, 364399800, 1346637217]] [4405330980.0, [1333359.0, 1333359, 85328676, 86895, 85328676, 283119471]] [323602960, [104020, 104020, 6247200, 13140, 6247200, 12492810]] [5865925856, [1783016, 1783016, 113702944, 38704, 113702944, 437444628]] [1143825720, [348166, 348166, 22167600, 9830, 22167600, 87064582]] [316833158274.0, [95907291.0, 95907291, 6138012243, 5340891, 6138012243, 21131037915]] [12211583308.0, [3709755.0, 3709755, 236848320, 329251, 225408192, 758758419]]
Model_cost: [17454084342.0, [15838.0, 5615457, 359126200, 1456929, 49400505, 198946]] [4273712676.0, [117711.0, 1333359, 85328676, 86895, 77870628, 1216827]] [313627120.0, [105.0, 104020, 6247200, 13140, 6247200, 27210]] [5308162272.0, [39856.0, 1680616, 106002464, 38704, 103509152, 1846014118]] [855097400, [2826, 273670, 17356848, 79174, 7767792, 30384]] [307625801082.0, [15831.0, 95907291, 6138012243, 5340891, 6137123727, 95892675]] [1425057548.0, [1353.0, 446715, 28517760, 51171, 25506688, 382931]]
Arch_Param: [32, 4096, 1024, 32, 256, 16]
SK_cost: [11955409556.0, [3617865.0, 14471873, 231526584, 254913, 210308280, 767184289]] [4421329956.0, [1333359.0, 5333103, 85328676, 86895, 85328676, 283119471]] [324750600, [104020, 390450, 6247200, 13170, 6247200, 12492810]] [5887225288, [1783016, 7106434, 113702944, 38794, 113702944, 437444628]] [573991224, [174086, 693254, 11083824, 4918, 11083824, 43532294]] [317984034642.0, [95907291.0, 383626383, 6138012243, 5340891, 6138012243, 21131037915]] [11180973136.0, [3377979.0, 13498604, 215891136, 256724, 211743936, 711998483]]
Model_cost: [10008271478.0, [8894.0, 12767937, 204263608, 826433, 49400505, 211234]] [4289711652.0, [117711.0, 5333103, 85328676, 86895, 77870628, 4866975]] [314774280.0, [100.0, 390450, 6247200, 13170, 6247200, 390410]] [5327986664.0, [39851.0, 6635394, 106002464, 38794, 103509152, 1846382172]] [435518264.0, [1418.0, 542918, 8686640, 11174, 7768304, 476016]] [308776677450.0, [15831.0, 383626383, 6138012243, 5340891, 6137123727, 383570187]] [1325059472.0, [1077.0, 1647980, 26356864, 34708, 25506688, 1579987]]
Arch_Param: [32, 4096, 1024, 32, 512, 16]
SK_cost: [11926464992.0, [3617865.0, 7236196, 231526584, 254884, 210308280, 767184289]] [4410663972.0, [1333359.0, 2666607, 85328676, 86895, 85328676, 283119471]] [323968440, [104020, 195230, 6247200, 13150, 6247200, 12492810]] [5873008600, [1783016, 3553222, 113702944, 38734, 113702944, 437444628]] [572606776, [174086, 347142, 11083824, 4918, 11083824, 43532294]] [317216783730.0, [95907291.0, 191813655, 6138012243, 5340891, 6138012243, 21131037915]] [11153968376.0, [3377979.0, 6749302, 215891136, 256606, 211743936, 711998483]]
Model_cost: [9982734786.0, [8894.0, 6384228, 204263608, 826404, 49400505, 203042]] [4279045668.0, [117711.0, 2666607, 85328676, 86895, 77870628, 2433543]] [313992120.0, [100.0, 195230, 6247200, 13150, 6247200, 195210]] [5314753016.0, [39851.0, 3327942, 106002464, 38734, 103509152, 1846183736]] [434442680.0, [1418.0, 274022, 8686640, 11174, 7768304, 238448]] [308009426538.0, [15831.0, 191813655, 6138012243, 5340891, 6137123727, 191785179]] [1321755960.0, [1077.0, 823990, 26356864, 34590, 25506688, 790995]]
Arch_Param: [32, 4096, 1024, 32, 1024, 16]
SK_cost: [11911999764.0, [3617865.0, 3619937, 231526584, 254881, 210308280, 767184289]] [4405330980.0, [1333359.0, 1333359, 85328676, 86895, 85328676, 283119471]] [323602960, [104020, 104020, 6247200, 13140, 6247200, 12492810]] [5865925856, [1783016, 1783016, 113702944, 38704, 113702944, 437444628]] [571914552, [174086, 174086, 11083824, 4918, 11083824, 43532294]] [316833158274.0, [95907291.0, 95907291, 6138012243, 5340891, 6138012243, 21131037915]] [11140479308.0, [3377979.0, 3377979, 215891136, 256547, 211743936, 711998483]]
Model_cost: [9969973494.0, [8894.0, 3193953, 204263608, 826401, 49400505, 198946]] [4273712676.0, [117711.0, 1333359, 85328676, 86895, 77870628, 1216827]] [313627120.0, [105.0, 104020, 6247200, 13140, 6247200, 27210]] [5308162272.0, [39856.0, 1680616, 106002464, 38704, 103509152, 1846014118]] [433630584.0, [1416.0, 136838, 8678448, 13222, 7767792, 119472]] [307625801082.0, [15831.0, 95907291, 6138012243, 5340891, 6137123727, 95892675]] [1320105868.0, [1077.0, 412411, 26356864, 34531, 25506688, 396499]]
