[[0, 0, 0, 0, 0, 0, 0, 0, 0, 0, 0], [0, 0, 0, 0, 0, 0, 0, 0, 0, 0, 0], [0, 0, 0, 0, 0, 0, 0, 0, 0, 0, 0], [0, 0, 0, 0, 0, 0, 0, 0, 0, 0, 0]]
Arch_Param: [64, 16384, 32768, 4, 256, 16]
SK_cost: [37612154196.479996, [372370.79666666663, 47352356, 757567868, 845252, 484821692, 500449]] [4298202828.0, [50991.0, 5333103, 85328280, 86895, 85328280, 105327]] [315056600.0, [3263.333333333285, 390430, 6246800, 13150, 6246800, 13130]] [5721352184.0, [55755.33333333302, 7106374, 113701904, 38734, 113701904, 120604]] [2224095163.2, [21689.199999999997, 2772998, 44335128, 19654, 40788504, 39878]] [309118080190.8014, [3553845.675000043, 383626383, 6138011769, 5340891, 6138011769, 7110363]] [13962360009.23077, [137297.84615384653, 17442934, 278760800, 474718, 234253664, 325088]]
Model_cost: [32453191923.32, [977.7637500000001, 41814564, 668963196, 1200100, 49399997, 100834]] [4278755052.0, [3786.0, 5333103, 85328280, 86895, 77870232, 4866975]] [314744520.0, [12.5, 390430, 6246800, 13150, 6246800, 390410]] [5324226871.0, [1270.65625, 6635334, 106001424, 38734, 103508112, 486182492]] [1693428692.8, [202.8, 2171654, 34713624, 45830, 7767768, 9938]] [308775194410.8, [629.5500000000001, 383626383, 6138011769, 5340891, 6137123253, 383570187]] [1639435856.8461537, [76.59214743589743, 2054902, 32837664, 62366, 25504800, 1501904]]
Arch_Param: [64, 16384, 32768, 4, 512, 16]
SK_cost: [37517450376.479996, [372370.79666666663, 23676449, 757567868, 845249, 484821692, 500449]] [4287536844.0, [50991.0, 2666607, 85328280, 86895, 85328280, 105327]] [314275120.0, [3263.333333333285, 195220, 6246800, 13140, 6246800, 13130]] [5707137536.0, [55755.33333333302, 3553192, 113701904, 38704, 113701904, 120604]] [2218557371.2, [21689.199999999997, 1388550, 44335128, 19654, 40788504, 39878]] [308350829278.8014, [3553845.675000043, 191813655, 6138011769, 5340891, 6138011769, 7110363]] [13927470365.23077, [137297.84615384653, 8721467, 278760800, 474659, 234253664, 325088]]
Model_cost: [32369563687.32, [977.7637500000001, 20907553, 668963196, 1200097, 49399997, 92642]] [4268089068.0, [3786.0, 2666607, 85328280, 86895, 77870232, 2433543]] [313963040.0, [12.5, 195220, 6246800, 13140, 6246800, 195210]] [5310995263.0, [1270.65625, 3327912, 106001424, 38704, 103508112, 485984056]] [1689095124.8, [202.8, 1088262, 34713624, 45830, 7767768, 9938]] [308007943498.8, [629.5500000000001, 191813655, 6138011769, 5340891, 6137123253, 191785179]] [1635322276.8461537, [76.59214743589743, 1027451, 32837664, 62307, 25504800, 753872]]
Arch_Param: [64, 16384, 32768, 4, 1024, 16]
SK_cost: [37470123400.479996, [372370.79666666663, 11844705, 757567868, 845249, 484821692, 500449]] [4282203852.0, [50991.0, 1333359, 85328280, 86895, 85328280, 105327]] [313909640.0, [3263.333333333285, 104010, 6246800, 13130, 6246800, 13130]] [5700055472.0, [55755.33333333302, 1782996, 113701904, 38684, 113701904, 120604]] [2215788475.2, [21689.199999999997, 696326, 44335128, 19654, 40788504, 39878]] [307967203822.8014, [3553845.675000043, 95907291, 6138011769, 5340891, 6138011769, 7110363]] [13910075821.23077, [137297.84615384653, 4373279, 278760800, 474631, 234253664, 325088]]
Model_cost: [32327774503.32, [977.7637500000001, 10460257, 668963196, 1200097, 49399997, 88546]] [4262756076.0, [3786.0, 1333359, 85328280, 86895, 77870232, 1216827]] [313597575.0, [12.65625, 104010, 6246800, 13130, 6246800, 27210]] [5304404734.0, [1270.8125, 1680596, 106001424, 38684, 103508112, 485814438]] [1686928340.8, [202.8, 546566, 34713624, 45830, 7767768, 9938]] [307624318042.8, [629.5500000000001, 95907291, 6138011769, 5340891, 6137123253, 95892675]] [1633271860.8461537, [76.59214743589743, 515295, 32837664, 62279, 25504800, 379856]]
Arch_Param: [64, 16384, 32768, 8, 256, 16]
SK_cost: [20218972234.239998, [199904.02333333332, 25429668, 406835900, 451588, 270518972, 291169]] [4298202828.0, [50991.0, 5333103, 85328280, 86895, 85328280, 105327]] [315056600.0, [3263.333333333285, 390430, 6246800, 13150, 6246800, 13130]] [5721352184.0, [55755.33333333302, 7106374, 113701904, 38734, 113701904, 120604]] [1112204833.6, [10847.599999999999, 1386502, 22167576, 9830, 20472344, 20038]] [309118080190.8014, [3553845.675000043, 383626383, 6138011769, 5340891, 6138011769, 7110363]] [11895074387.076923, [116288.61538461514, 14813302, 236846432, 329310, 217476448, 308704]]
Model_cost: [17467808783.16, [564.7204166666667, 22447780, 359125692, 642660, 49399997, 100834]] [4278755052.0, [3786.0, 5333103, 85328280, 86895, 77870232, 4866975]] [314744520.0, [12.5, 390430, 6246800, 13150, 6246800, 390410]] [5324226871.0, [1270.65625, 6635334, 106001424, 38734, 103508112, 486182492]] [854483374.4, [106.4, 1085830, 17356824, 22918, 7767768, 9938]] [308775194410.8, [629.5500000000001, 383626383, 6138011769, 5340891, 6137123253, 383570187]] [1429673765.6153846, [57.475160256410255, 1783542, 28515872, 43166, 25504800, 1501904]]
Arch_Param: [64, 16384, 32768, 8, 512, 16]
SK_cost: [20168113790.239998, [199904.02333333332, 12715105, 406835900, 451585, 270518972, 291169]] [4287536844.0, [50991.0, 2666607, 85328280, 86895, 85328280, 105327]] [314275120.0, [3263.333333333285, 195220, 6246800, 13140, 6246800, 13130]] [5707137536.0, [55755.33333333302, 3553192, 113701904, 38704, 113701904, 120604]] [1109435937.6, [10847.599999999999, 694278, 22167576, 9830, 20472344, 20038]] [308350829278.8014, [3553845.675000043, 191813655, 6138011769, 5340891, 6138011769, 7110363]] [11865444007.076923, [116288.61538461514, 7406651, 236846432, 329251, 217476448, 308704]]
Model_cost: [17422914115.16, [564.7204166666667, 11224161, 359125692, 642657, 49399997, 92642]] [4268089068.0, [3786.0, 2666607, 85328280, 86895, 77870232, 2433543]] [313963040.0, [12.5, 195220, 6246800, 13140, 6246800, 195210]] [5310995263.0, [1270.65625, 3327912, 106001424, 38704, 103508112, 485984056]] [852316590.4, [106.4, 544134, 17356824, 22918, 7767768, 9938]] [308007943498.8, [629.5500000000001, 191813655, 6138011769, 5340891, 6137123253, 191785179]] [1426102905.6153846, [57.475160256410255, 891771, 28515872, 43107, 25504800, 753872]]
Arch_Param: [64, 16384, 32768, 8, 1024, 16]
SK_cost: [20142697086.239998, [199904.02333333332, 6360929, 406835900, 451585, 270518972, 291169]] [4282203852.0, [50991.0, 1333359, 85328280, 86895, 85328280, 105327]] [313909640.0, [3263.333333333285, 104010, 6246800, 13130, 6246800, 13130]] [5700055472.0, [55755.33333333302, 1782996, 113701904, 38684, 113701904, 120604]] [1108051489.6, [10847.599999999999, 348166, 22167576, 9830, 20472344, 20038]] [307967203822.8014, [3553845.675000043, 95907291, 6138011769, 5340891, 6138011769, 7110363]] [11850654519.076923, [116288.61538461514, 3709727, 236846432, 329223, 217476448, 308704]]
Model_cost: [17400479299.16, [564.7204166666667, 5615457, 359125692, 642657, 49399997, 88546]] [4262756076.0, [3786.0, 1333359, 85328280, 86895, 77870232, 1216827]] [313597575.0, [12.65625, 104010, 6246800, 13130, 6246800, 27210]] [5304404734.0, [1270.8125, 1680596, 106001424, 38684, 103508112, 485814438]] [851233198.4, [106.4, 273286, 17356824, 22918, 7767768, 9938]] [307624318042.8, [629.5500000000001, 95907291, 6138011769, 5340891, 6137123253, 95892675]] [1424320777.6153846, [57.475160256410255, 446687, 28515872, 43079, 25504800, 379856]]
Arch_Param: [64, 16384, 32768, 16, 256, 16]
SK_cost: [11525102318.08, [113703.06333333332, 14471844, 231526076, 254884, 163367612, 186529]] [4298202828.0, [50991.0, 5333103, 85328280, 86895, 85328280, 105327]] [315056600.0, [3263.333333333285, 390430, 6246800, 13150, 6246800, 13130]] [5721352184.0, [55755.33333333302, 7106374, 113701904, 38734, 113701904, 120604]] [556259668.8, [5426.799999999999, 693254, 11083800, 4918, 10314264, 10118]] [309118080190.8014, [3553845.675000043, 383626383, 6138011769, 5340891, 6138011769, 7110363]] [10861431576.0, [105784.00000000015, 13498486, 215889248, 256606, 209087840, 300512]]
Model_cost: [9977835037.720001, [356.8720833333333, 12767908, 204263100, 364068, 49399997, 100834]] [4278755052.0, [3786.0, 5333103, 85328280, 86895, 77870232, 4866975]] [314744520.0, [12.5, 390430, 6246800, 13150, 6246800, 390410]] [5324226871.0, [1270.65625, 6635334, 106001424, 38734, 103508112, 486182492]] [434600683.2, [53.7, 542918, 8678424, 5062, 7767768, 475346]] [308775194410.8, [629.5500000000001, 383626383, 6138011769, 5340891, 6137123253, 383570187]] [1324760008.0, [48.5, 1647862, 26354976, 33054, 25504800, 1579600]]
Arch_Param: [64, 16384, 32768, 16, 512, 16]
SK_cost: [11496159522.08, [113703.06333333332, 7236193, 231526076, 254881, 163367612, 186529]] [4287536844.0, [50991.0, 2666607, 85328280, 86895, 85328280, 105327]] [314275120.0, [3263.333333333285, 195220, 6246800, 13140, 6246800, 13130]] [5707137536.0, [55755.33333333302, 3553192, 113701904, 38704, 113701904, 120604]] [554875220.8, [5426.799999999999, 347142, 11083800, 4918, 10314264, 10118]] [308350829278.8014, [3553845.675000043, 191813655, 6138011769, 5340891, 6138011769, 7110363]] [10834430828.0, [105784.00000000015, 6749243, 215889248, 256547, 209087840, 300512]]
Model_cost: [9952300113.720001, [356.8720833333333, 6384225, 204263100, 364065, 49399997, 92642]] [4268089068.0, [3786.0, 2666607, 85328280, 86895, 77870232, 2433543]] [313963040.0, [12.5, 195220, 6246800, 13140, 6246800, 195210]] [5310995263.0, [1270.65625, 3327912, 106001424, 38704, 103508112, 485984056]] [433517291.2, [53.7, 272070, 8678424, 5062, 7767768, 237778]] [308007943498.8, [629.5500000000001, 191813655, 6138011769, 5340891, 6137123253, 191785179]] [1321460508.0, [48.5, 823931, 26354976, 32995, 25504800, 790608]]
Arch_Param: [64, 16384, 32768, 16, 1024, 16]
SK_cost: [11481694498.08, [113703.06333333332, 3619937, 231526076, 254881, 163367612, 186529]] [4282203852.0, [50991.0, 1333359, 85328280, 86895, 85328280, 105327]] [313909640.0, [3263.333333333285, 104010, 6246800, 13130, 6246800, 13130]] [5700055472.0, [55755.33333333302, 1782996, 113701904, 38684, 113701904, 120604]] [554182996.8, [5426.799999999999, 174086, 11083800, 4918, 10314264, 10118]] [307967203822.8014, [3553845.675000043, 95907291, 6138011769, 5340891, 6138011769, 7110363]] [10820943868.0, [105784.00000000015, 3377951, 215889248, 256519, 209087840, 300512]]
Model_cost: [9939539025.720001, [356.8720833333333, 3193953, 204263100, 364065, 49399997, 88546]] [4262756076.0, [3786.0, 1333359, 85328280, 86895, 77870232, 1216827]] [313597575.0, [12.65625, 104010, 6246800, 13130, 6246800, 27210]] [5304404734.0, [1270.8125, 1680596, 106001424, 38684, 103508112, 485814438]] [432975595.2, [53.7, 136646, 8678424, 5062, 7767768, 118994]] [307624318042.8, [629.5500000000001, 95907291, 6138011769, 5340891, 6137123253, 95892675]] [1319812524.0, [48.5, 412383, 26354976, 32967, 25504800, 396112]]
Arch_Param: [64, 16384, 32768, 32, 256, 16]
SK_cost: [5798641728.0, [57034.58333333334, 7256228, 116083900, 128868, 91933372, 116769]] [4298202828.0, [50991.0, 5333103, 85328280, 86895, 85328280, 105327]] [315056600.0, [3263.333333333285, 390430, 6246800, 13150, 6246800, 13130]] [5721352184.0, [55755.33333333302, 7106374, 113701904, 38734, 113701904, 120604]] [528909038.4, [5148.4, 657926, 10522648, 4126, 10215960, 10022]] [309118080190.8014, [3553845.675000043, 383626383, 6138011769, 5340891, 6138011769, 7110363]] [10647914106.461538, [103467.69230769238, 13222006, 211505504, 228958, 209087840, 300512]]
Model_cost: [5053893209.0, [197.48958333333331, 6404260, 102452412, 183460, 49399997, 100834]] [4278755052.0, [3786.0, 5333103, 85328280, 86895, 77870232, 4866975]] [314744520.0, [12.5, 390430, 6246800, 13150, 6246800, 390410]] [5324226871.0, [1270.65625, 6635334, 106001424, 38734, 103508112, 486182492]] [408579057.6, [39.1, 509030, 8140312, 4198, 7767768, 475346]] [308775194410.8, [629.5500000000001, 383626383, 6138011769, 5340891, 6137123253, 383570187]] [1298097781.6923077, [44.97596153846154, 1613302, 25807008, 29598, 25504800, 1579600]]
Arch_Param: [64, 16384, 32768, 32, 512, 16]
SK_cost: [5784130164.0, [57034.58333333334, 3628385, 116083900, 128865, 91933372, 116769]] [4287536844.0, [50991.0, 2666607, 85328280, 86895, 85328280, 105327]] [314275120.0, [3263.333333333285, 195220, 6246800, 13140, 6246800, 13130]] [5707137536.0, [55755.33333333302, 3553192, 113701904, 38704, 113701904, 120604]] [527594222.4, [5148.4, 329222, 10522648, 4126, 10215960, 10022]] [308350829278.8014, [3553845.675000043, 191813655, 6138011769, 5340891, 6138011769, 7110363]] [10621466318.461538, [103467.69230769238, 6611003, 211505504, 228899, 209087840, 300512]]
Model_cost: [5041085581.0, [197.48958333333331, 3202401, 102452412, 183457, 49399997, 92642]] [4268089068.0, [3786.0, 2666607, 85328280, 86895, 77870232, 2433543]] [313963040.0, [12.5, 195220, 6246800, 13140, 6246800, 195210]] [5310995263.0, [1270.65625, 3327912, 106001424, 38704, 103508112, 485984056]] [407562225.6, [39.1, 254822, 8140312, 4198, 7767768, 237778]] [308007943498.8, [629.5500000000001, 191813655, 6138011769, 5340891, 6137123253, 191785179]] [1294867401.6923077, [44.97596153846154, 806651, 25807008, 29539, 25504800, 790608]]
Arch_Param: [64, 16384, 32768, 32, 1024, 16]
SK_cost: [5776877684.0, [57034.58333333334, 1815265, 116083900, 128865, 91933372, 116769]] [4282203852.0, [50991.0, 1333359, 85328280, 86895, 85328280, 105327]] [313909640.0, [3263.333333333285, 104010, 6246800, 13130, 6246800, 13130]] [5700055472.0, [55755.33333333302, 1782996, 113701904, 38684, 113701904, 120604]] [526936814.4, [5148.4, 164870, 10522648, 4126, 10215960, 10022]] [307967203822.8014, [3553845.675000043, 95907291, 6138011769, 5340891, 6138011769, 7110363]] [10608249694.461538, [103467.69230769238, 3307295, 211505504, 228871, 209087840, 300512]]
Model_cost: [5034685069.0, [197.48958333333331, 1602273, 102452412, 183457, 49399997, 88546]] [4262756076.0, [3786.0, 1333359, 85328280, 86895, 77870232, 1216827]] [313597575.0, [12.65625, 104010, 6246800, 13130, 6246800, 27210]] [5304404734.0, [1270.8125, 1680596, 106001424, 38684, 103508112, 485814438]] [407053809.6, [39.1, 127718, 8140312, 4198, 7767768, 118994]] [307624318042.8, [629.5500000000001, 95907291, 6138011769, 5340891, 6137123253, 95892675]] [1293253209.6923077, [44.97596153846154, 403551, 25807008, 29511, 25504800, 396112]]
Arch_Param: [64, 16384, 16384, 4, 256, 16]
SK_cost: [37649392046.48649, [760265.0675675676, 47352356, 757567868, 845252, 484821692, 500449]] [4303087308.0, [101871.0, 5333103, 85328280, 86895, 85328280, 105327]] [315368920.0, [6516.66666666657, 390430, 6246800, 13150, 6246800, 13130]] [5726719160.0, [111661.33333333023, 7106374, 113701904, 38734, 113701904, 120604]] [2226216072.0, [43782.0, 2772998, 44335128, 19654, 40788504, 39878]] [309459234111.60394, [7107532.350000086, 383626383, 6138011769, 5340891, 6138011769, 7110363]] [13976208920.0, [281557.3333333333, 17442934, 278760800, 474718, 234253664, 325088]]
Model_cost: [32453282755.35135, [1923.9307432432433, 41814564, 668963196, 1200100, 49399997, 100834]] [4279107852.0, [7461.0, 5333103, 85328280, 86895, 77870232, 4866975]] [314744760.0, [15.0, 390430, 6246800, 13150, 6246800, 390410]] [5324345974.0, [2511.3125, 6635334, 106001424, 38734, 103508112, 486182492]] [1693443688.0, [359.0, 2171654, 34713624, 45830, 7767768, 9938]] [308775239583.5999, [1100.1000000000001, 383626383, 6138011769, 5340891, 6137123253, 383570187]] [1639441974.0, [140.3125, 2054902, 32837664, 62366, 25504800, 1501904]]
Arch_Param: [64, 16384, 16384, 4, 512, 16]
SK_cost: [37554688226.48649, [760265.0675675676, 23676449, 757567868, 845249, 484821692, 500449]] [4292421324.0, [101871.0, 2666607, 85328280, 86895, 85328280, 105327]] [314587440.0, [6516.66666666657, 195220, 6246800, 13140, 6246800, 13130]] [5712504512.0, [111661.33333333023, 3553192, 113701904, 38704, 113701904, 120604]] [2220678280.0, [43782.0, 1388550, 44335128, 19654, 40788504, 39878]] [308691983199.60394, [7107532.350000086, 191813655, 6138011769, 5340891, 6138011769, 7110363]] [13941319276.0, [281557.3333333333, 8721467, 278760800, 474659, 234253664, 325088]]
Model_cost: [32369654519.35135, [1923.9307432432433, 20907553, 668963196, 1200097, 49399997, 92642]] [4268441868.0, [7461.0, 2666607, 85328280, 86895, 77870232, 2433543]] [313963280.0, [15.0, 195220, 6246800, 13140, 6246800, 195210]] [5311114366.0, [2511.3125, 3327912, 106001424, 38704, 103508112, 485984056]] [1689110120.0, [359.0, 1088262, 34713624, 45830, 7767768, 9938]] [308007988671.5999, [1100.1000000000001, 191813655, 6138011769, 5340891, 6137123253, 191785179]] [1635328394.0, [140.3125, 1027451, 32837664, 62307, 25504800, 753872]]
Arch_Param: [64, 16384, 16384, 4, 1024, 16]
SK_cost: [37507361250.48649, [760265.0675675676, 11844705, 757567868, 845249, 484821692, 500449]] [4287088332.0, [101871.0, 1333359, 85328280, 86895, 85328280, 105327]] [314221960.0, [6516.66666666657, 104010, 6246800, 13130, 6246800, 13130]] [5705422448.0, [111661.33333333023, 1782996, 113701904, 38684, 113701904, 120604]] [2217909384.0, [43782.0, 696326, 44335128, 19654, 40788504, 39878]] [308308357743.60394, [7107532.350000086, 95907291, 6138011769, 5340891, 6138011769, 7110363]] [13923924732.0, [281557.3333333333, 4373279, 278760800, 474631, 234253664, 325088]]
Model_cost: [32327865335.35135, [1923.9307432432433, 10460257, 668963196, 1200097, 49399997, 88546]] [4263108876.0, [7461.0, 1333359, 85328280, 86895, 77870232, 1216827]] [313597830.0, [15.3125, 104010, 6246800, 13130, 6246800, 27210]] [5304523852.0, [2511.625, 1680596, 106001424, 38684, 103508112, 485814438]] [1686943336.0, [359.0, 546566, 34713624, 45830, 7767768, 9938]] [307624363215.5999, [1100.1000000000001, 95907291, 6138011769, 5340891, 6137123253, 95892675]] [1633277978.0, [140.3125, 515295, 32837664, 62279, 25504800, 379856]]
Arch_Param: [64, 16384, 16384, 8, 256, 16]
SK_cost: [20238909635.243244, [407585.2837837838, 25429668, 406835900, 451588, 270518972, 291169]] [4303087308.0, [101871.0, 5333103, 85328280, 86895, 85328280, 105327]] [315368920.0, [6516.66666666657, 390430, 6246800, 13150, 6246800, 13130]] [5726719160.0, [111661.33333333023, 7106374, 113701904, 38734, 113701904, 120604]] [1113265288.0, [21894.0, 1386502, 22167576, 9830, 20472344, 20038]] [309459234111.60394, [7107532.350000086, 383626383, 6138011769, 5340891, 6138011769, 7110363]] [11906596376.0, [236309.33333333334, 14813302, 236846432, 329310, 217476448, 308704]]
Model_cost: [17467859479.675674, [1092.8091216216217, 22447780, 359125692, 642660, 49399997, 100834]] [4279107852.0, [7461.0, 5333103, 85328280, 86895, 77870232, 4866975]] [314744760.0, [15.0, 390430, 6246800, 13150, 6246800, 390410]] [5324345974.0, [2511.3125, 6635334, 106001424, 38734, 103508112, 486182492]] [854492648.0, [203.0, 1085830, 17356824, 22918, 7767768, 9938]] [308775239583.5999, [1100.1000000000001, 383626383, 6138011769, 5340891, 6137123253, 383570187]] [1429678274.0, [104.4375, 1783542, 28515872, 43166, 25504800, 1501904]]
Arch_Param: [64, 16384, 16384, 8, 512, 16]
SK_cost: [20188051191.243244, [407585.2837837838, 12715105, 406835900, 451585, 270518972, 291169]] [4292421324.0, [101871.0, 2666607, 85328280, 86895, 85328280, 105327]] [314587440.0, [6516.66666666657, 195220, 6246800, 13140, 6246800, 13130]] [5712504512.0, [111661.33333333023, 3553192, 113701904, 38704, 113701904, 120604]] [1110496392.0, [21894.0, 694278, 22167576, 9830, 20472344, 20038]] [308691983199.60394, [7107532.350000086, 191813655, 6138011769, 5340891, 6138011769, 7110363]] [11876965996.0, [236309.33333333334, 7406651, 236846432, 329251, 217476448, 308704]]
Model_cost: [17422964811.675674, [1092.8091216216217, 11224161, 359125692, 642657, 49399997, 92642]] [4268441868.0, [7461.0, 2666607, 85328280, 86895, 77870232, 2433543]] [313963280.0, [15.0, 195220, 6246800, 13140, 6246800, 195210]] [5311114366.0, [2511.3125, 3327912, 106001424, 38704, 103508112, 485984056]] [852325864.0, [203.0, 544134, 17356824, 22918, 7767768, 9938]] [308007988671.5999, [1100.1000000000001, 191813655, 6138011769, 5340891, 6137123253, 191785179]] [1426107414.0, [104.4375, 891771, 28515872, 43107, 25504800, 753872]]
Arch_Param: [64, 16384, 16384, 8, 1024, 16]
SK_cost: [20162634487.243244, [407585.2837837838, 6360929, 406835900, 451585, 270518972, 291169]] [4287088332.0, [101871.0, 1333359, 85328280, 86895, 85328280, 105327]] [314221960.0, [6516.66666666657, 104010, 6246800, 13130, 6246800, 13130]] [5705422448.0, [111661.33333333023, 1782996, 113701904, 38684, 113701904, 120604]] [1109111944.0, [21894.0, 348166, 22167576, 9830, 20472344, 20038]] [308308357743.60394, [7107532.350000086, 95907291, 6138011769, 5340891, 6138011769, 7110363]] [11862176508.0, [236309.33333333334, 3709727, 236846432, 329223, 217476448, 308704]]
Model_cost: [17400529995.675674, [1092.8091216216217, 5615457, 359125692, 642657, 49399997, 88546]] [4263108876.0, [7461.0, 1333359, 85328280, 86895, 77870232, 1216827]] [313597830.0, [15.3125, 104010, 6246800, 13130, 6246800, 27210]] [5304523852.0, [2511.625, 1680596, 106001424, 38684, 103508112, 485814438]] [851242472.0, [203.0, 273286, 17356824, 22918, 7767768, 9938]] [307624363215.5999, [1100.1000000000001, 95907291, 6138011769, 5340891, 6137123253, 95892675]] [1424325286.0, [104.4375, 446687, 28515872, 43079, 25504800, 379856]]
Arch_Param: [64, 16384, 16384, 16, 256, 16]
SK_cost: [11536395680.64865, [231342.25675675675, 14471844, 231526076, 254884, 163367612, 186529]] [4303087308.0, [101871.0, 5333103, 85328280, 86895, 85328280, 105327]] [315368920.0, [6516.66666666657, 390430, 6246800, 13150, 6246800, 13130]] [5726719160.0, [111661.33333333023, 7106374, 113701904, 38734, 113701904, 120604]] [556789896.0, [10950.0, 693254, 11083800, 4918, 10314264, 10118]] [309459234111.60394, [7107532.350000086, 383626383, 6138011769, 5340891, 6138011769, 7110363]] [10871790104.0, [213685.3333333333, 13498486, 215889248, 256606, 209087840, 300512]]
Model_cost: [9977858163.135136, [597.7618243243244, 12767908, 204263100, 364068, 49399997, 100834]] [4279107852.0, [7461.0, 5333103, 85328280, 86895, 77870232, 4866975]] [314744760.0, [15.0, 390430, 6246800, 13150, 6246800, 390410]] [5324345974.0, [2511.3125, 6635334, 106001424, 38734, 103508112, 486182492]] [434604936.0, [98.0, 542918, 8678424, 5062, 7767768, 475346]] [308775239583.5999, [1100.1000000000001, 383626383, 6138011769, 5340891, 6137123253, 383570187]] [1324763224.0, [82.0, 1647862, 26354976, 33054, 25504800, 1579600]]
Arch_Param: [64, 16384, 16384, 16, 512, 16]
SK_cost: [11507452884.64865, [231342.25675675675, 7236193, 231526076, 254881, 163367612, 186529]] [4292421324.0, [101871.0, 2666607, 85328280, 86895, 85328280, 105327]] [314587440.0, [6516.66666666657, 195220, 6246800, 13140, 6246800, 13130]] [5712504512.0, [111661.33333333023, 3553192, 113701904, 38704, 113701904, 120604]] [555405448.0, [10950.0, 347142, 11083800, 4918, 10314264, 10118]] [308691983199.60394, [7107532.350000086, 191813655, 6138011769, 5340891, 6138011769, 7110363]] [10844789356.0, [213685.3333333333, 6749243, 215889248, 256547, 209087840, 300512]]
Model_cost: [9952323239.135136, [597.7618243243244, 6384225, 204263100, 364065, 49399997, 92642]] [4268441868.0, [7461.0, 2666607, 85328280, 86895, 77870232, 2433543]] [313963280.0, [15.0, 195220, 6246800, 13140, 6246800, 195210]] [5311114366.0, [2511.3125, 3327912, 106001424, 38704, 103508112, 485984056]] [433521544.0, [98.0, 272070, 8678424, 5062, 7767768, 237778]] [308007988671.5999, [1100.1000000000001, 191813655, 6138011769, 5340891, 6137123253, 191785179]] [1321463724.0, [82.0, 823931, 26354976, 32995, 25504800, 790608]]
Arch_Param: [64, 16384, 16384, 16, 1024, 16]
SK_cost: [11492987860.64865, [231342.25675675675, 3619937, 231526076, 254881, 163367612, 186529]] [4287088332.0, [101871.0, 1333359, 85328280, 86895, 85328280, 105327]] [314221960.0, [6516.66666666657, 104010, 6246800, 13130, 6246800, 13130]] [5705422448.0, [111661.33333333023, 1782996, 113701904, 38684, 113701904, 120604]] [554713224.0, [10950.0, 174086, 11083800, 4918, 10314264, 10118]] [308308357743.60394, [7107532.350000086, 95907291, 6138011769, 5340891, 6138011769, 7110363]] [10831302396.0, [213685.3333333333, 3377951, 215889248, 256519, 209087840, 300512]]
Model_cost: [9939562151.135136, [597.7618243243244, 3193953, 204263100, 364065, 49399997, 88546]] [4263108876.0, [7461.0, 1333359, 85328280, 86895, 77870232, 1216827]] [313597830.0, [15.3125, 104010, 6246800, 13130, 6246800, 27210]] [5304523852.0, [2511.625, 1680596, 106001424, 38684, 103508112, 485814438]] [432979848.0, [98.0, 136646, 8678424, 5062, 7767768, 118994]] [307624363215.5999, [1100.1000000000001, 95907291, 6138011769, 5340891, 6137123253, 95892675]] [1319815740.0, [82.0, 412383, 26354976, 32967, 25504800, 396112]]
Arch_Param: [64, 16384, 16384, 32, 256, 16]
SK_cost: [5804310543.351351, [116084.74324324324, 7256228, 116083900, 128868, 91933372, 116769]] [4303087308.0, [101871.0, 5333103, 85328280, 86895, 85328280, 105327]] [315368920.0, [6516.66666666657, 390430, 6246800, 13150, 6246800, 13130]] [5726719160.0, [111661.33333333023, 7106374, 113701904, 38734, 113701904, 120604]] [529407624.0, [10342.0, 657926, 10522648, 4126, 10215960, 10022]] [309459234111.60394, [7107532.350000086, 383626383, 6138011769, 5340891, 6138011769, 7110363]] [10657948184.0, [207989.33333333334, 13222006, 211505504, 228958, 209087840, 300512]]
Model_cost: [5053909576.864864, [367.9881756756757, 6404260, 102452412, 183460, 49399997, 100834]] [4279107852.0, [7461.0, 5333103, 85328280, 86895, 77870232, 4866975]] [314744760.0, [15.0, 390430, 6246800, 13150, 6246800, 390410]] [5324345974.0, [2511.3125, 6635334, 106001424, 38734, 103508112, 486182492]] [408581928.0, [69.0, 509030, 8140312, 4198, 7767768, 475346]] [308775239583.5999, [1100.1000000000001, 383626383, 6138011769, 5340891, 6137123253, 383570187]] [1298100764.0, [76.04166666666667, 1613302, 25807008, 29598, 25504800, 1579600]]
Arch_Param: [64, 16384, 16384, 32, 512, 16]
SK_cost: [5789798979.351351, [116084.74324324324, 3628385, 116083900, 128865, 91933372, 116769]] [4292421324.0, [101871.0, 2666607, 85328280, 86895, 85328280, 105327]] [314587440.0, [6516.66666666657, 195220, 6246800, 13140, 6246800, 13130]] [5712504512.0, [111661.33333333023, 3553192, 113701904, 38704, 113701904, 120604]] [528092808.0, [10342.0, 329222, 10522648, 4126, 10215960, 10022]] [308691983199.60394, [7107532.350000086, 191813655, 6138011769, 5340891, 6138011769, 7110363]] [10631500396.0, [207989.33333333334, 6611003, 211505504, 228899, 209087840, 300512]]
Model_cost: [5041101948.864864, [367.9881756756757, 3202401, 102452412, 183457, 49399997, 92642]] [4268441868.0, [7461.0, 2666607, 85328280, 86895, 77870232, 2433543]] [313963280.0, [15.0, 195220, 6246800, 13140, 6246800, 195210]] [5311114366.0, [2511.3125, 3327912, 106001424, 38704, 103508112, 485984056]] [407565096.0, [69.0, 254822, 8140312, 4198, 7767768, 237778]] [308007988671.5999, [1100.1000000000001, 191813655, 6138011769, 5340891, 6137123253, 191785179]] [1294870384.0, [76.04166666666667, 806651, 25807008, 29539, 25504800, 790608]]
Arch_Param: [64, 16384, 16384, 32, 1024, 16]
SK_cost: [5782546499.351351, [116084.74324324324, 1815265, 116083900, 128865, 91933372, 116769]] [4287088332.0, [101871.0, 1333359, 85328280, 86895, 85328280, 105327]] [314221960.0, [6516.66666666657, 104010, 6246800, 13130, 6246800, 13130]] [5705422448.0, [111661.33333333023, 1782996, 113701904, 38684, 113701904, 120604]] [527435400.0, [10342.0, 164870, 10522648, 4126, 10215960, 10022]] [308308357743.60394, [7107532.350000086, 95907291, 6138011769, 5340891, 6138011769, 7110363]] [10618283772.0, [207989.33333333334, 3307295, 211505504, 228871, 209087840, 300512]]
Model_cost: [5034701436.864864, [367.9881756756757, 1602273, 102452412, 183457, 49399997, 88546]] [4263108876.0, [7461.0, 1333359, 85328280, 86895, 77870232, 1216827]] [313597830.0, [15.3125, 104010, 6246800, 13130, 6246800, 27210]] [5304523852.0, [2511.625, 1680596, 106001424, 38684, 103508112, 485814438]] [407056680.0, [69.0, 127718, 8140312, 4198, 7767768, 118994]] [307624363215.5999, [1100.1000000000001, 95907291, 6138011769, 5340891, 6137123253, 95892675]] [1293256192.0, [76.04166666666667, 403551, 25807008, 29511, 25504800, 396112]]
Arch_Param: [64, 16384, 8192, 4, 256, 16]
SK_cost: [37722376114.666664, [1520515.7777777778, 47352356, 757567868, 845252, 484821692, 500449]] [4312856268.0, [203631.0, 5333103, 85328280, 86895, 85328280, 105327]] [316003800.0, [13130.0, 390430, 6246800, 13150, 6246800, 13130]] [5737457208.0, [223516.0, 7106374, 113701904, 38734, 113701904, 120604]] [2230418568.0, [87558.0, 2772998, 44335128, 19654, 40788504, 39878]] [310141549326.0, [14214982.5, 383626383, 6138011769, 5340891, 6138011769, 7110363]] [14003236888.0, [563098.6666666666, 17442934, 278760800, 474718, 234253664, 325088]]
Model_cost: [32453462968.666668, [3801.152777777778, 41814564, 668963196, 1200100, 49399997, 100834]] [4279813452.0, [14811.0, 5333103, 85328280, 86895, 77870232, 4866975]] [314745240.0, [20.0, 390430, 6246800, 13150, 6246800, 390410]] [5324585140.0, [5002.625, 6635334, 106001424, 38734, 103508112, 486182492]] [1693477480, [711, 2171654, 34713624, 45830, 7767768, 9938]] [308775337302.0, [2118.0, 383626383, 6138011769, 5340891, 6137123253, 383570187]] [1639452756.0, [252.625, 2054902, 32837664, 62366, 25504800, 1501904]]
Arch_Param: [64, 16384, 8192, 4, 512, 16]
SK_cost: [37627672294.666664, [1520515.7777777778, 23676449, 757567868, 845249, 484821692, 500449]] [4302190284.0, [203631.0, 2666607, 85328280, 86895, 85328280, 105327]] [315222320.0, [13130.0, 195220, 6246800, 13140, 6246800, 13130]] [5723242560.0, [223516.0, 3553192, 113701904, 38704, 113701904, 120604]] [2224880776.0, [87558.0, 1388550, 44335128, 19654, 40788504, 39878]] [309374298414.0, [14214982.5, 191813655, 6138011769, 5340891, 6138011769, 7110363]] [13968347244.0, [563098.6666666666, 8721467, 278760800, 474659, 234253664, 325088]]
Model_cost: [32369834732.666668, [3801.152777777778, 20907553, 668963196, 1200097, 49399997, 92642]] [4269147468.0, [14811.0, 2666607, 85328280, 86895, 77870232, 2433543]] [313963760.0, [20.0, 195220, 6246800, 13140, 6246800, 195210]] [5311353532.0, [5002.625, 3327912, 106001424, 38704, 103508112, 485984056]] [1689143912, [711, 1088262, 34713624, 45830, 7767768, 9938]] [308008086390.0, [2118.0, 191813655, 6138011769, 5340891, 6137123253, 191785179]] [1635339176.0, [252.625, 1027451, 32837664, 62307, 25504800, 753872]]
Arch_Param: [64, 16384, 8192, 4, 1024, 16]
SK_cost: [37580345318.666664, [1520515.7777777778, 11844705, 757567868, 845249, 484821692, 500449]] [4296857292.0, [203631.0, 1333359, 85328280, 86895, 85328280, 105327]] [314856840.0, [13130.0, 104010, 6246800, 13130, 6246800, 13130]] [5716160496.0, [223516.0, 1782996, 113701904, 38684, 113701904, 120604]] [2222111880.0, [87558.0, 696326, 44335128, 19654, 40788504, 39878]] [308990672958.0, [14214982.5, 95907291, 6138011769, 5340891, 6138011769, 7110363]] [13950952700.0, [563098.6666666666, 4373279, 278760800, 474631, 234253664, 325088]]
Model_cost: [32328045548.666668, [3801.152777777778, 10460257, 668963196, 1200097, 49399997, 88546]] [4263814476.0, [14811.0, 1333359, 85328280, 86895, 77870232, 1216827]] [313598340.0, [20.625, 104010, 6246800, 13130, 6246800, 27210]] [5304763048.0, [5003.25, 1680596, 106001424, 38684, 103508112, 485814438]] [1686977128, [711, 546566, 34713624, 45830, 7767768, 9938]] [307624460934.0, [2118.0, 95907291, 6138011769, 5340891, 6137123253, 95892675]] [1633288760.0, [252.625, 515295, 32837664, 62279, 25504800, 379856]]
Arch_Param: [64, 16384, 8192, 8, 256, 16]
SK_cost: [20278035549.333332, [815146.8888888889, 25429668, 406835900, 451588, 270518972, 291169]] [4312856268.0, [203631.0, 5333103, 85328280, 86895, 85328280, 105327]] [316003800.0, [13130.0, 390430, 6246800, 13150, 6246800, 13130]] [5737457208.0, [223516.0, 7106374, 113701904, 38734, 113701904, 120604]] [1115366536.0, [43782.0, 1386502, 22167576, 9830, 20472344, 20038]] [310141549326.0, [14214982.5, 383626383, 6138011769, 5340891, 6138011769, 7110363]] [11929280536.0, [472602.6666666667, 14813302, 236846432, 329310, 217476448, 308704]]
Model_cost: [17467952211.333336, [2058.7638888888887, 22447780, 359125692, 642660, 49399997, 100834]] [4279813452.0, [14811.0, 5333103, 85328280, 86895, 77870232, 4866975]] [314745240.0, [20.0, 390430, 6246800, 13150, 6246800, 390410]] [5324585140.0, [5002.625, 6635334, 106001424, 38734, 103508112, 486182492]] [854507624, [359, 1085830, 17356824, 22918, 7767768, 9938]] [308775337302.0, [2118.0, 383626383, 6138011769, 5340891, 6137123253, 383570187]] [1429685996.0, [184.875, 1783542, 28515872, 43166, 25504800, 1501904]]
Arch_Param: [64, 16384, 8192, 8, 512, 16]
SK_cost: [20227177105.333332, [815146.8888888889, 12715105, 406835900, 451585, 270518972, 291169]] [4302190284.0, [203631.0, 2666607, 85328280, 86895, 85328280, 105327]] [315222320.0, [13130.0, 195220, 6246800, 13140, 6246800, 13130]] [5723242560.0, [223516.0, 3553192, 113701904, 38704, 113701904, 120604]] [1112597640.0, [43782.0, 694278, 22167576, 9830, 20472344, 20038]] [309374298414.0, [14214982.5, 191813655, 6138011769, 5340891, 6138011769, 7110363]] [11899650156.0, [472602.6666666667, 7406651, 236846432, 329251, 217476448, 308704]]
Model_cost: [17423057543.333336, [2058.7638888888887, 11224161, 359125692, 642657, 49399997, 92642]] [4269147468.0, [14811.0, 2666607, 85328280, 86895, 77870232, 2433543]] [313963760.0, [20.0, 195220, 6246800, 13140, 6246800, 195210]] [5311353532.0, [5002.625, 3327912, 106001424, 38704, 103508112, 485984056]] [852340840, [359, 544134, 17356824, 22918, 7767768, 9938]] [308008086390.0, [2118.0, 191813655, 6138011769, 5340891, 6137123253, 191785179]] [1426115136.0, [184.875, 891771, 28515872, 43107, 25504800, 753872]]
Arch_Param: [64, 16384, 8192, 8, 1024, 16]
SK_cost: [20201760401.333332, [815146.8888888889, 6360929, 406835900, 451585, 270518972, 291169]] [4296857292.0, [203631.0, 1333359, 85328280, 86895, 85328280, 105327]] [314856840.0, [13130.0, 104010, 6246800, 13130, 6246800, 13130]] [5716160496.0, [223516.0, 1782996, 113701904, 38684, 113701904, 120604]] [1111213192.0, [43782.0, 348166, 22167576, 9830, 20472344, 20038]] [308990672958.0, [14214982.5, 95907291, 6138011769, 5340891, 6138011769, 7110363]] [11884860668.0, [472602.6666666667, 3709727, 236846432, 329223, 217476448, 308704]]
Model_cost: [17400622727.333336, [2058.7638888888887, 5615457, 359125692, 642657, 49399997, 88546]] [4263814476.0, [14811.0, 1333359, 85328280, 86895, 77870232, 1216827]] [313598340.0, [20.625, 104010, 6246800, 13130, 6246800, 27210]] [5304763048.0, [5003.25, 1680596, 106001424, 38684, 103508112, 485814438]] [851257448, [359, 273286, 17356824, 22918, 7767768, 9938]] [307624460934.0, [2118.0, 95907291, 6138011769, 5340891, 6137123253, 95892675]] [1424333008.0, [184.875, 446687, 28515872, 43079, 25504800, 379856]]
Arch_Param: [64, 16384, 8192, 16, 256, 16]
SK_cost: [11558601821.333334, [462656.22222222225, 14471844, 231526076, 254884, 163367612, 186529]] [4312856268.0, [203631.0, 5333103, 85328280, 86895, 85328280, 105327]] [316003800.0, [13130.0, 390430, 6246800, 13150, 6246800, 13130]] [5737457208.0, [223516.0, 7106374, 113701904, 38734, 113701904, 120604]] [557840520.0, [21894.0, 693254, 11083800, 4918, 10314264, 10118]] [310141549326.0, [14214982.5, 383626383, 6138011769, 5340891, 6138011769, 7110363]] [10892302360.0, [427354.6666666666, 13498486, 215889248, 256606, 209087840, 300512]]
Model_cost: [9977910947.333332, [1147.5972222222222, 12767908, 204263100, 364068, 49399997, 100834]] [4279813452.0, [14811.0, 5333103, 85328280, 86895, 77870232, 4866975]] [314745240.0, [20.0, 390430, 6246800, 13150, 6246800, 390410]] [5324585140.0, [5002.625, 6635334, 106001424, 38734, 103508112, 486182492]] [434613288.0, [185.0, 542918, 8678424, 5062, 7767768, 475346]] [308775337302.0, [2118.0, 383626383, 6138011769, 5340891, 6137123253, 383570187]] [1324769272.0, [145.0, 1647862, 26354976, 33054, 25504800, 1579600]]
Arch_Param: [64, 16384, 8192, 16, 512, 16]
SK_cost: [11529659025.333334, [462656.22222222225, 7236193, 231526076, 254881, 163367612, 186529]] [4302190284.0, [203631.0, 2666607, 85328280, 86895, 85328280, 105327]] [315222320.0, [13130.0, 195220, 6246800, 13140, 6246800, 13130]] [5723242560.0, [223516.0, 3553192, 113701904, 38704, 113701904, 120604]] [556456072.0, [21894.0, 347142, 11083800, 4918, 10314264, 10118]] [309374298414.0, [14214982.5, 191813655, 6138011769, 5340891, 6138011769, 7110363]] [10865301612.0, [427354.6666666666, 6749243, 215889248, 256547, 209087840, 300512]]
Model_cost: [9952376023.333332, [1147.5972222222222, 6384225, 204263100, 364065, 49399997, 92642]] [4269147468.0, [14811.0, 2666607, 85328280, 86895, 77870232, 2433543]] [313963760.0, [20.0, 195220, 6246800, 13140, 6246800, 195210]] [5311353532.0, [5002.625, 3327912, 106001424, 38704, 103508112, 485984056]] [433529896.0, [185.0, 272070, 8678424, 5062, 7767768, 237778]] [308008086390.0, [2118.0, 191813655, 6138011769, 5340891, 6137123253, 191785179]] [1321469772.0, [145.0, 823931, 26354976, 32995, 25504800, 790608]]
Arch_Param: [64, 16384, 8192, 16, 1024, 16]
SK_cost: [11515194001.333334, [462656.22222222225, 3619937, 231526076, 254881, 163367612, 186529]] [4296857292.0, [203631.0, 1333359, 85328280, 86895, 85328280, 105327]] [314856840.0, [13130.0, 104010, 6246800, 13130, 6246800, 13130]] [5716160496.0, [223516.0, 1782996, 113701904, 38684, 113701904, 120604]] [555763848.0, [21894.0, 174086, 11083800, 4918, 10314264, 10118]] [308990672958.0, [14214982.5, 95907291, 6138011769, 5340891, 6138011769, 7110363]] [10851814652.0, [427354.6666666666, 3377951, 215889248, 256519, 209087840, 300512]]
Model_cost: [9939614935.333332, [1147.5972222222222, 3193953, 204263100, 364065, 49399997, 88546]] [4263814476.0, [14811.0, 1333359, 85328280, 86895, 77870232, 1216827]] [313598340.0, [20.625, 104010, 6246800, 13130, 6246800, 27210]] [5304763048.0, [5003.25, 1680596, 106001424, 38684, 103508112, 485814438]] [432988200.0, [185.0, 136646, 8678424, 5062, 7767768, 118994]] [307624460934.0, [2118.0, 95907291, 6138011769, 5340891, 6137123253, 95892675]] [1319821788.0, [145.0, 412383, 26354976, 32967, 25504800, 396112]]
Arch_Param: [64, 16384, 8192, 32, 256, 16]
SK_cost: [5815451741.333333, [232138.88888888888, 7256228, 116083900, 128868, 91933372, 116769]] [4312856268.0, [203631.0, 5333103, 85328280, 86895, 85328280, 105327]] [316003800.0, [13130.0, 390430, 6246800, 13150, 6246800, 13130]] [5737457208.0, [223516.0, 7106374, 113701904, 38734, 113701904, 120604]] [530399880.0, [20678.0, 657926, 10522648, 4126, 10215960, 10022]] [310141549326.0, [14214982.5, 383626383, 6138011769, 5340891, 6138011769, 7110363]] [10677913624.0, [415962.6666666667, 13222006, 211505504, 228958, 209087840, 300512]]
Model_cost: [5053932043.333334, [602.0138888888889, 6404260, 102452412, 183460, 49399997, 100834]] [4279813452.0, [14811.0, 5333103, 85328280, 86895, 77870232, 4866975]] [314745240.0, [20.0, 390430, 6246800, 13150, 6246800, 390410]] [5324585140.0, [5002.625, 6635334, 106001424, 38734, 103508112, 486182492]] [408587496.0, [127.0, 509030, 8140312, 4198, 7767768, 475346]] [308775337302.0, [2118.0, 383626383, 6138011769, 5340891, 6137123253, 383570187]] [1298106240.0, [133.08333333333334, 1613302, 25807008, 29598, 25504800, 1579600]]
Arch_Param: [64, 16384, 8192, 32, 512, 16]
SK_cost: [5800940177.333333, [232138.88888888888, 3628385, 116083900, 128865, 91933372, 116769]] [4302190284.0, [203631.0, 2666607, 85328280, 86895, 85328280, 105327]] [315222320.0, [13130.0, 195220, 6246800, 13140, 6246800, 13130]] [5723242560.0, [223516.0, 3553192, 113701904, 38704, 113701904, 120604]] [529085064.0, [20678.0, 329222, 10522648, 4126, 10215960, 10022]] [309374298414.0, [14214982.5, 191813655, 6138011769, 5340891, 6138011769, 7110363]] [10651465836.0, [415962.6666666667, 6611003, 211505504, 228899, 209087840, 300512]]
Model_cost: [5041124415.333334, [602.0138888888889, 3202401, 102452412, 183457, 49399997, 92642]] [4269147468.0, [14811.0, 2666607, 85328280, 86895, 77870232, 2433543]] [313963760.0, [20.0, 195220, 6246800, 13140, 6246800, 195210]] [5311353532.0, [5002.625, 3327912, 106001424, 38704, 103508112, 485984056]] [407570664.0, [127.0, 254822, 8140312, 4198, 7767768, 237778]] [308008086390.0, [2118.0, 191813655, 6138011769, 5340891, 6137123253, 191785179]] [1294875860.0, [133.08333333333334, 806651, 25807008, 29539, 25504800, 790608]]
Arch_Param: [64, 16384, 8192, 32, 1024, 16]
SK_cost: [5793687697.333333, [232138.88888888888, 1815265, 116083900, 128865, 91933372, 116769]] [4296857292.0, [203631.0, 1333359, 85328280, 86895, 85328280, 105327]] [314856840.0, [13130.0, 104010, 6246800, 13130, 6246800, 13130]] [5716160496.0, [223516.0, 1782996, 113701904, 38684, 113701904, 120604]] [528427656.0, [20678.0, 164870, 10522648, 4126, 10215960, 10022]] [308990672958.0, [14214982.5, 95907291, 6138011769, 5340891, 6138011769, 7110363]] [10638249212.0, [415962.6666666667, 3307295, 211505504, 228871, 209087840, 300512]]
Model_cost: [5034723903.333334, [602.0138888888889, 1602273, 102452412, 183457, 49399997, 88546]] [4263814476.0, [14811.0, 1333359, 85328280, 86895, 77870232, 1216827]] [313598340.0, [20.625, 104010, 6246800, 13130, 6246800, 27210]] [5304763048.0, [5003.25, 1680596, 106001424, 38684, 103508112, 485814438]] [407062248.0, [127.0, 127718, 8140312, 4198, 7767768, 118994]] [307624460934.0, [2118.0, 95907291, 6138011769, 5340891, 6137123253, 95892675]] [1293261668.0, [133.08333333333334, 403551, 25807008, 29511, 25504800, 396112]]
Arch_Param: [64, 16384, 4096, 4, 256, 16]
SK_cost: [37863863485.333336, [2994342.5555555555, 47352356, 757567868, 845252, 484821692, 500449]] [4325316300.0, [333423.0, 5333103, 85328280, 86895, 85328280, 105327]] [317263320, [26250, 390430, 6246800, 13150, 6246800, 13130]] [5758863672, [446500, 7106374, 113701904, 38734, 113701904, 120604]] [2238823560, [175110, 2772998, 44335128, 19654, 40788504, 39878]] [311078697438.0, [23976942.0, 383626383, 6138011769, 5340891, 6138011769, 7110363]] [14056178712.0, [1114576.0, 17442934, 278760800, 474718, 234253664, 325088]]
Model_cost: [32453815442.0, [7472.75, 41814564, 668963196, 1200100, 49399997, 100834]] [4281224652.0, [29511.0, 5333103, 85328280, 86895, 77870232, 4866975]] [314746200.0, [30.0, 390430, 6246800, 13150, 6246800, 390410]] [5325062512.0, [9975.25, 6635334, 106001424, 38734, 103508112, 486182492]] [1693545160, [1416, 2171654, 34713624, 45830, 7767768, 9938]] [308775525366.0, [4077.0, 383626383, 6138011769, 5340891, 6137123253, 383570187]] [1639474608.0, [480.25, 2054902, 32837664, 62366, 25504800, 1501904]]
Arch_Param: [64, 16384, 4096, 4, 512, 16]
SK_cost: [37769159665.333336, [2994342.5555555555, 23676449, 757567868, 845249, 484821692, 500449]] [4314650316.0, [333423.0, 2666607, 85328280, 86895, 85328280, 105327]] [316481840, [26250, 195220, 6246800, 13140, 6246800, 13130]] [5744649024, [446500, 3553192, 113701904, 38704, 113701904, 120604]] [2233285768, [175110, 1388550, 44335128, 19654, 40788504, 39878]] [310311446526.0, [23976942.0, 191813655, 6138011769, 5340891, 6138011769, 7110363]] [14021289068.0, [1114576.0, 8721467, 278760800, 474659, 234253664, 325088]]
Model_cost: [32370187206.0, [7472.75, 20907553, 668963196, 1200097, 49399997, 92642]] [4270558668.0, [29511.0, 2666607, 85328280, 86895, 77870232, 2433543]] [313964720.0, [30.0, 195220, 6246800, 13140, 6246800, 195210]] [5311830904.0, [9975.25, 3327912, 106001424, 38704, 103508112, 485984056]] [1689211592, [1416, 1088262, 34713624, 45830, 7767768, 9938]] [308008274454.0, [4077.0, 191813655, 6138011769, 5340891, 6137123253, 191785179]] [1635361028.0, [480.25, 1027451, 32837664, 62307, 25504800, 753872]]
Arch_Param: [64, 16384, 4096, 4, 1024, 16]
SK_cost: [37721832689.333336, [2994342.5555555555, 11844705, 757567868, 845249, 484821692, 500449]] [4309317324.0, [333423.0, 1333359, 85328280, 86895, 85328280, 105327]] [316116360, [26250, 104010, 6246800, 13130, 6246800, 13130]] [5737566960, [446500, 1782996, 113701904, 38684, 113701904, 120604]] [2230516872, [175110, 696326, 44335128, 19654, 40788504, 39878]] [309927821070.0, [23976942.0, 95907291, 6138011769, 5340891, 6138011769, 7110363]] [14003894524.0, [1114576.0, 4373279, 278760800, 474631, 234253664, 325088]]
Model_cost: [32328398022.0, [7472.75, 10460257, 668963196, 1200097, 49399997, 88546]] [4265225676.0, [29511.0, 1333359, 85328280, 86895, 77870232, 1216827]] [313599360.0, [31.25, 104010, 6246800, 13130, 6246800, 27210]] [5305240480.0, [9976.5, 1680596, 106001424, 38684, 103508112, 485814438]] [1687044808, [1416, 546566, 34713624, 45830, 7767768, 9938]] [307624648998.0, [4077.0, 95907291, 6138011769, 5340891, 6137123253, 95892675]] [1633310612.0, [480.25, 515295, 32837664, 62279, 25504800, 379856]]
Arch_Param: [64, 16384, 4096, 8, 256, 16]
SK_cost: [20354037778.666668, [1606836.7777777778, 25429668, 406835900, 451588, 270518972, 291169]] [4325316300.0, [333423.0, 5333103, 85328280, 86895, 85328280, 105327]] [317263320, [26250, 390430, 6246800, 13150, 6246800, 13130]] [5758863672, [446500, 7106374, 113701904, 38734, 113701904, 120604]] [1119569032, [87558, 1386502, 22167576, 9830, 20472344, 20038]] [311078697438.0, [23976942.0, 383626383, 6138011769, 5340891, 6138011769, 7110363]] [11974026264.0, [938704.0, 14813302, 236846432, 329310, 217476448, 308704]]
Model_cost: [17468137852.666664, [3992.527777777778, 22447780, 359125692, 642660, 49399997, 100834]] [4281224652.0, [29511.0, 5333103, 85328280, 86895, 77870232, 4866975]] [314746200.0, [30.0, 390430, 6246800, 13150, 6246800, 390410]] [5325062512.0, [9975.25, 6635334, 106001424, 38734, 103508112, 486182492]] [854541416, [711, 1085830, 17356824, 22918, 7767768, 9938]] [308775525366.0, [4077.0, 383626383, 6138011769, 5340891, 6137123253, 383570187]] [1429701344.0, [344.75, 1783542, 28515872, 43166, 25504800, 1501904]]
Arch_Param: [64, 16384, 4096, 8, 512, 16]
SK_cost: [20303179334.666668, [1606836.7777777778, 12715105, 406835900, 451585, 270518972, 291169]] [4314650316.0, [333423.0, 2666607, 85328280, 86895, 85328280, 105327]] [316481840, [26250, 195220, 6246800, 13140, 6246800, 13130]] [5744649024, [446500, 3553192, 113701904, 38704, 113701904, 120604]] [1116800136, [87558, 694278, 22167576, 9830, 20472344, 20038]] [310311446526.0, [23976942.0, 191813655, 6138011769, 5340891, 6138011769, 7110363]] [11944395884.0, [938704.0, 7406651, 236846432, 329251, 217476448, 308704]]
Model_cost: [17423243184.666664, [3992.527777777778, 11224161, 359125692, 642657, 49399997, 92642]] [4270558668.0, [29511.0, 2666607, 85328280, 86895, 77870232, 2433543]] [313964720.0, [30.0, 195220, 6246800, 13140, 6246800, 195210]] [5311830904.0, [9975.25, 3327912, 106001424, 38704, 103508112, 485984056]] [852374632, [711, 544134, 17356824, 22918, 7767768, 9938]] [308008274454.0, [4077.0, 191813655, 6138011769, 5340891, 6137123253, 191785179]] [1426130484.0, [344.75, 891771, 28515872, 43107, 25504800, 753872]]
Arch_Param: [64, 16384, 4096, 8, 1024, 16]
SK_cost: [20277762630.666668, [1606836.7777777778, 6360929, 406835900, 451585, 270518972, 291169]] [4309317324.0, [333423.0, 1333359, 85328280, 86895, 85328280, 105327]] [316116360, [26250, 104010, 6246800, 13130, 6246800, 13130]] [5737566960, [446500, 1782996, 113701904, 38684, 113701904, 120604]] [1115415688, [87558, 348166, 22167576, 9830, 20472344, 20038]] [309927821070.0, [23976942.0, 95907291, 6138011769, 5340891, 6138011769, 7110363]] [11929606396.0, [938704.0, 3709727, 236846432, 329223, 217476448, 308704]]
Model_cost: [17400808368.666664, [3992.527777777778, 5615457, 359125692, 642657, 49399997, 88546]] [4265225676.0, [29511.0, 1333359, 85328280, 86895, 77870232, 1216827]] [313599360.0, [31.25, 104010, 6246800, 13130, 6246800, 27210]] [5305240480.0, [9976.5, 1680596, 106001424, 38684, 103508112, 485814438]] [851291240, [711, 273286, 17356824, 22918, 7767768, 9938]] [307624648998.0, [4077.0, 95907291, 6138011769, 5340891, 6137123253, 95892675]] [1424348356.0, [344.75, 446687, 28515872, 43079, 25504800, 379856]]
Arch_Param: [64, 16384, 4096, 16, 256, 16]
SK_cost: [11601870866.666666, [913375.4444444445, 14471844, 231526076, 254884, 163367612, 186529]] [4325316300.0, [333423.0, 5333103, 85328280, 86895, 85328280, 105327]] [317263320, [26250, 390430, 6246800, 13150, 6246800, 13130]] [5758863672, [446500, 7106374, 113701904, 38734, 113701904, 120604]] [559941768, [43782, 693254, 11083800, 4918, 10314264, 10118]] [311078697438.0, [23976942.0, 383626383, 6138011769, 5340891, 6138011769, 7110363]] [10932950040.0, [850768.0, 13498486, 215889248, 256606, 209087840, 300512]]
Model_cost: [9978016988.666668, [2252.1944444444443, 12767908, 204263100, 364068, 49399997, 100834]] [4281224652.0, [29511.0, 5333103, 85328280, 86895, 77870232, 4866975]] [314746200.0, [30.0, 390430, 6246800, 13150, 6246800, 390410]] [5325062512.0, [9975.25, 6635334, 106001424, 38734, 103508112, 486182492]] [434629992.0, [359.0, 542918, 8678424, 5062, 7767768, 475346]] [308775525366.0, [4077.0, 383626383, 6138011769, 5340891, 6137123253, 383570187]] [1324781368.0, [271.0, 1647862, 26354976, 33054, 25504800, 1579600]]
Arch_Param: [64, 16384, 4096, 16, 512, 16]
SK_cost: [11572928070.666666, [913375.4444444445, 7236193, 231526076, 254881, 163367612, 186529]] [4314650316.0, [333423.0, 2666607, 85328280, 86895, 85328280, 105327]] [316481840, [26250, 195220, 6246800, 13140, 6246800, 13130]] [5744649024, [446500, 3553192, 113701904, 38704, 113701904, 120604]] [558557320, [43782, 347142, 11083800, 4918, 10314264, 10118]] [310311446526.0, [23976942.0, 191813655, 6138011769, 5340891, 6138011769, 7110363]] [10905949292.0, [850768.0, 6749243, 215889248, 256547, 209087840, 300512]]
Model_cost: [9952482064.666668, [2252.1944444444443, 6384225, 204263100, 364065, 49399997, 92642]] [4270558668.0, [29511.0, 2666607, 85328280, 86895, 77870232, 2433543]] [313964720.0, [30.0, 195220, 6246800, 13140, 6246800, 195210]] [5311830904.0, [9975.25, 3327912, 106001424, 38704, 103508112, 485984056]] [433546600.0, [359.0, 272070, 8678424, 5062, 7767768, 237778]] [308008274454.0, [4077.0, 191813655, 6138011769, 5340891, 6137123253, 191785179]] [1321481868.0, [271.0, 823931, 26354976, 32995, 25504800, 790608]]
Arch_Param: [64, 16384, 4096, 16, 1024, 16]
SK_cost: [11558463046.666666, [913375.4444444445, 3619937, 231526076, 254881, 163367612, 186529]] [4309317324.0, [333423.0, 1333359, 85328280, 86895, 85328280, 105327]] [316116360, [26250, 104010, 6246800, 13130, 6246800, 13130]] [5737566960, [446500, 1782996, 113701904, 38684, 113701904, 120604]] [557865096, [43782, 174086, 11083800, 4918, 10314264, 10118]] [309927821070.0, [23976942.0, 95907291, 6138011769, 5340891, 6138011769, 7110363]] [10892462332.0, [850768.0, 3377951, 215889248, 256519, 209087840, 300512]]
Model_cost: [9939720976.666668, [2252.1944444444443, 3193953, 204263100, 364065, 49399997, 88546]] [4265225676.0, [29511.0, 1333359, 85328280, 86895, 77870232, 1216827]] [313599360.0, [31.25, 104010, 6246800, 13130, 6246800, 27210]] [5305240480.0, [9976.5, 1680596, 106001424, 38684, 103508112, 485814438]] [433004904.0, [359.0, 136646, 8678424, 5062, 7767768, 118994]] [307624648998.0, [4077.0, 95907291, 6138011769, 5340891, 6137123253, 95892675]] [1319833884.0, [271.0, 412383, 26354976, 32967, 25504800, 396112]]
Arch_Param: [64, 16384, 4096, 32, 256, 16]
SK_cost: [5837144082.666667, [458100.77777777775, 7256228, 116083900, 128868, 91933372, 116769]] [4325316300.0, [333423.0, 5333103, 85328280, 86895, 85328280, 105327]] [317263320, [26250, 390430, 6246800, 13150, 6246800, 13130]] [5758863672, [446500, 7106374, 113701904, 38734, 113701904, 120604]] [532384392, [41350, 657926, 10522648, 4126, 10215960, 10022]] [311078697438.0, [23976942.0, 383626383, 6138011769, 5340891, 6138011769, 7110363]] [10717664280.0, [830032.0, 13222006, 211505504, 228958, 209087840, 300512]]
Model_cost: [5053985324.666666, [1157.0277777777778, 6404260, 102452412, 183460, 49399997, 100834]] [4281224652.0, [29511.0, 5333103, 85328280, 86895, 77870232, 4866975]] [314746200.0, [30.0, 390430, 6246800, 13150, 6246800, 390410]] [5325062512.0, [9975.25, 6635334, 106001424, 38734, 103508112, 486182492]] [408598632.0, [243.0, 509030, 8140312, 4198, 7767768, 475346]] [308775525366.0, [4077.0, 383626383, 6138011769, 5340891, 6137123253, 383570187]] [1298117224.0, [247.5, 1613302, 25807008, 29598, 25504800, 1579600]]
Arch_Param: [64, 16384, 4096, 32, 512, 16]
SK_cost: [5822632518.666667, [458100.77777777775, 3628385, 116083900, 128865, 91933372, 116769]] [4314650316.0, [333423.0, 2666607, 85328280, 86895, 85328280, 105327]] [316481840, [26250, 195220, 6246800, 13140, 6246800, 13130]] [5744649024, [446500, 3553192, 113701904, 38704, 113701904, 120604]] [531069576, [41350, 329222, 10522648, 4126, 10215960, 10022]] [310311446526.0, [23976942.0, 191813655, 6138011769, 5340891, 6138011769, 7110363]] [10691216492.0, [830032.0, 6611003, 211505504, 228899, 209087840, 300512]]
Model_cost: [5041177696.666666, [1157.0277777777778, 3202401, 102452412, 183457, 49399997, 92642]] [4270558668.0, [29511.0, 2666607, 85328280, 86895, 77870232, 2433543]] [313964720.0, [30.0, 195220, 6246800, 13140, 6246800, 195210]] [5311830904.0, [9975.25, 3327912, 106001424, 38704, 103508112, 485984056]] [407581800.0, [243.0, 254822, 8140312, 4198, 7767768, 237778]] [308008274454.0, [4077.0, 191813655, 6138011769, 5340891, 6137123253, 191785179]] [1294886844.0, [247.5, 806651, 25807008, 29539, 25504800, 790608]]
Arch_Param: [64, 16384, 4096, 32, 1024, 16]
SK_cost: [5815380038.666667, [458100.77777777775, 1815265, 116083900, 128865, 91933372, 116769]] [4309317324.0, [333423.0, 1333359, 85328280, 86895, 85328280, 105327]] [316116360, [26250, 104010, 6246800, 13130, 6246800, 13130]] [5737566960, [446500, 1782996, 113701904, 38684, 113701904, 120604]] [530412168, [41350, 164870, 10522648, 4126, 10215960, 10022]] [309927821070.0, [23976942.0, 95907291, 6138011769, 5340891, 6138011769, 7110363]] [10677999868.0, [830032.0, 3307295, 211505504, 228871, 209087840, 300512]]
Model_cost: [5034777184.666666, [1157.0277777777778, 1602273, 102452412, 183457, 49399997, 88546]] [4265225676.0, [29511.0, 1333359, 85328280, 86895, 77870232, 1216827]] [313599360.0, [31.25, 104010, 6246800, 13130, 6246800, 27210]] [5305240480.0, [9976.5, 1680596, 106001424, 38684, 103508112, 485814438]] [407073384.0, [243.0, 127718, 8140312, 4198, 7767768, 118994]] [307624648998.0, [4077.0, 95907291, 6138011769, 5340891, 6137123253, 95892675]] [1293272652.0, [247.5, 403551, 25807008, 29511, 25504800, 396112]]
Arch_Param: [64, 16384, 2048, 4, 256, 16]
SK_cost: [38146871336.0, [5942341.0, 47352356, 757567868, 845252, 484821692, 500449]] [4357314252.0, [666735.0, 5333103, 85328280, 86895, 85328280, 105327]] [319751640, [52170, 390430, 6246800, 13150, 6246800, 13130]] [5801615160, [891828, 7106374, 113701904, 38734, 113701904, 120604]] [2255633544, [350214, 2772998, 44335128, 19654, 40788504, 39878]] [313380468606.0, [47953725.0, 383626383, 6138011769, 5340891, 6138011769, 7110363]] [14161259832.0, [2209171.0, 17442934, 278760800, 474718, 234253664, 325088]]
Model_cost: [32454527930.0, [14894.5, 41814564, 668963196, 1200100, 49399997, 100834]] [4284047052.0, [58911.0, 5333103, 85328280, 86895, 77870232, 4866975]] [314748120.0, [50.0, 390430, 6246800, 13150, 6246800, 390410]] [5326018216.0, [19930.5, 6635334, 106001424, 38734, 103508112, 486182492]] [1693680520, [2826, 2171654, 34713624, 45830, 7767768, 9938]] [308775901494.0, [7995.0, 383626383, 6138011769, 5340891, 6137123253, 383570187]] [1639519080.0, [943.5, 2054902, 32837664, 62366, 25504800, 1501904]]
Arch_Param: [64, 16384, 2048, 4, 512, 16]
SK_cost: [38052167516.0, [5942341.0, 23676449, 757567868, 845249, 484821692, 500449]] [4346648268.0, [666735.0, 2666607, 85328280, 86895, 85328280, 105327]] [318970160, [52170, 195220, 6246800, 13140, 6246800, 13130]] [5787400512, [891828, 3553192, 113701904, 38704, 113701904, 120604]] [2250095752, [350214, 1388550, 44335128, 19654, 40788504, 39878]] [312613217694.0, [47953725.0, 191813655, 6138011769, 5340891, 6138011769, 7110363]] [14126370188.0, [2209171.0, 8721467, 278760800, 474659, 234253664, 325088]]
Model_cost: [32370899694.0, [14894.5, 20907553, 668963196, 1200097, 49399997, 92642]] [4273381068.0, [58911.0, 2666607, 85328280, 86895, 77870232, 2433543]] [313966640.0, [50.0, 195220, 6246800, 13140, 6246800, 195210]] [5312786608.0, [19930.5, 3327912, 106001424, 38704, 103508112, 485984056]] [1689346952, [2826, 1088262, 34713624, 45830, 7767768, 9938]] [308008650582.0, [7995.0, 191813655, 6138011769, 5340891, 6137123253, 191785179]] [1635405500.0, [943.5, 1027451, 32837664, 62307, 25504800, 753872]]
Arch_Param: [64, 16384, 2048, 4, 1024, 16]
SK_cost: [38004840540.0, [5942341.0, 11844705, 757567868, 845249, 484821692, 500449]] [4341315276.0, [666735.0, 1333359, 85328280, 86895, 85328280, 105327]] [318604680, [52170, 104010, 6246800, 13130, 6246800, 13130]] [5780318448, [891828, 1782996, 113701904, 38684, 113701904, 120604]] [2247326856, [350214, 696326, 44335128, 19654, 40788504, 39878]] [312229592238.0, [47953725.0, 95907291, 6138011769, 5340891, 6138011769, 7110363]] [14108975644.0, [2209171.0, 4373279, 278760800, 474631, 234253664, 325088]]
Model_cost: [32329110510.0, [14894.5, 10460257, 668963196, 1200097, 49399997, 88546]] [4268048076.0, [58911.0, 1333359, 85328280, 86895, 77870232, 1216827]] [313601400.0, [52.5, 104010, 6246800, 13130, 6246800, 27210]] [5306196304.0, [19933.0, 1680596, 106001424, 38684, 103508112, 485814438]] [1687180168, [2826, 546566, 34713624, 45830, 7767768, 9938]] [307625025126.0, [7995.0, 95907291, 6138011769, 5340891, 6137123253, 95892675]] [1633355084.0, [943.5, 515295, 32837664, 62279, 25504800, 379856]]
Arch_Param: [64, 16384, 2048, 8, 256, 16]
SK_cost: [20506058792.0, [3190389.0, 25429668, 406835900, 451588, 270518972, 291169]] [4357314252.0, [666735.0, 5333103, 85328280, 86895, 85328280, 105327]] [319751640, [52170, 390430, 6246800, 13150, 6246800, 13130]] [5801615160, [891828, 7106374, 113701904, 38734, 113701904, 120604]] [1127974024, [175110, 1386502, 22167576, 9830, 20472344, 20038]] [313380468606.0, [47953725.0, 383626383, 6138011769, 5340891, 6138011769, 7110363]] [12063108408.0, [1866643.0, 14813302, 236846432, 329310, 217476448, 308704]]
Model_cost: [17468517050.0, [7942.5, 22447780, 359125692, 642660, 49399997, 100834]] [4284047052.0, [58911.0, 5333103, 85328280, 86895, 77870232, 4866975]] [314748120.0, [50.0, 390430, 6246800, 13150, 6246800, 390410]] [5326018216.0, [19930.5, 6635334, 106001424, 38734, 103508112, 486182492]] [854609096, [1416, 1085830, 17356824, 22918, 7767768, 9938]] [308775901494.0, [7995.0, 383626383, 6138011769, 5340891, 6137123253, 383570187]] [1429732328.0, [667.5, 1783542, 28515872, 43166, 25504800, 1501904]]
Arch_Param: [64, 16384, 2048, 8, 512, 16]
SK_cost: [20455200348.0, [3190389.0, 12715105, 406835900, 451585, 270518972, 291169]] [4346648268.0, [666735.0, 2666607, 85328280, 86895, 85328280, 105327]] [318970160, [52170, 195220, 6246800, 13140, 6246800, 13130]] [5787400512, [891828, 3553192, 113701904, 38704, 113701904, 120604]] [1125205128, [175110, 694278, 22167576, 9830, 20472344, 20038]] [312613217694.0, [47953725.0, 191813655, 6138011769, 5340891, 6138011769, 7110363]] [12033478028.0, [1866643.0, 7406651, 236846432, 329251, 217476448, 308704]]
Model_cost: [17423622382.0, [7942.5, 11224161, 359125692, 642657, 49399997, 92642]] [4273381068.0, [58911.0, 2666607, 85328280, 86895, 77870232, 2433543]] [313966640.0, [50.0, 195220, 6246800, 13140, 6246800, 195210]] [5312786608.0, [19930.5, 3327912, 106001424, 38704, 103508112, 485984056]] [852442312, [1416, 544134, 17356824, 22918, 7767768, 9938]] [308008650582.0, [7995.0, 191813655, 6138011769, 5340891, 6137123253, 191785179]] [1426161468.0, [667.5, 891771, 28515872, 43107, 25504800, 753872]]
Arch_Param: [64, 16384, 2048, 8, 1024, 16]
SK_cost: [20429783644.0, [3190389.0, 6360929, 406835900, 451585, 270518972, 291169]] [4341315276.0, [666735.0, 1333359, 85328280, 86895, 85328280, 105327]] [318604680, [52170, 104010, 6246800, 13130, 6246800, 13130]] [5780318448, [891828, 1782996, 113701904, 38684, 113701904, 120604]] [1123820680, [175110, 348166, 22167576, 9830, 20472344, 20038]] [312229592238.0, [47953725.0, 95907291, 6138011769, 5340891, 6138011769, 7110363]] [12018688540.0, [1866643.0, 3709727, 236846432, 329223, 217476448, 308704]]
Model_cost: [17401187566.0, [7942.5, 5615457, 359125692, 642657, 49399997, 88546]] [4268048076.0, [58911.0, 1333359, 85328280, 86895, 77870232, 1216827]] [313601400.0, [52.5, 104010, 6246800, 13130, 6246800, 27210]] [5306196304.0, [19933.0, 1680596, 106001424, 38684, 103508112, 485814438]] [851358920, [1416, 273286, 17356824, 22918, 7767768, 9938]] [307625025126.0, [7995.0, 95907291, 6138011769, 5340891, 6137123253, 95892675]] [1424379340.0, [667.5, 446687, 28515872, 43079, 25504800, 379856]]
Arch_Param: [64, 16384, 2048, 16, 256, 16]
SK_cost: [11688417320.0, [1814901.0, 14471844, 231526076, 254884, 163367612, 186529]] [4357314252.0, [666735.0, 5333103, 85328280, 86895, 85328280, 105327]] [319751640, [52170, 390430, 6246800, 13150, 6246800, 13130]] [5801615160, [891828, 7106374, 113701904, 38734, 113701904, 120604]] [564144264, [87558, 693254, 11083800, 4918, 10314264, 10118]] [313380468606.0, [47953725.0, 383626383, 6138011769, 5340891, 6138011769, 7110363]] [11014032696.0, [1695379.0, 13498486, 215889248, 256606, 209087840, 300512]]
Model_cost: [9978229562.0, [4466.5, 12767908, 204263100, 364068, 49399997, 100834]] [4284047052.0, [58911.0, 5333103, 85328280, 86895, 77870232, 4866975]] [314748120.0, [50.0, 390430, 6246800, 13150, 6246800, 390410]] [5326018216.0, [19930.5, 6635334, 106001424, 38734, 103508112, 486182492]] [434663784.0, [711.0, 542918, 8678424, 5062, 7767768, 475346]] [308775901494.0, [7995.0, 383626383, 6138011769, 5340891, 6137123253, 383570187]] [1324806040.0, [528.0, 1647862, 26354976, 33054, 25504800, 1579600]]
Arch_Param: [64, 16384, 2048, 16, 512, 16]
SK_cost: [11659474524.0, [1814901.0, 7236193, 231526076, 254881, 163367612, 186529]] [4346648268.0, [666735.0, 2666607, 85328280, 86895, 85328280, 105327]] [318970160, [52170, 195220, 6246800, 13140, 6246800, 13130]] [5787400512, [891828, 3553192, 113701904, 38704, 113701904, 120604]] [562759816, [87558, 347142, 11083800, 4918, 10314264, 10118]] [312613217694.0, [47953725.0, 191813655, 6138011769, 5340891, 6138011769, 7110363]] [10987031948.0, [1695379.0, 6749243, 215889248, 256547, 209087840, 300512]]
Model_cost: [9952694638.0, [4466.5, 6384225, 204263100, 364065, 49399997, 92642]] [4273381068.0, [58911.0, 2666607, 85328280, 86895, 77870232, 2433543]] [313966640.0, [50.0, 195220, 6246800, 13140, 6246800, 195210]] [5312786608.0, [19930.5, 3327912, 106001424, 38704, 103508112, 485984056]] [433580392.0, [711.0, 272070, 8678424, 5062, 7767768, 237778]] [308008650582.0, [7995.0, 191813655, 6138011769, 5340891, 6137123253, 191785179]] [1321506540.0, [528.0, 823931, 26354976, 32995, 25504800, 790608]]
Arch_Param: [64, 16384, 2048, 16, 1024, 16]
SK_cost: [11645009500.0, [1814901.0, 3619937, 231526076, 254881, 163367612, 186529]] [4341315276.0, [666735.0, 1333359, 85328280, 86895, 85328280, 105327]] [318604680, [52170, 104010, 6246800, 13130, 6246800, 13130]] [5780318448, [891828, 1782996, 113701904, 38684, 113701904, 120604]] [562067592, [87558, 174086, 11083800, 4918, 10314264, 10118]] [312229592238.0, [47953725.0, 95907291, 6138011769, 5340891, 6138011769, 7110363]] [10973544988.0, [1695379.0, 3377951, 215889248, 256519, 209087840, 300512]]
Model_cost: [9939933550.0, [4466.5, 3193953, 204263100, 364065, 49399997, 88546]] [4268048076.0, [58911.0, 1333359, 85328280, 86895, 77870232, 1216827]] [313601400.0, [52.5, 104010, 6246800, 13130, 6246800, 27210]] [5306196304.0, [19933.0, 1680596, 106001424, 38684, 103508112, 485814438]] [433038696.0, [711.0, 136646, 8678424, 5062, 7767768, 118994]] [307625025126.0, [7995.0, 95907291, 6138011769, 5340891, 6137123253, 95892675]] [1319858556.0, [528.0, 412383, 26354976, 32967, 25504800, 396112]]
Arch_Param: [64, 16384, 2048, 32, 256, 16]
SK_cost: [5880533032.0, [910069.0, 7256228, 116083900, 128868, 91933372, 116769]] [4357314252.0, [666735.0, 5333103, 85328280, 86895, 85328280, 105327]] [319751640, [52170, 390430, 6246800, 13150, 6246800, 13130]] [5801615160, [891828, 7106374, 113701904, 38734, 113701904, 120604]] [536353416, [82694, 657926, 10522648, 4126, 10215960, 10022]] [313380468606.0, [47953725.0, 383626383, 6138011769, 5340891, 6138011769, 7110363]] [10797051192.0, [1656979.0, 13222006, 211505504, 228958, 209087840, 300512]]
Model_cost: [5054092314.0, [2271.5, 6404260, 102452412, 183460, 49399997, 100834]] [4284047052.0, [58911.0, 5333103, 85328280, 86895, 77870232, 4866975]] [314748120.0, [50.0, 390430, 6246800, 13150, 6246800, 390410]] [5326018216.0, [19930.5, 6635334, 106001424, 38734, 103508112, 486182492]] [408620904.0, [475.0, 509030, 8140312, 4198, 7767768, 475346]] [308775901494.0, [7995.0, 383626383, 6138011769, 5340891, 6137123253, 383570187]] [1298139352.0, [478.0, 1613302, 25807008, 29598, 25504800, 1579600]]
Arch_Param: [64, 16384, 2048, 32, 512, 16]
SK_cost: [5866021468.0, [910069.0, 3628385, 116083900, 128865, 91933372, 116769]] [4346648268.0, [666735.0, 2666607, 85328280, 86895, 85328280, 105327]] [318970160, [52170, 195220, 6246800, 13140, 6246800, 13130]] [5787400512, [891828, 3553192, 113701904, 38704, 113701904, 120604]] [535038600, [82694, 329222, 10522648, 4126, 10215960, 10022]] [312613217694.0, [47953725.0, 191813655, 6138011769, 5340891, 6138011769, 7110363]] [10770603404.0, [1656979.0, 6611003, 211505504, 228899, 209087840, 300512]]
Model_cost: [5041284686.0, [2271.5, 3202401, 102452412, 183457, 49399997, 92642]] [4273381068.0, [58911.0, 2666607, 85328280, 86895, 77870232, 2433543]] [313966640.0, [50.0, 195220, 6246800, 13140, 6246800, 195210]] [5312786608.0, [19930.5, 3327912, 106001424, 38704, 103508112, 485984056]] [407604072.0, [475.0, 254822, 8140312, 4198, 7767768, 237778]] [308008650582.0, [7995.0, 191813655, 6138011769, 5340891, 6137123253, 191785179]] [1294908972.0, [478.0, 806651, 25807008, 29539, 25504800, 790608]]
Arch_Param: [64, 16384, 2048, 32, 1024, 16]
SK_cost: [5858768988.0, [910069.0, 1815265, 116083900, 128865, 91933372, 116769]] [4341315276.0, [666735.0, 1333359, 85328280, 86895, 85328280, 105327]] [318604680, [52170, 104010, 6246800, 13130, 6246800, 13130]] [5780318448, [891828, 1782996, 113701904, 38684, 113701904, 120604]] [534381192, [82694, 164870, 10522648, 4126, 10215960, 10022]] [312229592238.0, [47953725.0, 95907291, 6138011769, 5340891, 6138011769, 7110363]] [10757386780.0, [1656979.0, 3307295, 211505504, 228871, 209087840, 300512]]
Model_cost: [5034884174.0, [2271.5, 1602273, 102452412, 183457, 49399997, 88546]] [4268048076.0, [58911.0, 1333359, 85328280, 86895, 77870232, 1216827]] [313601400.0, [52.5, 104010, 6246800, 13130, 6246800, 27210]] [5306196304.0, [19933.0, 1680596, 106001424, 38684, 103508112, 485814438]] [407095656.0, [475.0, 127718, 8140312, 4198, 7767768, 118994]] [307625025126.0, [7995.0, 95907291, 6138011769, 5340891, 6137123253, 95892675]] [1293294780.0, [478.0, 403551, 25807008, 29511, 25504800, 396112]]
Arch_Param: [64, 16384, 1024, 4, 256, 16]
SK_cost: [38712853928.0, [11837993.0, 47352356, 757567868, 845252, 484821692, 500449]] [4421310156.0, [1333359.0, 5333103, 85328280, 86895, 85328280, 105327]] [324728280, [104010, 390430, 6246800, 13150, 6246800, 13130]] [5887167288, [1782996, 7106374, 113701904, 38734, 113701904, 120604]] [2288860296, [696326, 2772998, 44335128, 19654, 40788504, 39878]] [317984010942.0, [95907291.0, 383626383, 6138011769, 5340891, 6138011769, 7110363]] [14369014200.0, [4373279.0, 17442934, 278760800, 474718, 234253664, 325088]]
Model_cost: [32455953578.0, [29745.0, 41814564, 668963196, 1200100, 49399997, 100834]] [4289691852.0, [117711.0, 5333103, 85328280, 86895, 77870232, 4866975]] [314751960.0, [90.0, 390430, 6246800, 13150, 6246800, 390410]] [5327928664.0, [39831.0, 6635334, 106001424, 38734, 103508112, 486182492]] [1693951240, [5646, 2171654, 34713624, 45830, 7767768, 9938]] [308776653750.0, [15831.0, 383626383, 6138011769, 5340891, 6137123253, 383570187]] [1639608600.0, [1876.0, 2054902, 32837664, 62366, 25504800, 1501904]]
Arch_Param: [64, 16384, 1024, 4, 512, 16]
SK_cost: [38618150108.0, [11837993.0, 23676449, 757567868, 845249, 484821692, 500449]] [4410644172.0, [1333359.0, 2666607, 85328280, 86895, 85328280, 105327]] [323946800, [104010, 195220, 6246800, 13140, 6246800, 13130]] [5872952640, [1782996, 3553192, 113701904, 38704, 113701904, 120604]] [2283322504, [696326, 1388550, 44335128, 19654, 40788504, 39878]] [317216760030.0, [95907291.0, 191813655, 6138011769, 5340891, 6138011769, 7110363]] [14334124556.0, [4373279.0, 8721467, 278760800, 474659, 234253664, 325088]]
Model_cost: [32372325342.0, [29745.0, 20907553, 668963196, 1200097, 49399997, 92642]] [4279025868.0, [117711.0, 2666607, 85328280, 86895, 77870232, 2433543]] [313970480.0, [90.0, 195220, 6246800, 13140, 6246800, 195210]] [5314697056.0, [39831.0, 3327912, 106001424, 38704, 103508112, 485984056]] [1689617672, [5646, 1088262, 34713624, 45830, 7767768, 9938]] [308009402838.0, [15831.0, 191813655, 6138011769, 5340891, 6137123253, 191785179]] [1635495020.0, [1876.0, 1027451, 32837664, 62307, 25504800, 753872]]
Arch_Param: [64, 16384, 1024, 4, 1024, 16]
SK_cost: [38570823132.0, [11837993.0, 11844705, 757567868, 845249, 484821692, 500449]] [4405311180.0, [1333359.0, 1333359, 85328280, 86895, 85328280, 105327]] [323581320, [104010, 104010, 6246800, 13130, 6246800, 13130]] [5865870576, [1782996, 1782996, 113701904, 38684, 113701904, 120604]] [2280553608, [696326, 696326, 44335128, 19654, 40788504, 39878]] [316833134574.0, [95907291.0, 95907291, 6138011769, 5340891, 6138011769, 7110363]] [14316730012.0, [4373279.0, 4373279, 278760800, 474631, 234253664, 325088]]
Model_cost: [32330536158.0, [29745.0, 10460257, 668963196, 1200097, 49399997, 88546]] [4273692876.0, [117711.0, 1333359, 85328280, 86895, 77870232, 1216827]] [313605480.0, [95.0, 104010, 6246800, 13130, 6246800, 27210]] [5308106992.0, [39836.0, 1680596, 106001424, 38684, 103508112, 485814438]] [1687450888, [5646, 546566, 34713624, 45830, 7767768, 9938]] [307625777382.0, [15831.0, 95907291, 6138011769, 5340891, 6137123253, 95892675]] [1633444604.0, [1876.0, 515295, 32837664, 62279, 25504800, 379856]]
Arch_Param: [64, 16384, 1024, 8, 256, 16]
SK_cost: [20810084264.0, [6357321.0, 25429668, 406835900, 451588, 270518972, 291169]] [4421310156.0, [1333359.0, 5333103, 85328280, 86895, 85328280, 105327]] [324728280, [104010, 390430, 6246800, 13150, 6246800, 13130]] [5887167288, [1782996, 7106374, 113701904, 38734, 113701904, 120604]] [1144587400, [348166, 1386502, 22167576, 9830, 20472344, 20038]] [317984010942.0, [95907291.0, 383626383, 6138011769, 5340891, 6138011769, 7110363]] [12240044472.0, [3709727.0, 14813302, 236846432, 329310, 217476448, 308704]]
Model_cost: [17469275018.0, [15838.0, 22447780, 359125692, 642660, 49399997, 100834]] [4289691852.0, [117711.0, 5333103, 85328280, 86895, 77870232, 4866975]] [314751960.0, [90.0, 390430, 6246800, 13150, 6246800, 390410]] [5327928664.0, [39831.0, 6635334, 106001424, 38734, 103508112, 486182492]] [854744456, [2826, 1085830, 17356824, 22918, 7767768, 9938]] [308776653750.0, [15831.0, 383626383, 6138011769, 5340891, 6137123253, 383570187]] [1429795448.0, [1325.0, 1783542, 28515872, 43166, 25504800, 1501904]]
Arch_Param: [64, 16384, 1024, 8, 512, 16]
SK_cost: [20759225820.0, [6357321.0, 12715105, 406835900, 451585, 270518972, 291169]] [4410644172.0, [1333359.0, 2666607, 85328280, 86895, 85328280, 105327]] [323946800, [104010, 195220, 6246800, 13140, 6246800, 13130]] [5872952640, [1782996, 3553192, 113701904, 38704, 113701904, 120604]] [1141818504, [348166, 694278, 22167576, 9830, 20472344, 20038]] [317216760030.0, [95907291.0, 191813655, 6138011769, 5340891, 6138011769, 7110363]] [12210414092.0, [3709727.0, 7406651, 236846432, 329251, 217476448, 308704]]
Model_cost: [17424380350.0, [15838.0, 11224161, 359125692, 642657, 49399997, 92642]] [4279025868.0, [117711.0, 2666607, 85328280, 86895, 77870232, 2433543]] [313970480.0, [90.0, 195220, 6246800, 13140, 6246800, 195210]] [5314697056.0, [39831.0, 3327912, 106001424, 38704, 103508112, 485984056]] [852577672, [2826, 544134, 17356824, 22918, 7767768, 9938]] [308009402838.0, [15831.0, 191813655, 6138011769, 5340891, 6137123253, 191785179]] [1426224588.0, [1325.0, 891771, 28515872, 43107, 25504800, 753872]]
Arch_Param: [64, 16384, 1024, 8, 1024, 16]
SK_cost: [20733809116.0, [6357321.0, 6360929, 406835900, 451585, 270518972, 291169]] [4405311180.0, [1333359.0, 1333359, 85328280, 86895, 85328280, 105327]] [323581320, [104010, 104010, 6246800, 13130, 6246800, 13130]] [5865870576, [1782996, 1782996, 113701904, 38684, 113701904, 120604]] [1140434056, [348166, 348166, 22167576, 9830, 20472344, 20038]] [316833134574.0, [95907291.0, 95907291, 6138011769, 5340891, 6138011769, 7110363]] [12195624604.0, [3709727.0, 3709727, 236846432, 329223, 217476448, 308704]]
Model_cost: [17401945534.0, [15838.0, 5615457, 359125692, 642657, 49399997, 88546]] [4273692876.0, [117711.0, 1333359, 85328280, 86895, 77870232, 1216827]] [313605480.0, [95.0, 104010, 6246800, 13130, 6246800, 27210]] [5308106992.0, [39836.0, 1680596, 106001424, 38684, 103508112, 485814438]] [851494280, [2826, 273286, 17356824, 22918, 7767768, 9938]] [307625777382.0, [15831.0, 95907291, 6138011769, 5340891, 6137123253, 95892675]] [1424442460.0, [1325.0, 446687, 28515872, 43079, 25504800, 379856]]
Arch_Param: [64, 16384, 1024, 16, 256, 16]
SK_cost: [11861501864.0, [3617865.0, 14471844, 231526076, 254884, 163367612, 186529]] [4421310156.0, [1333359.0, 5333103, 85328280, 86895, 85328280, 105327]] [324728280, [104010, 390430, 6246800, 13150, 6246800, 13130]] [5887167288, [1782996, 7106374, 113701904, 38734, 113701904, 120604]] [572450952, [174086, 693254, 11083800, 4918, 10314264, 10118]] [317984010942.0, [95907291.0, 383626383, 6138011769, 5340891, 6138011769, 7110363]] [11175559608.0, [3377951.0, 13498486, 215889248, 256606, 209087840, 300512]]
Model_cost: [9978654602.0, [8894.0, 12767908, 204263100, 364068, 49399997, 100834]] [4289691852.0, [117711.0, 5333103, 85328280, 86895, 77870232, 4866975]] [314751960.0, [90.0, 390430, 6246800, 13150, 6246800, 390410]] [5327928664.0, [39831.0, 6635334, 106001424, 38734, 103508112, 486182492]] [434731464.0, [1416.0, 542918, 8678424, 5062, 7767768, 475346]] [308776653750.0, [15831.0, 383626383, 6138011769, 5340891, 6137123253, 383570187]] [1324856056.0, [1049.0, 1647862, 26354976, 33054, 25504800, 1579600]]
Arch_Param: [64, 16384, 1024, 16, 512, 16]
SK_cost: [11832559068.0, [3617865.0, 7236193, 231526076, 254881, 163367612, 186529]] [4410644172.0, [1333359.0, 2666607, 85328280, 86895, 85328280, 105327]] [323946800, [104010, 195220, 6246800, 13140, 6246800, 13130]] [5872952640, [1782996, 3553192, 113701904, 38704, 113701904, 120604]] [571066504, [174086, 347142, 11083800, 4918, 10314264, 10118]] [317216760030.0, [95907291.0, 191813655, 6138011769, 5340891, 6138011769, 7110363]] [11148558860.0, [3377951.0, 6749243, 215889248, 256547, 209087840, 300512]]
Model_cost: [9953119678.0, [8894.0, 6384225, 204263100, 364065, 49399997, 92642]] [4279025868.0, [117711.0, 2666607, 85328280, 86895, 77870232, 2433543]] [313970480.0, [90.0, 195220, 6246800, 13140, 6246800, 195210]] [5314697056.0, [39831.0, 3327912, 106001424, 38704, 103508112, 485984056]] [433648072.0, [1416.0, 272070, 8678424, 5062, 7767768, 237778]] [308009402838.0, [15831.0, 191813655, 6138011769, 5340891, 6137123253, 191785179]] [1321556556.0, [1049.0, 823931, 26354976, 32995, 25504800, 790608]]
Arch_Param: [64, 16384, 1024, 16, 1024, 16]
SK_cost: [11818094044.0, [3617865.0, 3619937, 231526076, 254881, 163367612, 186529]] [4405311180.0, [1333359.0, 1333359, 85328280, 86895, 85328280, 105327]] [323581320, [104010, 104010, 6246800, 13130, 6246800, 13130]] [5865870576, [1782996, 1782996, 113701904, 38684, 113701904, 120604]] [570374280, [174086, 174086, 11083800, 4918, 10314264, 10118]] [316833134574.0, [95907291.0, 95907291, 6138011769, 5340891, 6138011769, 7110363]] [11135071900.0, [3377951.0, 3377951, 215889248, 256519, 209087840, 300512]]
Model_cost: [9940358590.0, [8894.0, 3193953, 204263100, 364065, 49399997, 88546]] [4273692876.0, [117711.0, 1333359, 85328280, 86895, 77870232, 1216827]] [313605480.0, [95.0, 104010, 6246800, 13130, 6246800, 27210]] [5308106992.0, [39836.0, 1680596, 106001424, 38684, 103508112, 485814438]] [433106376.0, [1416.0, 136646, 8678424, 5062, 7767768, 118994]] [307625777382.0, [15831.0, 95907291, 6138011769, 5340891, 6137123253, 95892675]] [1319908572.0, [1049.0, 412383, 26354976, 32967, 25504800, 396112]]
Arch_Param: [64, 16384, 1024, 32, 256, 16]
SK_cost: [5967306664.0, [1813961.0, 7256228, 116083900, 128868, 91933372, 116769]] [4421310156.0, [1333359.0, 5333103, 85328280, 86895, 85328280, 105327]] [324728280, [104010, 390430, 6246800, 13150, 6246800, 13130]] [5887167288, [1782996, 7106374, 113701904, 38734, 113701904, 120604]] [544242312, [164870, 657926, 10522648, 4126, 10215960, 10022]] [317984010942.0, [95907291.0, 383626383, 6138011769, 5340891, 6138011769, 7110363]] [10955481528.0, [3307295.0, 13222006, 211505504, 228958, 209087840, 300512]]
Model_cost: [5054306634.0, [4504.0, 6404260, 102452412, 183460, 49399997, 100834]] [4289691852.0, [117711.0, 5333103, 85328280, 86895, 77870232, 4866975]] [314751960.0, [90.0, 390430, 6246800, 13150, 6246800, 390410]] [5327928664.0, [39831.0, 6635334, 106001424, 38734, 103508112, 486182492]] [408665832.0, [943.0, 509030, 8140312, 4198, 7767768, 475346]] [308776653750.0, [15831.0, 383626383, 6138011769, 5340891, 6137123253, 383570187]] [1298184472.0, [948.0, 1613302, 25807008, 29598, 25504800, 1579600]]
Arch_Param: [64, 16384, 1024, 32, 512, 16]
SK_cost: [5952795100.0, [1813961.0, 3628385, 116083900, 128865, 91933372, 116769]] [4410644172.0, [1333359.0, 2666607, 85328280, 86895, 85328280, 105327]] [323946800, [104010, 195220, 6246800, 13140, 6246800, 13130]] [5872952640, [1782996, 3553192, 113701904, 38704, 113701904, 120604]] [542927496, [164870, 329222, 10522648, 4126, 10215960, 10022]] [317216760030.0, [95907291.0, 191813655, 6138011769, 5340891, 6138011769, 7110363]] [10929033740.0, [3307295.0, 6611003, 211505504, 228899, 209087840, 300512]]
Model_cost: [5041499006.0, [4504.0, 3202401, 102452412, 183457, 49399997, 92642]] [4279025868.0, [117711.0, 2666607, 85328280, 86895, 77870232, 2433543]] [313970480.0, [90.0, 195220, 6246800, 13140, 6246800, 195210]] [5314697056.0, [39831.0, 3327912, 106001424, 38704, 103508112, 485984056]] [407649000.0, [943.0, 254822, 8140312, 4198, 7767768, 237778]] [308009402838.0, [15831.0, 191813655, 6138011769, 5340891, 6137123253, 191785179]] [1294954092.0, [948.0, 806651, 25807008, 29539, 25504800, 790608]]
Arch_Param: [64, 16384, 1024, 32, 1024, 16]
SK_cost: [5945542620.0, [1813961.0, 1815265, 116083900, 128865, 91933372, 116769]] [4405311180.0, [1333359.0, 1333359, 85328280, 86895, 85328280, 105327]] [323581320, [104010, 104010, 6246800, 13130, 6246800, 13130]] [5865870576, [1782996, 1782996, 113701904, 38684, 113701904, 120604]] [542270088, [164870, 164870, 10522648, 4126, 10215960, 10022]] [316833134574.0, [95907291.0, 95907291, 6138011769, 5340891, 6138011769, 7110363]] [10915817116.0, [3307295.0, 3307295, 211505504, 228871, 209087840, 300512]]
Model_cost: [5035098494.0, [4504.0, 1602273, 102452412, 183457, 49399997, 88546]] [4273692876.0, [117711.0, 1333359, 85328280, 86895, 77870232, 1216827]] [313605480.0, [95.0, 104010, 6246800, 13130, 6246800, 27210]] [5308106992.0, [39836.0, 1680596, 106001424, 38684, 103508112, 485814438]] [407140584.0, [943.0, 127718, 8140312, 4198, 7767768, 118994]] [307625777382.0, [15831.0, 95907291, 6138011769, 5340891, 6137123253, 95892675]] [1293339900.0, [948.0, 403551, 25807008, 29511, 25504800, 396112]]
