[[0, 0, 0, 0, 0, 0, 0, 0, 0, 0, 0], [0, 0, 0, 0, 0, 0, 0, 0, 0, 0, 0], [0, 0, 0, 0, 0, 0, 0, 0, 0, 0, 0], [0, 0, 0, 0, 0, 0, 0, 0, 0, 0, 0]]
Arch_Param: [64, 1024, 32768, 4, 256, 16]
SK_cost: [38152260948.479996, [372370.79666666663, 47352356, 757567868, 845252, 754875068, 10286781793]] [4298202828.0, [50991.0, 5333103, 85328280, 86895, 85328280, 1133251695]] [315056600.0, [3263.333333333285, 390430, 6246800, 13150, 6246800, 49664010]] [5721352184.0, [55755.33333333302, 7106374, 113701904, 38734, 113701904, 1748508692]] [2231188411.2, [21689.199999999997, 2772998, 44335128, 19654, 44335128, 694910982]] [309118080190.8014, [3553845.675000043, 383626383, 6138011769, 5340891, 6138011769, 84524746203]] [14038004937.23077, [137297.84615384653, 17442934, 278760800, 474718, 272076128, 3496506399]]
Model_cost: [33045611228.32, [961.5241666666667, 41814564, 668963196, 10456676, 49399997, 784226]] [4278755052.0, [3786.0, 5333103, 85328280, 86895, 77870232, 4866975]] [314744520.0, [12.5, 390430, 6246800, 13150, 6246800, 390410]] [5324226871.0, [1270.65625, 6635334, 106001424, 38734, 103508112, 7287180892]] [1727025236.8, [182.8, 2171654, 34713624, 521414, 9348312, 11360409]] [308775194410.8, [629.5500000000001, 383626383, 6138011769, 5340891, 6137123253, 383579631]] [1646417229.8461537, [73.89423076923077, 2054902, 32837664, 157342, 25956384, 2903391]]
Arch_Param: [64, 1024, 32768, 4, 512, 16]
SK_cost: [38057557128.479996, [372370.79666666663, 23676449, 757567868, 845249, 754875068, 10286781793]] [4287536844.0, [50991.0, 2666607, 85328280, 86895, 85328280, 1133251695]] [314275120.0, [3263.333333333285, 195220, 6246800, 13140, 6246800, 49664010]] [5707137536.0, [55755.33333333302, 3553192, 113701904, 38704, 113701904, 1748508692]] [2225650619.2, [21689.199999999997, 1388550, 44335128, 19654, 44335128, 694910982]] [308350829278.8014, [3553845.675000043, 191813655, 6138011769, 5340891, 6138011769, 84524746203]] [14003115293.23077, [137297.84615384653, 8721467, 278760800, 474659, 272076128, 3496506399]]
Model_cost: [32961982992.32, [961.5241666666667, 20907553, 668963196, 10456673, 49399997, 776034]] [4268089068.0, [3786.0, 2666607, 85328280, 86895, 77870232, 2433543]] [313963040.0, [12.5, 195220, 6246800, 13140, 6246800, 195210]] [5310995263.0, [1270.65625, 3327912, 106001424, 38704, 103508112, 7286982456]] [1722674792.0, [183.0, 1087878, 34713624, 570566, 7767768, 121433]] [308007943498.8, [629.5500000000001, 191813655, 6138011769, 5340891, 6137123253, 191794623]] [1642203320.0, [74.125, 1027451, 32837664, 169827, 25504800, 772575]]
Arch_Param: [64, 1024, 32768, 4, 1024, 16]
SK_cost: [38010230152.479996, [372370.79666666663, 11844705, 757567868, 845249, 754875068, 10286781793]] [4282203852.0, [50991.0, 1333359, 85328280, 86895, 85328280, 1133251695]] [313909640.0, [3263.333333333285, 104010, 6246800, 13130, 6246800, 49664010]] [5700055472.0, [55755.33333333302, 1782996, 113701904, 38684, 113701904, 1748508692]] [2222881723.2, [21689.199999999997, 696326, 44335128, 19654, 44335128, 694910982]] [307967203822.8014, [3553845.675000043, 95907291, 6138011769, 5340891, 6138011769, 84524746203]] [13985720749.23077, [137297.84615384653, 4373279, 278760800, 474631, 272076128, 3496506399]]
Model_cost: [32920193808.32, [961.5241666666667, 10460257, 668963196, 10456673, 49399997, 771938]] [4262756076.0, [3786.0, 1333359, 85328280, 86895, 77870232, 1216827]] [313597575.0, [12.65625, 104010, 6246800, 13130, 6246800, 24577610]] [5304404734.0, [1270.8125, 1680596, 106001424, 38684, 103508112, 7311363238]] [1718934376.0, [183.0, 545990, 34713624, 545990, 7767768, 121433]] [307624318042.8, [629.5500000000001, 95907291, 6138011769, 5340891, 6137123253, 95902119]] [1639751496.0, [74.125, 515295, 32837664, 163527, 25504800, 398559]]
Arch_Param: [64, 1024, 32768, 8, 256, 16]
SK_cost: [20488915018.239998, [199904.02333333332, 25429668, 406835900, 451588, 405490364, 5530723681]] [4298202828.0, [50991.0, 5333103, 85328280, 86895, 85328280, 1133251695]] [315056600.0, [3263.333333333285, 390430, 6246800, 13150, 6246800, 49664010]] [5721352184.0, [55755.33333333302, 7106374, 113701904, 38734, 113701904, 1748508692]] [1115595297.6, [10847.599999999999, 1386502, 22167576, 9830, 22167576, 347455494]] [309118080190.8014, [3553845.675000043, 383626383, 6138011769, 5340891, 6138011769, 84524746203]] [11927129683.076923, [116288.61538461514, 14813302, 236846432, 329310, 233504096, 3103573023]]
Model_cost: [17785834978.16, [526.9183333333333, 22447780, 359125692, 5611876, 49399997, 784226]] [4278755052.0, [3786.0, 5333103, 85328280, 86895, 77870232, 4866975]] [314744520.0, [12.5, 390430, 6246800, 13150, 6246800, 390410]] [5324226871.0, [1270.65625, 6635334, 106001424, 38734, 103508112, 7287180892]] [871256366.4, [94.4, 1085830, 17356824, 260710, 8545496, 5740697]] [308775194410.8, [629.5500000000001, 383626383, 6138011769, 5340891, 6137123253, 383579631]] [1433238220.6153846, [56.54807692307692, 1783542, 28515872, 91806, 25730592, 2226015]]
Arch_Param: [64, 1024, 32768, 8, 512, 16]
SK_cost: [20438056574.239998, [199904.02333333332, 12715105, 406835900, 451585, 405490364, 5530723681]] [4287536844.0, [50991.0, 2666607, 85328280, 86895, 85328280, 1133251695]] [314275120.0, [3263.333333333285, 195220, 6246800, 13140, 6246800, 49664010]] [5707137536.0, [55755.33333333302, 3553192, 113701904, 38704, 113701904, 1748508692]] [1112826401.6, [10847.599999999999, 694278, 22167576, 9830, 22167576, 347455494]] [308350829278.8014, [3553845.675000043, 191813655, 6138011769, 5340891, 6138011769, 84524746203]] [11897499303.076923, [116288.61538461514, 7406651, 236846432, 329251, 233504096, 3103573023]]
Model_cost: [17740940310.16, [526.9183333333333, 11224161, 359125692, 5611873, 49399997, 776034]] [4268089068.0, [3786.0, 2666607, 85328280, 86895, 77870232, 2433543]] [313963040.0, [12.5, 195220, 6246800, 13140, 6246800, 195210]] [5310995263.0, [1270.65625, 3327912, 106001424, 38704, 103508112, 7286982456]] [869088814.4, [94.4, 543942, 17356824, 260710, 8545496, 5740697]] [308007943498.8, [629.5500000000001, 191813655, 6138011769, 5340891, 6137123253, 191794623]] [1429625384.0, [56.625, 891771, 28515872, 98147, 25504800, 772575]]
Arch_Param: [64, 1024, 32768, 8, 1024, 16]
SK_cost: [20412639870.239998, [199904.02333333332, 6360929, 406835900, 451585, 405490364, 5530723681]] [4282203852.0, [50991.0, 1333359, 85328280, 86895, 85328280, 1133251695]] [313909640.0, [3263.333333333285, 104010, 6246800, 13130, 6246800, 49664010]] [5700055472.0, [55755.33333333302, 1782996, 113701904, 38684, 113701904, 1748508692]] [1111441953.6, [10847.599999999999, 348166, 22167576, 9830, 22167576, 347455494]] [307967203822.8014, [3553845.675000043, 95907291, 6138011769, 5340891, 6138011769, 84524746203]] [11882709815.076923, [116288.61538461514, 3709727, 236846432, 329223, 233504096, 3103573023]]
Model_cost: [17718505494.16, [526.9183333333333, 5615457, 359125692, 5611873, 49399997, 771938]] [4262756076.0, [3786.0, 1333359, 85328280, 86895, 77870232, 1216827]] [313597575.0, [12.65625, 104010, 6246800, 13130, 6246800, 24577610]] [5304404734.0, [1270.8125, 1680596, 106001424, 38684, 103508112, 7311363238]] [867236072.0, [95.0, 272998, 17356824, 272998, 7767768, 121433]] [307624318042.8, [629.5500000000001, 95907291, 6138011769, 5340891, 6137123253, 95902119]] [1427638456.0, [56.625, 446687, 28515872, 94919, 25504800, 398559]]
Arch_Param: [64, 1024, 32768, 16, 256, 16]
SK_cost: [11660073710.08, [113703.06333333332, 14471844, 231526076, 254884, 230853308, 3153192289]] [4298202828.0, [50991.0, 5333103, 85328280, 86895, 85328280, 1133251695]] [315056600.0, [3263.333333333285, 390430, 6246800, 13150, 6246800, 49664010]] [5721352184.0, [55755.33333333302, 7106374, 113701904, 38734, 113701904, 1748508692]] [557798740.8, [5426.799999999999, 693254, 11083800, 4918, 11083800, 173727750]] [309118080190.8014, [3553845.675000043, 383626383, 6138011769, 5340891, 6138011769, 84524746203]] [10871692056.0, [105784.00000000015, 13498486, 215889248, 256606, 214218080, 2907106335]]
Model_cost: [10158713984.720001, [309.9033333333333, 12767908, 204263100, 3190372, 49399997, 784226]] [4278755052.0, [3786.0, 5333103, 85328280, 86895, 77870232, 4866975]] [314744520.0, [12.5, 390430, 6246800, 13150, 6246800, 390410]] [5324226871.0, [1270.65625, 6635334, 106001424, 38734, 103508112, 7287180892]] [435982747.2, [50.2, 542918, 8678424, 14902, 8144088, 3287193]] [308775194410.8, [629.5500000000001, 383626383, 6138011769, 5340891, 6137123253, 383579631]] [1325575564.0, [47.875, 1647862, 26354976, 42270, 25617696, 1948767]]
Arch_Param: [64, 1024, 32768, 16, 512, 16]
SK_cost: [11631130914.08, [113703.06333333332, 7236193, 231526076, 254881, 230853308, 3153192289]] [4287536844.0, [50991.0, 2666607, 85328280, 86895, 85328280, 1133251695]] [314275120.0, [3263.333333333285, 195220, 6246800, 13140, 6246800, 49664010]] [5707137536.0, [55755.33333333302, 3553192, 113701904, 38704, 113701904, 1748508692]] [556414292.8, [5426.799999999999, 347142, 11083800, 4918, 11083800, 173727750]] [308350829278.8014, [3553845.675000043, 191813655, 6138011769, 5340891, 6138011769, 84524746203]] [10844691308.0, [105784.00000000015, 6749243, 215889248, 256547, 214218080, 2907106335]]
Model_cost: [10133179060.720001, [309.9033333333333, 6384225, 204263100, 3190369, 49399997, 776034]] [4268089068.0, [3786.0, 2666607, 85328280, 86895, 77870232, 2433543]] [313963040.0, [12.5, 195220, 6246800, 13140, 6246800, 195210]] [5310995263.0, [1270.65625, 3327912, 106001424, 38704, 103508112, 7286982456]] [434898971.2, [50.2, 271974, 8678424, 14902, 8144088, 3049625]] [308007943498.8, [629.5500000000001, 191813655, 6138011769, 5340891, 6137123253, 191794623]] [1322263264.0, [47.875, 823931, 26354976, 45539, 25504800, 793055]]
Arch_Param: [64, 1024, 32768, 16, 1024, 16]
SK_cost: [11616665890.08, [113703.06333333332, 3619937, 231526076, 254881, 230853308, 3153192289]] [4282203852.0, [50991.0, 1333359, 85328280, 86895, 85328280, 1133251695]] [313909640.0, [3263.333333333285, 104010, 6246800, 13130, 6246800, 49664010]] [5700055472.0, [55755.33333333302, 1782996, 113701904, 38684, 113701904, 1748508692]] [555722068.8, [5426.799999999999, 174086, 11083800, 4918, 11083800, 173727750]] [307967203822.8014, [3553845.675000043, 95907291, 6138011769, 5340891, 6138011769, 84524746203]] [10831204348.0, [105784.00000000015, 3377951, 215889248, 256519, 214218080, 2907106335]]
Model_cost: [10120417972.720001, [309.9033333333333, 3193953, 204263100, 3190369, 49399997, 771938]] [4262756076.0, [3786.0, 1333359, 85328280, 86895, 77870232, 1216827]] [313597575.0, [12.65625, 104010, 6246800, 13130, 6246800, 24577610]] [5304404734.0, [1270.8125, 1680596, 106001424, 38684, 103508112, 7311363238]] [433997736.0, [51.0, 136502, 8678424, 21046, 7767768, 121433]] [307624318042.8, [629.5500000000001, 95907291, 6138011769, 5340891, 6137123253, 95902119]] [1320508784.0, [47.875, 412383, 26354976, 43847, 25504800, 398559]]
Arch_Param: [64, 1024, 32768, 32, 256, 16]
SK_cost: [5846270016.0, [57034.58333333334, 7256228, 116083900, 128868, 115747516, 1578812769]] [4298202828.0, [50991.0, 5333103, 85328280, 86895, 85328280, 1133251695]] [315056600.0, [3263.333333333285, 390430, 6246800, 13150, 6246800, 49664010]] [5721352184.0, [55755.33333333302, 7106374, 113701904, 38734, 113701904, 1748508692]] [529522414.4, [5148.4, 657926, 10522648, 4126, 10522648, 166555654]] [309118080190.8014, [3553845.675000043, 383626383, 6138011769, 5340891, 6138011769, 84524746203]] [10651635322.461538, [103467.69230769238, 13222006, 211505504, 228958, 210948448, 2885632031]]
Model_cost: [5144465678.0, [172.70833333333331, 6404260, 102452412, 1598692, 49399997, 784226]] [4278755052.0, [3786.0, 5333103, 85328280, 86895, 77870232, 4866975]] [314744520.0, [12.5, 390430, 6246800, 13150, 6246800, 390410]] [5324226871.0, [1270.65625, 6635334, 106001424, 38734, 103508112, 7287180892]] [409244809.6, [35.35, 509030, 8140312, 9118, 7943384, 1882265]] [308775194410.8, [629.5500000000001, 383626383, 6138011769, 5340891, 6137123253, 383579631]] [1298505559.6923077, [44.66346153846154, 1613302, 25807008, 34206, 25561248, 1779423]]
Arch_Param: [64, 1024, 32768, 32, 512, 16]
SK_cost: [5831758452.0, [57034.58333333334, 3628385, 116083900, 128865, 115747516, 1578812769]] [4287536844.0, [50991.0, 2666607, 85328280, 86895, 85328280, 1133251695]] [314275120.0, [3263.333333333285, 195220, 6246800, 13140, 6246800, 49664010]] [5707137536.0, [55755.33333333302, 3553192, 113701904, 38704, 113701904, 1748508692]] [528207598.4, [5148.4, 329222, 10522648, 4126, 10522648, 166555654]] [308350829278.8014, [3553845.675000043, 191813655, 6138011769, 5340891, 6138011769, 84524746203]] [10625187534.461538, [103467.69230769238, 6611003, 211505504, 228899, 210948448, 2885632031]]
Model_cost: [5131658050.0, [172.70833333333331, 3202401, 102452412, 1598689, 49399997, 776034]] [4268089068.0, [3786.0, 2666607, 85328280, 86895, 77870232, 2433543]] [313963040.0, [12.5, 195220, 6246800, 13140, 6246800, 195210]] [5310995263.0, [1270.65625, 3327912, 106001424, 38704, 103508112, 7286982456]] [408227785.6, [35.35, 254774, 8140312, 9118, 7943384, 1644697]] [308007943498.8, [629.5500000000001, 191813655, 6138011769, 5340891, 6137123253, 191794623]] [1295275179.6923077, [44.66346153846154, 806651, 25807008, 34147, 25561248, 990431]]
Arch_Param: [64, 1024, 32768, 32, 1024, 16]
SK_cost: [5824505972.0, [57034.58333333334, 1815265, 116083900, 128865, 115747516, 1578812769]] [4282203852.0, [50991.0, 1333359, 85328280, 86895, 85328280, 1133251695]] [313909640.0, [3263.333333333285, 104010, 6246800, 13130, 6246800, 49664010]] [5700055472.0, [55755.33333333302, 1782996, 113701904, 38684, 113701904, 1748508692]] [527550190.4, [5148.4, 164870, 10522648, 4126, 10522648, 166555654]] [307967203822.8014, [3553845.675000043, 95907291, 6138011769, 5340891, 6138011769, 84524746203]] [10611970910.461538, [103467.69230769238, 3307295, 211505504, 228871, 210948448, 2885632031]]
Model_cost: [5125257538.0, [172.70833333333331, 1602273, 102452412, 1598689, 49399997, 771938]] [4262756076.0, [3786.0, 1333359, 85328280, 86895, 77870232, 1216827]] [313597575.0, [12.65625, 104010, 6246800, 13130, 6246800, 24577610]] [5304404734.0, [1270.8125, 1680596, 106001424, 38684, 103508112, 7311363238]] [407564688.0, [35.75, 127646, 8140312, 12190, 7767768, 121433]] [307624318042.8, [629.5500000000001, 95907291, 6138011769, 5340891, 6137123253, 95902119]] [1293605480.0, [45.125, 403551, 25807008, 35015, 25504800, 398559]]
Arch_Param: [64, 1024, 16384, 4, 256, 16]
SK_cost: [38189498798.48649, [760265.0675675676, 47352356, 757567868, 845252, 754875068, 10286781793]] [4303087308.0, [101871.0, 5333103, 85328280, 86895, 85328280, 1133251695]] [315368920.0, [6516.66666666657, 390430, 6246800, 13150, 6246800, 49664010]] [5726719160.0, [111661.33333333023, 7106374, 113701904, 38734, 113701904, 1748508692]] [2233309320.0, [43782.0, 2772998, 44335128, 19654, 44335128, 694910982]] [309459234111.60394, [7107532.350000086, 383626383, 6138011769, 5340891, 6138011769, 84524746203]] [14051853848.0, [281557.3333333333, 17442934, 278760800, 474718, 272076128, 3496506399]]
Model_cost: [33045700373.35135, [1890.1182432432433, 41814564, 668963196, 10456676, 49399997, 784226]] [4279107852.0, [7461.0, 5333103, 85328280, 86895, 77870232, 4866975]] [314744760.0, [15.0, 390430, 6246800, 13150, 6246800, 390410]] [5324345974.0, [2511.3125, 6635334, 106001424, 38734, 103508112, 7287180892]] [1727042152.0, [359.0, 2171654, 34713624, 521414, 9348312, 296601]] [308775239583.5999, [1100.1000000000001, 383626383, 6138011769, 5340891, 6137123253, 383579631]] [1646422832.0, [132.25, 2054902, 32837664, 157342, 25956384, 1548639]]
Arch_Param: [64, 1024, 16384, 4, 512, 16]
SK_cost: [38094794978.48649, [760265.0675675676, 23676449, 757567868, 845249, 754875068, 10286781793]] [4292421324.0, [101871.0, 2666607, 85328280, 86895, 85328280, 1133251695]] [314587440.0, [6516.66666666657, 195220, 6246800, 13140, 6246800, 49664010]] [5712504512.0, [111661.33333333023, 3553192, 113701904, 38704, 113701904, 1748508692]] [2227771528.0, [43782.0, 1388550, 44335128, 19654, 44335128, 694910982]] [308691983199.60394, [7107532.350000086, 191813655, 6138011769, 5340891, 6138011769, 84524746203]] [14016964204.0, [281557.3333333333, 8721467, 278760800, 474659, 272076128, 3496506399]]
Model_cost: [32962072137.35135, [1890.1182432432433, 20907553, 668963196, 10456673, 49399997, 776034]] [4268441868.0, [7461.0, 2666607, 85328280, 86895, 77870232, 2433543]] [313963280.0, [15.0, 195220, 6246800, 13140, 6246800, 195210]] [5311114366.0, [2511.3125, 3327912, 106001424, 38704, 103508112, 7286982456]] [1722691688.0, [359.0, 1087878, 34713624, 570566, 7767768, 121433]] [308007988671.5999, [1100.1000000000001, 191813655, 6138011769, 5340891, 6137123253, 191794623]] [1642208900.0, [132.25, 1027451, 32837664, 169827, 25504800, 772575]]
Arch_Param: [64, 1024, 16384, 4, 1024, 16]
SK_cost: [38047468002.48649, [760265.0675675676, 11844705, 757567868, 845249, 754875068, 10286781793]] [4287088332.0, [101871.0, 1333359, 85328280, 86895, 85328280, 1133251695]] [314221960.0, [6516.66666666657, 104010, 6246800, 13130, 6246800, 49664010]] [5705422448.0, [111661.33333333023, 1782996, 113701904, 38684, 113701904, 1748508692]] [2225002632.0, [43782.0, 696326, 44335128, 19654, 44335128, 694910982]] [308308357743.60394, [7107532.350000086, 95907291, 6138011769, 5340891, 6138011769, 84524746203]] [13999569660.0, [281557.3333333333, 4373279, 278760800, 474631, 272076128, 3496506399]]
Model_cost: [32920282953.35135, [1890.1182432432433, 10460257, 668963196, 10456673, 49399997, 771938]] [4263108876.0, [7461.0, 1333359, 85328280, 86895, 77870232, 1216827]] [313597830.0, [15.3125, 104010, 6246800, 13130, 6246800, 24577610]] [5304523852.0, [2511.625, 1680596, 106001424, 38684, 103508112, 7311363238]] [1718951272.0, [359.0, 545990, 34713624, 545990, 7767768, 121433]] [307624363215.5999, [1100.1000000000001, 95907291, 6138011769, 5340891, 6137123253, 95902119]] [1639757076.0, [132.25, 515295, 32837664, 163527, 25504800, 398559]]
Arch_Param: [64, 1024, 16384, 8, 256, 16]
SK_cost: [20508852419.243244, [407585.2837837838, 25429668, 406835900, 451588, 405490364, 5530723681]] [4303087308.0, [101871.0, 5333103, 85328280, 86895, 85328280, 1133251695]] [315368920.0, [6516.66666666657, 390430, 6246800, 13150, 6246800, 49664010]] [5726719160.0, [111661.33333333023, 7106374, 113701904, 38734, 113701904, 1748508692]] [1116655752.0, [21894.0, 1386502, 22167576, 9830, 22167576, 347455494]] [309459234111.60394, [7107532.350000086, 383626383, 6138011769, 5340891, 6138011769, 84524746203]] [11938651672.0, [236309.33333333334, 14813302, 236846432, 329310, 233504096, 3103573023]]
Model_cost: [17785882397.675674, [1020.8716216216217, 22447780, 359125692, 5611876, 49399997, 784226]] [4279107852.0, [7461.0, 5333103, 85328280, 86895, 77870232, 4866975]] [314744760.0, [15.0, 390430, 6246800, 13150, 6246800, 390410]] [5324345974.0, [2511.3125, 6635334, 106001424, 38734, 103508112, 7287180892]] [871264872.0, [183.0, 1085830, 17356824, 260710, 8545496, 296601]] [308775239583.5999, [1100.1000000000001, 383626383, 6138011769, 5340891, 6137123253, 383579631]] [1433242128.0, [97.25, 1783542, 28515872, 91806, 25730592, 1548639]]
Arch_Param: [64, 1024, 16384, 8, 512, 16]
SK_cost: [20457993975.243244, [407585.2837837838, 12715105, 406835900, 451585, 405490364, 5530723681]] [4292421324.0, [101871.0, 2666607, 85328280, 86895, 85328280, 1133251695]] [314587440.0, [6516.66666666657, 195220, 6246800, 13140, 6246800, 49664010]] [5712504512.0, [111661.33333333023, 3553192, 113701904, 38704, 113701904, 1748508692]] [1113886856.0, [21894.0, 694278, 22167576, 9830, 22167576, 347455494]] [308691983199.60394, [7107532.350000086, 191813655, 6138011769, 5340891, 6138011769, 84524746203]] [11909021292.0, [236309.33333333334, 7406651, 236846432, 329251, 233504096, 3103573023]]
Model_cost: [17740987729.675674, [1020.8716216216217, 11224161, 359125692, 5611873, 49399997, 776034]] [4268441868.0, [7461.0, 2666607, 85328280, 86895, 77870232, 2433543]] [313963280.0, [15.0, 195220, 6246800, 13140, 6246800, 195210]] [5311114366.0, [2511.3125, 3327912, 106001424, 38704, 103508112, 7286982456]] [869097320.0, [183.0, 543942, 17356824, 260710, 8545496, 296601]] [308007988671.5999, [1100.1000000000001, 191813655, 6138011769, 5340891, 6137123253, 191794623]] [1429629284.0, [97.25, 891771, 28515872, 98147, 25504800, 772575]]
Arch_Param: [64, 1024, 16384, 8, 1024, 16]
SK_cost: [20432577271.243244, [407585.2837837838, 6360929, 406835900, 451585, 405490364, 5530723681]] [4287088332.0, [101871.0, 1333359, 85328280, 86895, 85328280, 1133251695]] [314221960.0, [6516.66666666657, 104010, 6246800, 13130, 6246800, 49664010]] [5705422448.0, [111661.33333333023, 1782996, 113701904, 38684, 113701904, 1748508692]] [1112502408.0, [21894.0, 348166, 22167576, 9830, 22167576, 347455494]] [308308357743.60394, [7107532.350000086, 95907291, 6138011769, 5340891, 6138011769, 84524746203]] [11894231804.0, [236309.33333333334, 3709727, 236846432, 329223, 233504096, 3103573023]]
Model_cost: [17718552913.675674, [1020.8716216216217, 5615457, 359125692, 5611873, 49399997, 771938]] [4263108876.0, [7461.0, 1333359, 85328280, 86895, 77870232, 1216827]] [313597830.0, [15.3125, 104010, 6246800, 13130, 6246800, 24577610]] [5304523852.0, [2511.625, 1680596, 106001424, 38684, 103508112, 7311363238]] [867244520.0, [183.0, 272998, 17356824, 272998, 7767768, 121433]] [307624363215.5999, [1100.1000000000001, 95907291, 6138011769, 5340891, 6137123253, 95902119]] [1427642356.0, [97.25, 446687, 28515872, 94919, 25504800, 398559]]
Arch_Param: [64, 1024, 16384, 16, 256, 16]
SK_cost: [11671367072.64865, [231342.25675675675, 14471844, 231526076, 254884, 230853308, 3153192289]] [4303087308.0, [101871.0, 5333103, 85328280, 86895, 85328280, 1133251695]] [315368920.0, [6516.66666666657, 390430, 6246800, 13150, 6246800, 49664010]] [5726719160.0, [111661.33333333023, 7106374, 113701904, 38734, 113701904, 1748508692]] [558328968.0, [10950.0, 693254, 11083800, 4918, 11083800, 173727750]] [309459234111.60394, [7107532.350000086, 383626383, 6138011769, 5340891, 6138011769, 84524746203]] [10882050584.0, [213685.3333333333, 13498486, 215889248, 256606, 214218080, 2907106335]]
Model_cost: [10158740569.135136, [586.8243243243244, 12767908, 204263100, 3190372, 49399997, 784226]] [4279107852.0, [7461.0, 5333103, 85328280, 86895, 77870232, 4866975]] [314744760.0, [15.0, 390430, 6246800, 13150, 6246800, 390410]] [5324345974.0, [2511.3125, 6635334, 106001424, 38734, 103508112, 7287180892]] [435987048.0, [95.0, 542918, 8678424, 14902, 8144088, 652953]] [308775239583.5999, [1100.1000000000001, 383626383, 6138011769, 5340891, 6137123253, 383579631]] [1325578624.0, [79.75, 1647862, 26354976, 42270, 25617696, 1610079]]
Arch_Param: [64, 1024, 16384, 16, 512, 16]
SK_cost: [11642424276.64865, [231342.25675675675, 7236193, 231526076, 254881, 230853308, 3153192289]] [4292421324.0, [101871.0, 2666607, 85328280, 86895, 85328280, 1133251695]] [314587440.0, [6516.66666666657, 195220, 6246800, 13140, 6246800, 49664010]] [5712504512.0, [111661.33333333023, 3553192, 113701904, 38704, 113701904, 1748508692]] [556944520.0, [10950.0, 347142, 11083800, 4918, 11083800, 173727750]] [308691983199.60394, [7107532.350000086, 191813655, 6138011769, 5340891, 6138011769, 84524746203]] [10855049836.0, [213685.3333333333, 6749243, 215889248, 256547, 214218080, 2907106335]]
Model_cost: [10133205645.135136, [586.8243243243244, 6384225, 204263100, 3190369, 49399997, 776034]] [4268441868.0, [7461.0, 2666607, 85328280, 86895, 77870232, 2433543]] [313963280.0, [15.0, 195220, 6246800, 13140, 6246800, 195210]] [5311114366.0, [2511.3125, 3327912, 106001424, 38704, 103508112, 7286982456]] [434903272.0, [95.0, 271974, 8678424, 14902, 8144088, 415385]] [308007988671.5999, [1100.1000000000001, 191813655, 6138011769, 5340891, 6137123253, 191794623]] [1322266324.0, [79.75, 823931, 26354976, 45539, 25504800, 793055]]
Arch_Param: [64, 1024, 16384, 16, 1024, 16]
SK_cost: [11627959252.64865, [231342.25675675675, 3619937, 231526076, 254881, 230853308, 3153192289]] [4287088332.0, [101871.0, 1333359, 85328280, 86895, 85328280, 1133251695]] [314221960.0, [6516.66666666657, 104010, 6246800, 13130, 6246800, 49664010]] [5705422448.0, [111661.33333333023, 1782996, 113701904, 38684, 113701904, 1748508692]] [556252296.0, [10950.0, 174086, 11083800, 4918, 11083800, 173727750]] [308308357743.60394, [7107532.350000086, 95907291, 6138011769, 5340891, 6138011769, 84524746203]] [10841562876.0, [213685.3333333333, 3377951, 215889248, 256519, 214218080, 2907106335]]
Model_cost: [10120444557.135136, [586.8243243243244, 3193953, 204263100, 3190369, 49399997, 771938]] [4263108876.0, [7461.0, 1333359, 85328280, 86895, 77870232, 1216827]] [313597830.0, [15.3125, 104010, 6246800, 13130, 6246800, 24577610]] [5304523852.0, [2511.625, 1680596, 106001424, 38684, 103508112, 7311363238]] [434001960.0, [95.0, 136502, 8678424, 21046, 7767768, 121433]] [307624363215.5999, [1100.1000000000001, 95907291, 6138011769, 5340891, 6137123253, 95902119]] [1320511844.0, [79.75, 412383, 26354976, 43847, 25504800, 398559]]
Arch_Param: [64, 1024, 16384, 32, 256, 16]
SK_cost: [5851938831.351351, [116084.74324324324, 7256228, 116083900, 128868, 115747516, 1578812769]] [4303087308.0, [101871.0, 5333103, 85328280, 86895, 85328280, 1133251695]] [315368920.0, [6516.66666666657, 390430, 6246800, 13150, 6246800, 49664010]] [5726719160.0, [111661.33333333023, 7106374, 113701904, 38734, 113701904, 1748508692]] [530021000.0, [10342.0, 657926, 10522648, 4126, 10522648, 166555654]] [309459234111.60394, [7107532.350000086, 383626383, 6138011769, 5340891, 6138011769, 84524746203]] [10661669400.0, [207989.33333333334, 13222006, 211505504, 228958, 210948448, 2885632031]]
Model_cost: [5144479090.864864, [312.4256756756757, 6404260, 102452412, 1598692, 49399997, 784226]] [4279107852.0, [7461.0, 5333103, 85328280, 86895, 77870232, 4866975]] [314744760.0, [15.0, 390430, 6246800, 13150, 6246800, 390410]] [5324345974.0, [2511.3125, 6635334, 106001424, 38734, 103508112, 7287180892]] [409247704.0, [65.5, 509030, 8140312, 9118, 7943384, 1882265]] [308775239583.5999, [1100.1000000000001, 383626383, 6138011769, 5340891, 6137123253, 383579631]] [1298508320.0, [73.41666666666667, 1613302, 25807008, 34206, 25561248, 1779423]]
Arch_Param: [64, 1024, 16384, 32, 512, 16]
SK_cost: [5837427267.351351, [116084.74324324324, 3628385, 116083900, 128865, 115747516, 1578812769]] [4292421324.0, [101871.0, 2666607, 85328280, 86895, 85328280, 1133251695]] [314587440.0, [6516.66666666657, 195220, 6246800, 13140, 6246800, 49664010]] [5712504512.0, [111661.33333333023, 3553192, 113701904, 38704, 113701904, 1748508692]] [528706184.0, [10342.0, 329222, 10522648, 4126, 10522648, 166555654]] [308691983199.60394, [7107532.350000086, 191813655, 6138011769, 5340891, 6138011769, 84524746203]] [10635221612.0, [207989.33333333334, 6611003, 211505504, 228899, 210948448, 2885632031]]
Model_cost: [5131671462.864864, [312.4256756756757, 3202401, 102452412, 1598689, 49399997, 776034]] [4268441868.0, [7461.0, 2666607, 85328280, 86895, 77870232, 2433543]] [313963280.0, [15.0, 195220, 6246800, 13140, 6246800, 195210]] [5311114366.0, [2511.3125, 3327912, 106001424, 38704, 103508112, 7286982456]] [408230680.0, [65.5, 254774, 8140312, 9118, 7943384, 1644697]] [308007988671.5999, [1100.1000000000001, 191813655, 6138011769, 5340891, 6137123253, 191794623]] [1295277940.0, [73.41666666666667, 806651, 25807008, 34147, 25561248, 990431]]
Arch_Param: [64, 1024, 16384, 32, 1024, 16]
SK_cost: [5830174787.351351, [116084.74324324324, 1815265, 116083900, 128865, 115747516, 1578812769]] [4287088332.0, [101871.0, 1333359, 85328280, 86895, 85328280, 1133251695]] [314221960.0, [6516.66666666657, 104010, 6246800, 13130, 6246800, 49664010]] [5705422448.0, [111661.33333333023, 1782996, 113701904, 38684, 113701904, 1748508692]] [528048776.0, [10342.0, 164870, 10522648, 4126, 10522648, 166555654]] [308308357743.60394, [7107532.350000086, 95907291, 6138011769, 5340891, 6138011769, 84524746203]] [10622004988.0, [207989.33333333334, 3307295, 211505504, 228871, 210948448, 2885632031]]
Model_cost: [5125270950.864864, [312.4256756756757, 1602273, 102452412, 1598689, 49399997, 771938]] [4263108876.0, [7461.0, 1333359, 85328280, 86895, 77870232, 1216827]] [313597830.0, [15.3125, 104010, 6246800, 13130, 6246800, 24577610]] [5304523852.0, [2511.625, 1680596, 106001424, 38684, 103508112, 7311363238]] [407567544.0, [65.5, 127646, 8140312, 12190, 7767768, 121433]] [307624363215.5999, [1100.1000000000001, 95907291, 6138011769, 5340891, 6137123253, 95902119]] [1293608276.0, [74.25, 403551, 25807008, 35015, 25504800, 398559]]
Arch_Param: [64, 1024, 8192, 4, 256, 16]
SK_cost: [38262482866.666664, [1520515.7777777778, 47352356, 757567868, 845252, 754875068, 10286781793]] [4312856268.0, [203631.0, 5333103, 85328280, 86895, 85328280, 1133251695]] [316003800.0, [13130.0, 390430, 6246800, 13150, 6246800, 49664010]] [5737457208.0, [223516.0, 7106374, 113701904, 38734, 113701904, 1748508692]] [2237511816.0, [87558.0, 2772998, 44335128, 19654, 44335128, 694910982]] [310141549326.0, [14214982.5, 383626383, 6138011769, 5340891, 6138011769, 84524746203]] [14078881816.0, [563098.6666666666, 17442934, 278760800, 474718, 272076128, 3496506399]]
Model_cost: [33045878684.666668, [3747.527777777778, 41814564, 668963196, 10456676, 49399997, 784226]] [4279813452.0, [14811.0, 5333103, 85328280, 86895, 77870232, 4866975]] [314745240.0, [20.0, 390430, 6246800, 13150, 6246800, 390410]] [5324585140.0, [5002.625, 6635334, 106001424, 38734, 103508112, 7287180892]] [1727075944.0, [711.0, 2171654, 34713624, 521414, 9348312, 296601]] [308775337302.0, [2118.0, 383626383, 6138011769, 5340891, 6137123253, 383579631]] [1646433896.0, [247.5, 2054902, 32837664, 157342, 25956384, 1548639]]
Arch_Param: [64, 1024, 8192, 4, 512, 16]
SK_cost: [38167779046.666664, [1520515.7777777778, 23676449, 757567868, 845249, 754875068, 10286781793]] [4302190284.0, [203631.0, 2666607, 85328280, 86895, 85328280, 1133251695]] [315222320.0, [13130.0, 195220, 6246800, 13140, 6246800, 49664010]] [5723242560.0, [223516.0, 3553192, 113701904, 38704, 113701904, 1748508692]] [2231974024.0, [87558.0, 1388550, 44335128, 19654, 44335128, 694910982]] [309374298414.0, [14214982.5, 191813655, 6138011769, 5340891, 6138011769, 84524746203]] [14043992172.0, [563098.6666666666, 8721467, 278760800, 474659, 272076128, 3496506399]]
Model_cost: [32962250448.666668, [3747.527777777778, 20907553, 668963196, 10456673, 49399997, 776034]] [4269147468.0, [14811.0, 2666607, 85328280, 86895, 77870232, 2433543]] [313963760.0, [20.0, 195220, 6246800, 13140, 6246800, 195210]] [5311353532.0, [5002.625, 3327912, 106001424, 38704, 103508112, 7286982456]] [1722725480.0, [711.0, 1087878, 34713624, 570566, 7767768, 121433]] [308008086390.0, [2118.0, 191813655, 6138011769, 5340891, 6137123253, 191794623]] [1642219964.0, [247.5, 1027451, 32837664, 169827, 25504800, 772575]]
Arch_Param: [64, 1024, 8192, 4, 1024, 16]
SK_cost: [38120452070.666664, [1520515.7777777778, 11844705, 757567868, 845249, 754875068, 10286781793]] [4296857292.0, [203631.0, 1333359, 85328280, 86895, 85328280, 1133251695]] [314856840.0, [13130.0, 104010, 6246800, 13130, 6246800, 49664010]] [5716160496.0, [223516.0, 1782996, 113701904, 38684, 113701904, 1748508692]] [2229205128.0, [87558.0, 696326, 44335128, 19654, 44335128, 694910982]] [308990672958.0, [14214982.5, 95907291, 6138011769, 5340891, 6138011769, 84524746203]] [14026597628.0, [563098.6666666666, 4373279, 278760800, 474631, 272076128, 3496506399]]
Model_cost: [32920461264.666668, [3747.527777777778, 10460257, 668963196, 10456673, 49399997, 771938]] [4263814476.0, [14811.0, 1333359, 85328280, 86895, 77870232, 1216827]] [313598340.0, [20.625, 104010, 6246800, 13130, 6246800, 24577610]] [5304763048.0, [5003.25, 1680596, 106001424, 38684, 103508112, 7311363238]] [1718985064.0, [711.0, 545990, 34713624, 545990, 7767768, 121433]] [307624460934.0, [2118.0, 95907291, 6138011769, 5340891, 6137123253, 95902119]] [1639768140.0, [247.5, 515295, 32837664, 163527, 25504800, 398559]]
Arch_Param: [64, 1024, 8192, 8, 256, 16]
SK_cost: [20547978333.333332, [815146.8888888889, 25429668, 406835900, 451588, 405490364, 5530723681]] [4312856268.0, [203631.0, 5333103, 85328280, 86895, 85328280, 1133251695]] [316003800.0, [13130.0, 390430, 6246800, 13150, 6246800, 49664010]] [5737457208.0, [223516.0, 7106374, 113701904, 38734, 113701904, 1748508692]] [1118757000.0, [43782.0, 1386502, 22167576, 9830, 22167576, 347455494]] [310141549326.0, [14214982.5, 383626383, 6138011769, 5340891, 6138011769, 84524746203]] [11961335832.0, [472602.6666666667, 14813302, 236846432, 329310, 233504096, 3103573023]]
Model_cost: [17785977247.333336, [2008.888888888889, 22447780, 359125692, 5611876, 49399997, 784226]] [4279813452.0, [14811.0, 5333103, 85328280, 86895, 77870232, 4866975]] [314745240.0, [20.0, 390430, 6246800, 13150, 6246800, 390410]] [5324585140.0, [5002.625, 6635334, 106001424, 38734, 103508112, 7287180892]] [871281768.0, [359.0, 1085830, 17356824, 260710, 8545496, 296601]] [308775337302.0, [2118.0, 383626383, 6138011769, 5340891, 6137123253, 383579631]] [1433249928.0, [178.5, 1783542, 28515872, 91806, 25730592, 1548639]]
Arch_Param: [64, 1024, 8192, 8, 512, 16]
SK_cost: [20497119889.333332, [815146.8888888889, 12715105, 406835900, 451585, 405490364, 5530723681]] [4302190284.0, [203631.0, 2666607, 85328280, 86895, 85328280, 1133251695]] [315222320.0, [13130.0, 195220, 6246800, 13140, 6246800, 49664010]] [5723242560.0, [223516.0, 3553192, 113701904, 38704, 113701904, 1748508692]] [1115988104.0, [43782.0, 694278, 22167576, 9830, 22167576, 347455494]] [309374298414.0, [14214982.5, 191813655, 6138011769, 5340891, 6138011769, 84524746203]] [11931705452.0, [472602.6666666667, 7406651, 236846432, 329251, 233504096, 3103573023]]
Model_cost: [17741082579.333336, [2008.888888888889, 11224161, 359125692, 5611873, 49399997, 776034]] [4269147468.0, [14811.0, 2666607, 85328280, 86895, 77870232, 2433543]] [313963760.0, [20.0, 195220, 6246800, 13140, 6246800, 195210]] [5311353532.0, [5002.625, 3327912, 106001424, 38704, 103508112, 7286982456]] [869114216.0, [359.0, 543942, 17356824, 260710, 8545496, 296601]] [308008086390.0, [2118.0, 191813655, 6138011769, 5340891, 6137123253, 191794623]] [1429637084.0, [178.5, 891771, 28515872, 98147, 25504800, 772575]]
Arch_Param: [64, 1024, 8192, 8, 1024, 16]
SK_cost: [20471703185.333332, [815146.8888888889, 6360929, 406835900, 451585, 405490364, 5530723681]] [4296857292.0, [203631.0, 1333359, 85328280, 86895, 85328280, 1133251695]] [314856840.0, [13130.0, 104010, 6246800, 13130, 6246800, 49664010]] [5716160496.0, [223516.0, 1782996, 113701904, 38684, 113701904, 1748508692]] [1114603656.0, [43782.0, 348166, 22167576, 9830, 22167576, 347455494]] [308990672958.0, [14214982.5, 95907291, 6138011769, 5340891, 6138011769, 84524746203]] [11916915964.0, [472602.6666666667, 3709727, 236846432, 329223, 233504096, 3103573023]]
Model_cost: [17718647763.333336, [2008.888888888889, 5615457, 359125692, 5611873, 49399997, 771938]] [4263814476.0, [14811.0, 1333359, 85328280, 86895, 77870232, 1216827]] [313598340.0, [20.625, 104010, 6246800, 13130, 6246800, 24577610]] [5304763048.0, [5003.25, 1680596, 106001424, 38684, 103508112, 7311363238]] [867261416.0, [359.0, 272998, 17356824, 272998, 7767768, 121433]] [307624460934.0, [2118.0, 95907291, 6138011769, 5340891, 6137123253, 95902119]] [1427650156.0, [178.5, 446687, 28515872, 94919, 25504800, 398559]]
Arch_Param: [64, 1024, 8192, 16, 256, 16]
SK_cost: [11693573213.333334, [462656.22222222225, 14471844, 231526076, 254884, 230853308, 3153192289]] [4312856268.0, [203631.0, 5333103, 85328280, 86895, 85328280, 1133251695]] [316003800.0, [13130.0, 390430, 6246800, 13150, 6246800, 49664010]] [5737457208.0, [223516.0, 7106374, 113701904, 38734, 113701904, 1748508692]] [559379592.0, [21894.0, 693254, 11083800, 4918, 11083800, 173727750]] [310141549326.0, [14214982.5, 383626383, 6138011769, 5340891, 6138011769, 84524746203]] [10902562840.0, [427354.6666666666, 13498486, 215889248, 256606, 214218080, 2907106335]]
Model_cost: [10158793743.333332, [1140.7222222222222, 12767908, 204263100, 3190372, 49399997, 784226]] [4279813452.0, [14811.0, 5333103, 85328280, 86895, 77870232, 4866975]] [314745240.0, [20.0, 390430, 6246800, 13150, 6246800, 390410]] [5324585140.0, [5002.625, 6635334, 106001424, 38734, 103508112, 7287180892]] [435995496.0, [183.0, 542918, 8678424, 14902, 8144088, 652953]] [308775337302.0, [2118.0, 383626383, 6138011769, 5340891, 6137123253, 383579631]] [1325584744.0, [143.5, 1647862, 26354976, 42270, 25617696, 1610079]]
Arch_Param: [64, 1024, 8192, 16, 512, 16]
SK_cost: [11664630417.333334, [462656.22222222225, 7236193, 231526076, 254881, 230853308, 3153192289]] [4302190284.0, [203631.0, 2666607, 85328280, 86895, 85328280, 1133251695]] [315222320.0, [13130.0, 195220, 6246800, 13140, 6246800, 49664010]] [5723242560.0, [223516.0, 3553192, 113701904, 38704, 113701904, 1748508692]] [557995144.0, [21894.0, 347142, 11083800, 4918, 11083800, 173727750]] [309374298414.0, [14214982.5, 191813655, 6138011769, 5340891, 6138011769, 84524746203]] [10875562092.0, [427354.6666666666, 6749243, 215889248, 256547, 214218080, 2907106335]]
Model_cost: [10133258819.333332, [1140.7222222222222, 6384225, 204263100, 3190369, 49399997, 776034]] [4269147468.0, [14811.0, 2666607, 85328280, 86895, 77870232, 2433543]] [313963760.0, [20.0, 195220, 6246800, 13140, 6246800, 195210]] [5311353532.0, [5002.625, 3327912, 106001424, 38704, 103508112, 7286982456]] [434911720.0, [183.0, 271974, 8678424, 14902, 8144088, 415385]] [308008086390.0, [2118.0, 191813655, 6138011769, 5340891, 6137123253, 191794623]] [1322272444.0, [143.5, 823931, 26354976, 45539, 25504800, 793055]]
Arch_Param: [64, 1024, 8192, 16, 1024, 16]
SK_cost: [11650165393.333334, [462656.22222222225, 3619937, 231526076, 254881, 230853308, 3153192289]] [4296857292.0, [203631.0, 1333359, 85328280, 86895, 85328280, 1133251695]] [314856840.0, [13130.0, 104010, 6246800, 13130, 6246800, 49664010]] [5716160496.0, [223516.0, 1782996, 113701904, 38684, 113701904, 1748508692]] [557302920.0, [21894.0, 174086, 11083800, 4918, 11083800, 173727750]] [308990672958.0, [14214982.5, 95907291, 6138011769, 5340891, 6138011769, 84524746203]] [10862075132.0, [427354.6666666666, 3377951, 215889248, 256519, 214218080, 2907106335]]
Model_cost: [10120497731.333332, [1140.7222222222222, 3193953, 204263100, 3190369, 49399997, 771938]] [4263814476.0, [14811.0, 1333359, 85328280, 86895, 77870232, 1216827]] [313598340.0, [20.625, 104010, 6246800, 13130, 6246800, 24577610]] [5304763048.0, [5003.25, 1680596, 106001424, 38684, 103508112, 7311363238]] [434010408.0, [183.0, 136502, 8678424, 21046, 7767768, 121433]] [307624460934.0, [2118.0, 95907291, 6138011769, 5340891, 6137123253, 95902119]] [1320517964.0, [143.5, 412383, 26354976, 43847, 25504800, 398559]]
Arch_Param: [64, 1024, 8192, 32, 256, 16]
SK_cost: [5863080029.333333, [232138.88888888888, 7256228, 116083900, 128868, 115747516, 1578812769]] [4312856268.0, [203631.0, 5333103, 85328280, 86895, 85328280, 1133251695]] [316003800.0, [13130.0, 390430, 6246800, 13150, 6246800, 49664010]] [5737457208.0, [223516.0, 7106374, 113701904, 38734, 113701904, 1748508692]] [531013256.0, [20678.0, 657926, 10522648, 4126, 10522648, 166555654]] [310141549326.0, [14214982.5, 383626383, 6138011769, 5340891, 6138011769, 84524746203]] [10681634840.0, [415962.6666666667, 13222006, 211505504, 228958, 210948448, 2885632031]]
Model_cost: [5144505919.333334, [591.8888888888889, 6404260, 102452412, 1598692, 49399997, 784226]] [4279813452.0, [14811.0, 5333103, 85328280, 86895, 77870232, 4866975]] [314745240.0, [20.0, 390430, 6246800, 13150, 6246800, 390410]] [5324585140.0, [5002.625, 6635334, 106001424, 38734, 103508112, 7287180892]] [409253320.0, [124.0, 509030, 8140312, 9118, 7943384, 652953]] [308775337302.0, [2118.0, 383626383, 6138011769, 5340891, 6137123253, 383579631]] [1298513832.0, [130.83333333333334, 1613302, 25807008, 34206, 25561248, 1779423]]
Arch_Param: [64, 1024, 8192, 32, 512, 16]
SK_cost: [5848568465.333333, [232138.88888888888, 3628385, 116083900, 128865, 115747516, 1578812769]] [4302190284.0, [203631.0, 2666607, 85328280, 86895, 85328280, 1133251695]] [315222320.0, [13130.0, 195220, 6246800, 13140, 6246800, 49664010]] [5723242560.0, [223516.0, 3553192, 113701904, 38704, 113701904, 1748508692]] [529698440.0, [20678.0, 329222, 10522648, 4126, 10522648, 166555654]] [309374298414.0, [14214982.5, 191813655, 6138011769, 5340891, 6138011769, 84524746203]] [10655187052.0, [415962.6666666667, 6611003, 211505504, 228899, 210948448, 2885632031]]
Model_cost: [5131698291.333334, [591.8888888888889, 3202401, 102452412, 1598689, 49399997, 776034]] [4269147468.0, [14811.0, 2666607, 85328280, 86895, 77870232, 2433543]] [313963760.0, [20.0, 195220, 6246800, 13140, 6246800, 195210]] [5311353532.0, [5002.625, 3327912, 106001424, 38704, 103508112, 7286982456]] [408236296.0, [124.0, 254774, 8140312, 9118, 7943384, 415385]] [308008086390.0, [2118.0, 191813655, 6138011769, 5340891, 6137123253, 191794623]] [1295283452.0, [130.83333333333334, 806651, 25807008, 34147, 25561248, 990431]]
Arch_Param: [64, 1024, 8192, 32, 1024, 16]
SK_cost: [5841315985.333333, [232138.88888888888, 1815265, 116083900, 128865, 115747516, 1578812769]] [4296857292.0, [203631.0, 1333359, 85328280, 86895, 85328280, 1133251695]] [314856840.0, [13130.0, 104010, 6246800, 13130, 6246800, 49664010]] [5716160496.0, [223516.0, 1782996, 113701904, 38684, 113701904, 1748508692]] [529041032.0, [20678.0, 164870, 10522648, 4126, 10522648, 166555654]] [308990672958.0, [14214982.5, 95907291, 6138011769, 5340891, 6138011769, 84524746203]] [10641970428.0, [415962.6666666667, 3307295, 211505504, 228871, 210948448, 2885632031]]
Model_cost: [5125297779.333334, [591.8888888888889, 1602273, 102452412, 1598689, 49399997, 771938]] [4263814476.0, [14811.0, 1333359, 85328280, 86895, 77870232, 1216827]] [313598340.0, [20.625, 104010, 6246800, 13130, 6246800, 24577610]] [5304763048.0, [5003.25, 1680596, 106001424, 38684, 103508112, 7311363238]] [407573160.0, [124.0, 127646, 8140312, 12190, 7767768, 121433]] [307624460934.0, [2118.0, 95907291, 6138011769, 5340891, 6137123253, 95902119]] [1293613772.0, [131.5, 403551, 25807008, 35015, 25504800, 398559]]
Arch_Param: [64, 1024, 4096, 4, 256, 16]
SK_cost: [38403970237.333336, [2994342.5555555555, 47352356, 757567868, 845252, 754875068, 10286781793]] [4325316300.0, [333423.0, 5333103, 85328280, 86895, 85328280, 1133251695]] [317263320, [26250, 390430, 6246800, 13150, 6246800, 49664010]] [5758863672, [446500, 7106374, 113701904, 38734, 113701904, 1748508692]] [2245916808, [175110, 2772998, 44335128, 19654, 44335128, 694910982]] [311078697438.0, [23976942.0, 383626383, 6138011769, 5340891, 6138011769, 84524746203]] [14131823640.0, [1114576.0, 17442934, 278760800, 474718, 272076128, 3496506399]]
Model_cost: [33046235226.0, [7461.5, 41814564, 668963196, 10456676, 49399997, 784226]] [4281224652.0, [29511.0, 5333103, 85328280, 86895, 77870232, 4866975]] [314746200.0, [30.0, 390430, 6246800, 13150, 6246800, 390410]] [5325062512.0, [9975.25, 6635334, 106001424, 38734, 103508112, 7287180892]] [1727143624.0, [1416.0, 2171654, 34713624, 521414, 9348312, 472217]] [308775525366.0, [4077.0, 383626383, 6138011769, 5340891, 6137123253, 383579631]] [1646456024.0, [478.0, 2054902, 32837664, 157342, 25956384, 1548639]]
Arch_Param: [64, 1024, 4096, 4, 512, 16]
SK_cost: [38309266417.333336, [2994342.5555555555, 23676449, 757567868, 845249, 754875068, 10286781793]] [4314650316.0, [333423.0, 2666607, 85328280, 86895, 85328280, 1133251695]] [316481840, [26250, 195220, 6246800, 13140, 6246800, 49664010]] [5744649024, [446500, 3553192, 113701904, 38704, 113701904, 1748508692]] [2240379016, [175110, 1388550, 44335128, 19654, 44335128, 694910982]] [310311446526.0, [23976942.0, 191813655, 6138011769, 5340891, 6138011769, 84524746203]] [14096933996.0, [1114576.0, 8721467, 278760800, 474659, 272076128, 3496506399]]
Model_cost: [32962606990.0, [7461.5, 20907553, 668963196, 10456673, 49399997, 776034]] [4270558668.0, [29511.0, 2666607, 85328280, 86895, 77870232, 2433543]] [313964720.0, [30.0, 195220, 6246800, 13140, 6246800, 195210]] [5311830904.0, [9975.25, 3327912, 106001424, 38704, 103508112, 7286982456]] [1722793160.0, [1416.0, 1087878, 34713624, 570566, 7767768, 121433]] [308008274454.0, [4077.0, 191813655, 6138011769, 5340891, 6137123253, 191794623]] [1642242092.0, [478.0, 1027451, 32837664, 169827, 25504800, 772575]]
Arch_Param: [64, 1024, 4096, 4, 1024, 16]
SK_cost: [38261939441.333336, [2994342.5555555555, 11844705, 757567868, 845249, 754875068, 10286781793]] [4309317324.0, [333423.0, 1333359, 85328280, 86895, 85328280, 1133251695]] [316116360, [26250, 104010, 6246800, 13130, 6246800, 49664010]] [5737566960, [446500, 1782996, 113701904, 38684, 113701904, 1748508692]] [2237610120, [175110, 696326, 44335128, 19654, 44335128, 694910982]] [309927821070.0, [23976942.0, 95907291, 6138011769, 5340891, 6138011769, 84524746203]] [14079539452.0, [1114576.0, 4373279, 278760800, 474631, 272076128, 3496506399]]
Model_cost: [32920817806.0, [7461.5, 10460257, 668963196, 10456673, 49399997, 771938]] [4265225676.0, [29511.0, 1333359, 85328280, 86895, 77870232, 1216827]] [313599360.0, [31.25, 104010, 6246800, 13130, 6246800, 24577610]] [5305240480.0, [9976.5, 1680596, 106001424, 38684, 103508112, 7311363238]] [1719052744.0, [1416.0, 545990, 34713624, 545990, 7767768, 121433]] [307624648998.0, [4077.0, 95907291, 6138011769, 5340891, 6137123253, 95902119]] [1639790268.0, [478.0, 515295, 32837664, 163527, 25504800, 398559]]
Arch_Param: [64, 1024, 4096, 8, 256, 16]
SK_cost: [20623980562.666668, [1606836.7777777778, 25429668, 406835900, 451588, 405490364, 5530723681]] [4325316300.0, [333423.0, 5333103, 85328280, 86895, 85328280, 1133251695]] [317263320, [26250, 390430, 6246800, 13150, 6246800, 49664010]] [5758863672, [446500, 7106374, 113701904, 38734, 113701904, 1748508692]] [1122959496, [87558, 1386502, 22167576, 9830, 22167576, 347455494]] [311078697438.0, [23976942.0, 383626383, 6138011769, 5340891, 6138011769, 84524746203]] [12006081560.0, [938704.0, 14813302, 236846432, 329310, 233504096, 3103573023]]
Model_cost: [17786166932.666664, [3984.777777777778, 22447780, 359125692, 5611876, 49399997, 784226]] [4281224652.0, [29511.0, 5333103, 85328280, 86895, 77870232, 4866975]] [314746200.0, [30.0, 390430, 6246800, 13150, 6246800, 390410]] [5325062512.0, [9975.25, 6635334, 106001424, 38734, 103508112, 7287180892]] [871315560.0, [711.0, 1085830, 17356824, 260710, 8545496, 296601]] [308775525366.0, [4077.0, 383626383, 6138011769, 5340891, 6137123253, 383579631]] [1433265432.0, [340.0, 1783542, 28515872, 91806, 25730592, 1661535]]
Arch_Param: [64, 1024, 4096, 8, 512, 16]
SK_cost: [20573122118.666668, [1606836.7777777778, 12715105, 406835900, 451585, 405490364, 5530723681]] [4314650316.0, [333423.0, 2666607, 85328280, 86895, 85328280, 1133251695]] [316481840, [26250, 195220, 6246800, 13140, 6246800, 49664010]] [5744649024, [446500, 3553192, 113701904, 38704, 113701904, 1748508692]] [1120190600, [87558, 694278, 22167576, 9830, 22167576, 347455494]] [310311446526.0, [23976942.0, 191813655, 6138011769, 5340891, 6138011769, 84524746203]] [11976451180.0, [938704.0, 7406651, 236846432, 329251, 233504096, 3103573023]]
Model_cost: [17741272264.666664, [3984.777777777778, 11224161, 359125692, 5611873, 49399997, 776034]] [4270558668.0, [29511.0, 2666607, 85328280, 86895, 77870232, 2433543]] [313964720.0, [30.0, 195220, 6246800, 13140, 6246800, 195210]] [5311830904.0, [9975.25, 3327912, 106001424, 38704, 103508112, 7286982456]] [869148008.0, [711.0, 543942, 17356824, 260710, 8545496, 296601]] [308008274454.0, [4077.0, 191813655, 6138011769, 5340891, 6137123253, 191794623]] [1429652588.0, [340.0, 891771, 28515872, 98147, 25504800, 772575]]
Arch_Param: [64, 1024, 4096, 8, 1024, 16]
SK_cost: [20547705414.666668, [1606836.7777777778, 6360929, 406835900, 451585, 405490364, 5530723681]] [4309317324.0, [333423.0, 1333359, 85328280, 86895, 85328280, 1133251695]] [316116360, [26250, 104010, 6246800, 13130, 6246800, 49664010]] [5737566960, [446500, 1782996, 113701904, 38684, 113701904, 1748508692]] [1118806152, [87558, 348166, 22167576, 9830, 22167576, 347455494]] [309927821070.0, [23976942.0, 95907291, 6138011769, 5340891, 6138011769, 84524746203]] [11961661692.0, [938704.0, 3709727, 236846432, 329223, 233504096, 3103573023]]
Model_cost: [17718837448.666664, [3984.777777777778, 5615457, 359125692, 5611873, 49399997, 771938]] [4265225676.0, [29511.0, 1333359, 85328280, 86895, 77870232, 1216827]] [313599360.0, [31.25, 104010, 6246800, 13130, 6246800, 24577610]] [5305240480.0, [9976.5, 1680596, 106001424, 38684, 103508112, 7311363238]] [867295208.0, [711.0, 272998, 17356824, 272998, 7767768, 121433]] [307624648998.0, [4077.0, 95907291, 6138011769, 5340891, 6137123253, 95902119]] [1427665660.0, [340.0, 446687, 28515872, 94919, 25504800, 398559]]
Arch_Param: [64, 1024, 4096, 16, 256, 16]
SK_cost: [11736842258.666666, [913375.4444444445, 14471844, 231526076, 254884, 230853308, 3153192289]] [4325316300.0, [333423.0, 5333103, 85328280, 86895, 85328280, 1133251695]] [317263320, [26250, 390430, 6246800, 13150, 6246800, 49664010]] [5758863672, [446500, 7106374, 113701904, 38734, 113701904, 1748508692]] [561480840, [43782, 693254, 11083800, 4918, 11083800, 173727750]] [311078697438.0, [23976942.0, 383626383, 6138011769, 5340891, 6138011769, 84524746203]] [10943210520.0, [850768.0, 13498486, 215889248, 256606, 214218080, 2907106335]]
Model_cost: [10158900084.666668, [2248.4444444444443, 12767908, 204263100, 3190372, 49399997, 784226]] [4281224652.0, [29511.0, 5333103, 85328280, 86895, 77870232, 4866975]] [314746200.0, [30.0, 390430, 6246800, 13150, 6246800, 390410]] [5325062512.0, [9975.25, 6635334, 106001424, 38734, 103508112, 7287180892]] [436012392.0, [359.0, 542918, 8678424, 14902, 8144088, 652953]] [308775525366.0, [4077.0, 383626383, 6138011769, 5340891, 6137123253, 383579631]] [1325596984.0, [271.0, 1647862, 26354976, 42270, 25617696, 1610079]]
Arch_Param: [64, 1024, 4096, 16, 512, 16]
SK_cost: [11707899462.666666, [913375.4444444445, 7236193, 231526076, 254881, 230853308, 3153192289]] [4314650316.0, [333423.0, 2666607, 85328280, 86895, 85328280, 1133251695]] [316481840, [26250, 195220, 6246800, 13140, 6246800, 49664010]] [5744649024, [446500, 3553192, 113701904, 38704, 113701904, 1748508692]] [560096392, [43782, 347142, 11083800, 4918, 11083800, 173727750]] [310311446526.0, [23976942.0, 191813655, 6138011769, 5340891, 6138011769, 84524746203]] [10916209772.0, [850768.0, 6749243, 215889248, 256547, 214218080, 2907106335]]
Model_cost: [10133365160.666668, [2248.4444444444443, 6384225, 204263100, 3190369, 49399997, 776034]] [4270558668.0, [29511.0, 2666607, 85328280, 86895, 77870232, 2433543]] [313964720.0, [30.0, 195220, 6246800, 13140, 6246800, 195210]] [5311830904.0, [9975.25, 3327912, 106001424, 38704, 103508112, 7286982456]] [434928616.0, [359.0, 271974, 8678424, 14902, 8144088, 415385]] [308008274454.0, [4077.0, 191813655, 6138011769, 5340891, 6137123253, 191794623]] [1322284684.0, [271.0, 823931, 26354976, 45539, 25504800, 793055]]
Arch_Param: [64, 1024, 4096, 16, 1024, 16]
SK_cost: [11693434438.666666, [913375.4444444445, 3619937, 231526076, 254881, 230853308, 3153192289]] [4309317324.0, [333423.0, 1333359, 85328280, 86895, 85328280, 1133251695]] [316116360, [26250, 104010, 6246800, 13130, 6246800, 49664010]] [5737566960, [446500, 1782996, 113701904, 38684, 113701904, 1748508692]] [559404168, [43782, 174086, 11083800, 4918, 11083800, 173727750]] [309927821070.0, [23976942.0, 95907291, 6138011769, 5340891, 6138011769, 84524746203]] [10902722812.0, [850768.0, 3377951, 215889248, 256519, 214218080, 2907106335]]
Model_cost: [10120604072.666668, [2248.4444444444443, 3193953, 204263100, 3190369, 49399997, 771938]] [4265225676.0, [29511.0, 1333359, 85328280, 86895, 77870232, 1216827]] [313599360.0, [31.25, 104010, 6246800, 13130, 6246800, 24577610]] [5305240480.0, [9976.5, 1680596, 106001424, 38684, 103508112, 7311363238]] [434027304.0, [359.0, 136502, 8678424, 21046, 7767768, 121433]] [307624648998.0, [4077.0, 95907291, 6138011769, 5340891, 6137123253, 95902119]] [1320530204.0, [271.0, 412383, 26354976, 43847, 25504800, 398559]]
Arch_Param: [64, 1024, 4096, 32, 256, 16]
SK_cost: [5884772370.666667, [458100.77777777775, 7256228, 116083900, 128868, 115747516, 1578812769]] [4325316300.0, [333423.0, 5333103, 85328280, 86895, 85328280, 1133251695]] [317263320, [26250, 390430, 6246800, 13150, 6246800, 49664010]] [5758863672, [446500, 7106374, 113701904, 38734, 113701904, 1748508692]] [532997768, [41350, 657926, 10522648, 4126, 10522648, 166555654]] [311078697438.0, [23976942.0, 383626383, 6138011769, 5340891, 6138011769, 84524746203]] [10721385496.0, [830032.0, 13222006, 211505504, 228958, 210948448, 2885632031]]
Model_cost: [5144559572.666666, [1150.7777777777778, 6404260, 102452412, 1598692, 49399997, 784226]] [4281224652.0, [29511.0, 5333103, 85328280, 86895, 77870232, 4866975]] [314746200.0, [30.0, 390430, 6246800, 13150, 6246800, 390410]] [5325062512.0, [9975.25, 6635334, 106001424, 38734, 103508112, 7287180892]] [409264552.0, [241.0, 509030, 8140312, 9118, 7943384, 652953]] [308775525366.0, [4077.0, 383626383, 6138011769, 5340891, 6137123253, 383579631]] [1298524888.0, [246.0, 1613302, 25807008, 34206, 25561248, 1610079]]
Arch_Param: [64, 1024, 4096, 32, 512, 16]
SK_cost: [5870260806.666667, [458100.77777777775, 3628385, 116083900, 128865, 115747516, 1578812769]] [4314650316.0, [333423.0, 2666607, 85328280, 86895, 85328280, 1133251695]] [316481840, [26250, 195220, 6246800, 13140, 6246800, 49664010]] [5744649024, [446500, 3553192, 113701904, 38704, 113701904, 1748508692]] [531682952, [41350, 329222, 10522648, 4126, 10522648, 166555654]] [310311446526.0, [23976942.0, 191813655, 6138011769, 5340891, 6138011769, 84524746203]] [10694937708.0, [830032.0, 6611003, 211505504, 228899, 210948448, 2885632031]]
Model_cost: [5131751944.666666, [1150.7777777777778, 3202401, 102452412, 1598689, 49399997, 776034]] [4270558668.0, [29511.0, 2666607, 85328280, 86895, 77870232, 2433543]] [313964720.0, [30.0, 195220, 6246800, 13140, 6246800, 195210]] [5311830904.0, [9975.25, 3327912, 106001424, 38704, 103508112, 7286982456]] [408247528.0, [241.0, 254774, 8140312, 9118, 7943384, 415385]] [308008274454.0, [4077.0, 191813655, 6138011769, 5340891, 6137123253, 191794623]] [1295294508.0, [246.0, 806651, 25807008, 34147, 25561248, 821087]]
Arch_Param: [64, 1024, 4096, 32, 1024, 16]
SK_cost: [5863008326.666667, [458100.77777777775, 1815265, 116083900, 128865, 115747516, 1578812769]] [4309317324.0, [333423.0, 1333359, 85328280, 86895, 85328280, 1133251695]] [316116360, [26250, 104010, 6246800, 13130, 6246800, 49664010]] [5737566960, [446500, 1782996, 113701904, 38684, 113701904, 1748508692]] [531025544, [41350, 164870, 10522648, 4126, 10522648, 166555654]] [309927821070.0, [23976942.0, 95907291, 6138011769, 5340891, 6138011769, 84524746203]] [10681721084.0, [830032.0, 3307295, 211505504, 228871, 210948448, 2885632031]]
Model_cost: [5125351432.666666, [1150.7777777777778, 1602273, 102452412, 1598689, 49399997, 771938]] [4265225676.0, [29511.0, 1333359, 85328280, 86895, 77870232, 1216827]] [313599360.0, [31.25, 104010, 6246800, 13130, 6246800, 24577610]] [5305240480.0, [9976.5, 1680596, 106001424, 38684, 103508112, 7311363238]] [407584392.0, [241.0, 127646, 8140312, 12190, 7767768, 121433]] [307624648998.0, [4077.0, 95907291, 6138011769, 5340891, 6137123253, 95902119]] [1293624764.0, [246.0, 403551, 25807008, 35015, 25504800, 398559]]
Arch_Param: [64, 1024, 2048, 4, 256, 16]
SK_cost: [38686978088.0, [5942341.0, 47352356, 757567868, 845252, 754875068, 10286781793]] [4357314252.0, [666735.0, 5333103, 85328280, 86895, 85328280, 1133251695]] [319751640, [52170, 390430, 6246800, 13150, 6246800, 49664010]] [5801615160, [891828, 7106374, 113701904, 38734, 113701904, 1748508692]] [2262726792, [350214, 2772998, 44335128, 19654, 44335128, 694910982]] [313380468606.0, [47953725.0, 383626383, 6138011769, 5340891, 6138011769, 84524746203]] [14236904760.0, [2209171.0, 17442934, 278760800, 474718, 272076128, 3496506399]]
Model_cost: [33046948266.0, [14889.0, 41814564, 668963196, 10456676, 49399997, 784226]] [4284047052.0, [58911.0, 5333103, 85328280, 86895, 77870232, 4866975]] [314748120.0, [50.0, 390430, 6246800, 13150, 6246800, 390410]] [5326018216.0, [19930.5, 6635334, 106001424, 38734, 103508112, 7287180892]] [1727278984.0, [2826.0, 2171654, 34713624, 521414, 9348312, 823449]] [308775901494.0, [7995.0, 383626383, 6138011769, 5340891, 6137123253, 383579631]] [1646500568.0, [942.0, 2054902, 32837664, 157342, 25956384, 1548639]]
Arch_Param: [64, 1024, 2048, 4, 512, 16]
SK_cost: [38592274268.0, [5942341.0, 23676449, 757567868, 845249, 754875068, 10286781793]] [4346648268.0, [666735.0, 2666607, 85328280, 86895, 85328280, 1133251695]] [318970160, [52170, 195220, 6246800, 13140, 6246800, 49664010]] [5787400512, [891828, 3553192, 113701904, 38704, 113701904, 1748508692]] [2257189000, [350214, 1388550, 44335128, 19654, 44335128, 694910982]] [312613217694.0, [47953725.0, 191813655, 6138011769, 5340891, 6138011769, 84524746203]] [14202015116.0, [2209171.0, 8721467, 278760800, 474659, 272076128, 3496506399]]
Model_cost: [32963320030.0, [14889.0, 20907553, 668963196, 10456673, 49399997, 776034]] [4273381068.0, [58911.0, 2666607, 85328280, 86895, 77870232, 2433543]] [313966640.0, [50.0, 195220, 6246800, 13140, 6246800, 195210]] [5312786608.0, [19930.5, 3327912, 106001424, 38704, 103508112, 7286982456]] [1722928520.0, [2826.0, 1087878, 34713624, 570566, 7767768, 121433]] [308008650582.0, [7995.0, 191813655, 6138011769, 5340891, 6137123253, 191794623]] [1642286636.0, [942.0, 1027451, 32837664, 169827, 25504800, 772575]]
Arch_Param: [64, 1024, 2048, 4, 1024, 16]
SK_cost: [38544947292.0, [5942341.0, 11844705, 757567868, 845249, 754875068, 10286781793]] [4341315276.0, [666735.0, 1333359, 85328280, 86895, 85328280, 1133251695]] [318604680, [52170, 104010, 6246800, 13130, 6246800, 49664010]] [5780318448, [891828, 1782996, 113701904, 38684, 113701904, 1748508692]] [2254420104, [350214, 696326, 44335128, 19654, 44335128, 694910982]] [312229592238.0, [47953725.0, 95907291, 6138011769, 5340891, 6138011769, 84524746203]] [14184620572.0, [2209171.0, 4373279, 278760800, 474631, 272076128, 3496506399]]
Model_cost: [32921530846.0, [14889.0, 10460257, 668963196, 10456673, 49399997, 771938]] [4268048076.0, [58911.0, 1333359, 85328280, 86895, 77870232, 1216827]] [313601400.0, [52.5, 104010, 6246800, 13130, 6246800, 24577610]] [5306196304.0, [19933.0, 1680596, 106001424, 38684, 103508112, 7311363238]] [1719188104.0, [2826.0, 545990, 34713624, 545990, 7767768, 121433]] [307625025126.0, [7995.0, 95907291, 6138011769, 5340891, 6137123253, 95902119]] [1639834812.0, [942.0, 515295, 32837664, 163527, 25504800, 398559]]
Arch_Param: [64, 1024, 2048, 8, 256, 16]
SK_cost: [20776001576.0, [3190389.0, 25429668, 406835900, 451588, 405490364, 5530723681]] [4357314252.0, [666735.0, 5333103, 85328280, 86895, 85328280, 1133251695]] [319751640, [52170, 390430, 6246800, 13150, 6246800, 49664010]] [5801615160, [891828, 7106374, 113701904, 38734, 113701904, 1748508692]] [1131364488, [175110, 1386502, 22167576, 9830, 22167576, 347455494]] [313380468606.0, [47953725.0, 383626383, 6138011769, 5340891, 6138011769, 84524746203]] [12095163704.0, [1866643.0, 14813302, 236846432, 329310, 233504096, 3103573023]]
Model_cost: [17786546250.0, [7936.0, 22447780, 359125692, 5611876, 49399997, 784226]] [4284047052.0, [58911.0, 5333103, 85328280, 86895, 77870232, 4866975]] [314748120.0, [50.0, 390430, 6246800, 13150, 6246800, 390410]] [5326018216.0, [19930.5, 6635334, 106001424, 38734, 103508112, 7287180892]] [871383240.0, [1416.0, 1085830, 17356824, 260710, 8545496, 472217]] [308775901494.0, [7995.0, 383626383, 6138011769, 5340891, 6137123253, 383579631]] [1433296728.0, [666.0, 1783542, 28515872, 91806, 25730592, 1548639]]
Arch_Param: [64, 1024, 2048, 8, 512, 16]
SK_cost: [20725143132.0, [3190389.0, 12715105, 406835900, 451585, 405490364, 5530723681]] [4346648268.0, [666735.0, 2666607, 85328280, 86895, 85328280, 1133251695]] [318970160, [52170, 195220, 6246800, 13140, 6246800, 49664010]] [5787400512, [891828, 3553192, 113701904, 38704, 113701904, 1748508692]] [1128595592, [175110, 694278, 22167576, 9830, 22167576, 347455494]] [312613217694.0, [47953725.0, 191813655, 6138011769, 5340891, 6138011769, 84524746203]] [12065533324.0, [1866643.0, 7406651, 236846432, 329251, 233504096, 3103573023]]
Model_cost: [17741651582.0, [7936.0, 11224161, 359125692, 5611873, 49399997, 776034]] [4273381068.0, [58911.0, 2666607, 85328280, 86895, 77870232, 2433543]] [313966640.0, [50.0, 195220, 6246800, 13140, 6246800, 195210]] [5312786608.0, [19930.5, 3327912, 106001424, 38704, 103508112, 7286982456]] [869215688.0, [1416.0, 543942, 17356824, 260710, 8545496, 472217]] [308008650582.0, [7995.0, 191813655, 6138011769, 5340891, 6137123253, 191794623]] [1429683884.0, [666.0, 891771, 28515872, 98147, 25504800, 772575]]
Arch_Param: [64, 1024, 2048, 8, 1024, 16]
SK_cost: [20699726428.0, [3190389.0, 6360929, 406835900, 451585, 405490364, 5530723681]] [4341315276.0, [666735.0, 1333359, 85328280, 86895, 85328280, 1133251695]] [318604680, [52170, 104010, 6246800, 13130, 6246800, 49664010]] [5780318448, [891828, 1782996, 113701904, 38684, 113701904, 1748508692]] [1127211144, [175110, 348166, 22167576, 9830, 22167576, 347455494]] [312229592238.0, [47953725.0, 95907291, 6138011769, 5340891, 6138011769, 84524746203]] [12050743836.0, [1866643.0, 3709727, 236846432, 329223, 233504096, 3103573023]]
Model_cost: [17719216766.0, [7936.0, 5615457, 359125692, 5611873, 49399997, 771938]] [4268048076.0, [58911.0, 1333359, 85328280, 86895, 77870232, 1216827]] [313601400.0, [52.5, 104010, 6246800, 13130, 6246800, 24577610]] [5306196304.0, [19933.0, 1680596, 106001424, 38684, 103508112, 7311363238]] [867362888.0, [1416.0, 272998, 17356824, 272998, 7767768, 121433]] [307625025126.0, [7995.0, 95907291, 6138011769, 5340891, 6137123253, 95902119]] [1427696956.0, [666.0, 446687, 28515872, 94919, 25504800, 398559]]
Arch_Param: [64, 1024, 2048, 16, 256, 16]
SK_cost: [11823388712.0, [1814901.0, 14471844, 231526076, 254884, 230853308, 3153192289]] [4357314252.0, [666735.0, 5333103, 85328280, 86895, 85328280, 1133251695]] [319751640, [52170, 390430, 6246800, 13150, 6246800, 49664010]] [5801615160, [891828, 7106374, 113701904, 38734, 113701904, 1748508692]] [565683336, [87558, 693254, 11083800, 4918, 11083800, 173727750]] [313380468606.0, [47953725.0, 383626383, 6138011769, 5340891, 6138011769, 84524746203]] [11024293176.0, [1695379.0, 13498486, 215889248, 256606, 214218080, 2907106335]]
Model_cost: [10159112778.0, [4464.0, 12767908, 204263100, 3190372, 49399997, 784226]] [4284047052.0, [58911.0, 5333103, 85328280, 86895, 77870232, 4866975]] [314748120.0, [50.0, 390430, 6246800, 13150, 6246800, 390410]] [5326018216.0, [19930.5, 6635334, 106001424, 38734, 103508112, 7287180892]] [436046184.0, [711.0, 542918, 8678424, 14902, 8144088, 652953]] [308775901494.0, [7995.0, 383626383, 6138011769, 5340891, 6137123253, 383579631]] [1325621656.0, [528.0, 1647862, 26354976, 42270, 25617696, 1610079]]
Arch_Param: [64, 1024, 2048, 16, 512, 16]
SK_cost: [11794445916.0, [1814901.0, 7236193, 231526076, 254881, 230853308, 3153192289]] [4346648268.0, [666735.0, 2666607, 85328280, 86895, 85328280, 1133251695]] [318970160, [52170, 195220, 6246800, 13140, 6246800, 49664010]] [5787400512, [891828, 3553192, 113701904, 38704, 113701904, 1748508692]] [564298888, [87558, 347142, 11083800, 4918, 11083800, 173727750]] [312613217694.0, [47953725.0, 191813655, 6138011769, 5340891, 6138011769, 84524746203]] [10997292428.0, [1695379.0, 6749243, 215889248, 256547, 214218080, 2907106335]]
Model_cost: [10133577854.0, [4464.0, 6384225, 204263100, 3190369, 49399997, 776034]] [4273381068.0, [58911.0, 2666607, 85328280, 86895, 77870232, 2433543]] [313966640.0, [50.0, 195220, 6246800, 13140, 6246800, 195210]] [5312786608.0, [19930.5, 3327912, 106001424, 38704, 103508112, 7286982456]] [434962408.0, [711.0, 271974, 8678424, 14902, 8144088, 415385]] [308008650582.0, [7995.0, 191813655, 6138011769, 5340891, 6137123253, 191794623]] [1322309356.0, [528.0, 823931, 26354976, 45539, 25504800, 793055]]
Arch_Param: [64, 1024, 2048, 16, 1024, 16]
SK_cost: [11779980892.0, [1814901.0, 3619937, 231526076, 254881, 230853308, 3153192289]] [4341315276.0, [666735.0, 1333359, 85328280, 86895, 85328280, 1133251695]] [318604680, [52170, 104010, 6246800, 13130, 6246800, 49664010]] [5780318448, [891828, 1782996, 113701904, 38684, 113701904, 1748508692]] [563606664, [87558, 174086, 11083800, 4918, 11083800, 173727750]] [312229592238.0, [47953725.0, 95907291, 6138011769, 5340891, 6138011769, 84524746203]] [10983805468.0, [1695379.0, 3377951, 215889248, 256519, 214218080, 2907106335]]
Model_cost: [10120816766.0, [4464.0, 3193953, 204263100, 3190369, 49399997, 771938]] [4268048076.0, [58911.0, 1333359, 85328280, 86895, 77870232, 1216827]] [313601400.0, [52.5, 104010, 6246800, 13130, 6246800, 24577610]] [5306196304.0, [19933.0, 1680596, 106001424, 38684, 103508112, 7311363238]] [434061096.0, [711.0, 136502, 8678424, 21046, 7767768, 121433]] [307625025126.0, [7995.0, 95907291, 6138011769, 5340891, 6137123253, 95902119]] [1320554876.0, [528.0, 412383, 26354976, 43847, 25504800, 398559]]
Arch_Param: [64, 1024, 2048, 32, 256, 16]
SK_cost: [5928161320.0, [910069.0, 7256228, 116083900, 128868, 115747516, 1578812769]] [4357314252.0, [666735.0, 5333103, 85328280, 86895, 85328280, 1133251695]] [319751640, [52170, 390430, 6246800, 13150, 6246800, 49664010]] [5801615160, [891828, 7106374, 113701904, 38734, 113701904, 1748508692]] [536966792, [82694, 657926, 10522648, 4126, 10522648, 166555654]] [313380468606.0, [47953725.0, 383626383, 6138011769, 5340891, 6138011769, 84524746203]] [10800772408.0, [1656979.0, 13222006, 211505504, 228958, 210948448, 2885632031]]
Model_cost: [5144666922.0, [2269.0, 6404260, 102452412, 1598692, 49399997, 784226]] [4284047052.0, [58911.0, 5333103, 85328280, 86895, 77870232, 4866975]] [314748120.0, [50.0, 390430, 6246800, 13150, 6246800, 390410]] [5326018216.0, [19930.5, 6635334, 106001424, 38734, 103508112, 7287180892]] [409287016.0, [475.0, 509030, 8140312, 9118, 7943384, 652953]] [308775901494.0, [7995.0, 383626383, 6138011769, 5340891, 6137123253, 383579631]] [1298547160.0, [478.0, 1613302, 25807008, 34206, 25561248, 1610079]]
Arch_Param: [64, 1024, 2048, 32, 512, 16]
SK_cost: [5913649756.0, [910069.0, 3628385, 116083900, 128865, 115747516, 1578812769]] [4346648268.0, [666735.0, 2666607, 85328280, 86895, 85328280, 1133251695]] [318970160, [52170, 195220, 6246800, 13140, 6246800, 49664010]] [5787400512, [891828, 3553192, 113701904, 38704, 113701904, 1748508692]] [535651976, [82694, 329222, 10522648, 4126, 10522648, 166555654]] [312613217694.0, [47953725.0, 191813655, 6138011769, 5340891, 6138011769, 84524746203]] [10774324620.0, [1656979.0, 6611003, 211505504, 228899, 210948448, 2885632031]]
Model_cost: [5131859294.0, [2269.0, 3202401, 102452412, 1598689, 49399997, 776034]] [4273381068.0, [58911.0, 2666607, 85328280, 86895, 77870232, 2433543]] [313966640.0, [50.0, 195220, 6246800, 13140, 6246800, 195210]] [5312786608.0, [19930.5, 3327912, 106001424, 38704, 103508112, 7286982456]] [408269992.0, [475.0, 254774, 8140312, 9118, 7943384, 415385]] [308008650582.0, [7995.0, 191813655, 6138011769, 5340891, 6137123253, 191794623]] [1295316780.0, [478.0, 806651, 25807008, 34147, 25561248, 821087]]
Arch_Param: [64, 1024, 2048, 32, 1024, 16]
SK_cost: [5906397276.0, [910069.0, 1815265, 116083900, 128865, 115747516, 1578812769]] [4341315276.0, [666735.0, 1333359, 85328280, 86895, 85328280, 1133251695]] [318604680, [52170, 104010, 6246800, 13130, 6246800, 49664010]] [5780318448, [891828, 1782996, 113701904, 38684, 113701904, 1748508692]] [534994568, [82694, 164870, 10522648, 4126, 10522648, 166555654]] [312229592238.0, [47953725.0, 95907291, 6138011769, 5340891, 6138011769, 84524746203]] [10761107996.0, [1656979.0, 3307295, 211505504, 228871, 210948448, 2885632031]]
Model_cost: [5125458782.0, [2269.0, 1602273, 102452412, 1598689, 49399997, 771938]] [4268048076.0, [58911.0, 1333359, 85328280, 86895, 77870232, 1216827]] [313601400.0, [52.5, 104010, 6246800, 13130, 6246800, 24577610]] [5306196304.0, [19933.0, 1680596, 106001424, 38684, 103508112, 7311363238]] [407606856.0, [475.0, 127646, 8140312, 12190, 7767768, 121433]] [307625025126.0, [7995.0, 95907291, 6138011769, 5340891, 6137123253, 95902119]] [1293647036.0, [478.0, 403551, 25807008, 35015, 25504800, 398559]]
Arch_Param: [64, 1024, 1024, 4, 256, 16]
SK_cost: [39252960680.0, [11837993.0, 47352356, 757567868, 845252, 754875068, 10286781793]] [4421310156.0, [1333359.0, 5333103, 85328280, 86895, 85328280, 1133251695]] [324728280, [104010, 390430, 6246800, 13150, 6246800, 49664010]] [5887167288, [1782996, 7106374, 113701904, 38734, 113701904, 1748508692]] [2295953544, [696326, 2772998, 44335128, 19654, 44335128, 694910982]] [317984010942.0, [95907291.0, 383626383, 6138011769, 5340891, 6138011769, 84524746203]] [14444659128.0, [4373279.0, 17442934, 278760800, 474718, 272076128, 3496506399]]
Model_cost: [33048374442.0, [29745.0, 41814564, 668963196, 10456676, 49399997, 784226]] [4289691852.0, [117711.0, 5333103, 85328280, 86895, 77870232, 4866975]] [314751960.0, [90.0, 390430, 6246800, 13150, 6246800, 390410]] [5327928664.0, [39831.0, 6635334, 106001424, 38734, 103508112, 7287180892]] [1727549704.0, [5646.0, 2171654, 34713624, 521414, 9348312, 1525913]] [308776653750.0, [15831.0, 383626383, 6138011769, 5340891, 6137123253, 383579631]] [1646590232.0, [1876.0, 2054902, 32837664, 157342, 25956384, 1548639]]
Arch_Param: [64, 1024, 1024, 4, 512, 16]
SK_cost: [39158256860.0, [11837993.0, 23676449, 757567868, 845249, 754875068, 10286781793]] [4410644172.0, [1333359.0, 2666607, 85328280, 86895, 85328280, 1133251695]] [323946800, [104010, 195220, 6246800, 13140, 6246800, 49664010]] [5872952640, [1782996, 3553192, 113701904, 38704, 113701904, 1748508692]] [2290415752, [696326, 1388550, 44335128, 19654, 44335128, 694910982]] [317216760030.0, [95907291.0, 191813655, 6138011769, 5340891, 6138011769, 84524746203]] [14409769484.0, [4373279.0, 8721467, 278760800, 474659, 272076128, 3496506399]]
Model_cost: [32964746206.0, [29745.0, 20907553, 668963196, 10456673, 49399997, 776034]] [4279025868.0, [117711.0, 2666607, 85328280, 86895, 77870232, 2433543]] [313970480.0, [90.0, 195220, 6246800, 13140, 6246800, 195210]] [5314697056.0, [39831.0, 3327912, 106001424, 38704, 103508112, 7286982456]] [1723199240.0, [5646.0, 1087878, 34713624, 570566, 7767768, 121433]] [308009402838.0, [15831.0, 191813655, 6138011769, 5340891, 6137123253, 191794623]] [1642376300.0, [1876.0, 1027451, 32837664, 169827, 25504800, 772575]]
Arch_Param: [64, 1024, 1024, 4, 1024, 16]
SK_cost: [39110929884.0, [11837993.0, 11844705, 757567868, 845249, 754875068, 10286781793]] [4405311180.0, [1333359.0, 1333359, 85328280, 86895, 85328280, 1133251695]] [323581320, [104010, 104010, 6246800, 13130, 6246800, 49664010]] [5865870576, [1782996, 1782996, 113701904, 38684, 113701904, 1748508692]] [2287646856, [696326, 696326, 44335128, 19654, 44335128, 694910982]] [316833134574.0, [95907291.0, 95907291, 6138011769, 5340891, 6138011769, 84524746203]] [14392374940.0, [4373279.0, 4373279, 278760800, 474631, 272076128, 3496506399]]
Model_cost: [32922957022.0, [29745.0, 10460257, 668963196, 10456673, 49399997, 771938]] [4273692876.0, [117711.0, 1333359, 85328280, 86895, 77870232, 1216827]] [313605480.0, [95.0, 104010, 6246800, 13130, 6246800, 24577610]] [5308106992.0, [39836.0, 1680596, 106001424, 38684, 103508112, 7311363238]] [1719458824.0, [5646.0, 545990, 34713624, 545990, 7767768, 121433]] [307625777382.0, [15831.0, 95907291, 6138011769, 5340891, 6137123253, 95902119]] [1639924476.0, [1876.0, 515295, 32837664, 163527, 25504800, 398559]]
Arch_Param: [64, 1024, 1024, 8, 256, 16]
SK_cost: [21080027048.0, [6357321.0, 25429668, 406835900, 451588, 405490364, 5530723681]] [4421310156.0, [1333359.0, 5333103, 85328280, 86895, 85328280, 1133251695]] [324728280, [104010, 390430, 6246800, 13150, 6246800, 49664010]] [5887167288, [1782996, 7106374, 113701904, 38734, 113701904, 1748508692]] [1147977864, [348166, 1386502, 22167576, 9830, 22167576, 347455494]] [317984010942.0, [95907291.0, 383626383, 6138011769, 5340891, 6138011769, 84524746203]] [12272099768.0, [3709727.0, 14813302, 236846432, 329310, 233504096, 3103573023]]
Model_cost: [17787304842.0, [15838.0, 22447780, 359125692, 5611876, 49399997, 784226]] [4289691852.0, [117711.0, 5333103, 85328280, 86895, 77870232, 4866975]] [314751960.0, [90.0, 390430, 6246800, 13150, 6246800, 390410]] [5327928664.0, [39831.0, 6635334, 106001424, 38734, 103508112, 7287180892]] [871518600.0, [2826.0, 1085830, 17356824, 260710, 8545496, 823449]] [308776653750.0, [15831.0, 383626383, 6138011769, 5340891, 6137123253, 383579631]] [1433359992.0, [1325.0, 1783542, 28515872, 91806, 25730592, 1548639]]
Arch_Param: [64, 1024, 1024, 8, 512, 16]
SK_cost: [21029168604.0, [6357321.0, 12715105, 406835900, 451585, 405490364, 5530723681]] [4410644172.0, [1333359.0, 2666607, 85328280, 86895, 85328280, 1133251695]] [323946800, [104010, 195220, 6246800, 13140, 6246800, 49664010]] [5872952640, [1782996, 3553192, 113701904, 38704, 113701904, 1748508692]] [1145208968, [348166, 694278, 22167576, 9830, 22167576, 347455494]] [317216760030.0, [95907291.0, 191813655, 6138011769, 5340891, 6138011769, 84524746203]] [12242469388.0, [3709727.0, 7406651, 236846432, 329251, 233504096, 3103573023]]
Model_cost: [17742410174.0, [15838.0, 11224161, 359125692, 5611873, 49399997, 776034]] [4279025868.0, [117711.0, 2666607, 85328280, 86895, 77870232, 2433543]] [313970480.0, [90.0, 195220, 6246800, 13140, 6246800, 195210]] [5314697056.0, [39831.0, 3327912, 106001424, 38704, 103508112, 7286982456]] [869351048.0, [2826.0, 543942, 17356824, 260710, 8545496, 823449]] [308009402838.0, [15831.0, 191813655, 6138011769, 5340891, 6137123253, 191794623]] [1429747148.0, [1325.0, 891771, 28515872, 98147, 25504800, 772575]]
Arch_Param: [64, 1024, 1024, 8, 1024, 16]
SK_cost: [21003751900.0, [6357321.0, 6360929, 406835900, 451585, 405490364, 5530723681]] [4405311180.0, [1333359.0, 1333359, 85328280, 86895, 85328280, 1133251695]] [323581320, [104010, 104010, 6246800, 13130, 6246800, 49664010]] [5865870576, [1782996, 1782996, 113701904, 38684, 113701904, 1748508692]] [1143824520, [348166, 348166, 22167576, 9830, 22167576, 347455494]] [316833134574.0, [95907291.0, 95907291, 6138011769, 5340891, 6138011769, 84524746203]] [12227679900.0, [3709727.0, 3709727, 236846432, 329223, 233504096, 3103573023]]
Model_cost: [17719975358.0, [15838.0, 5615457, 359125692, 5611873, 49399997, 771938]] [4273692876.0, [117711.0, 1333359, 85328280, 86895, 77870232, 1216827]] [313605480.0, [95.0, 104010, 6246800, 13130, 6246800, 24577610]] [5308106992.0, [39836.0, 1680596, 106001424, 38684, 103508112, 7311363238]] [867498248.0, [2826.0, 272998, 17356824, 272998, 7767768, 121433]] [307625777382.0, [15831.0, 95907291, 6138011769, 5340891, 6137123253, 95902119]] [1427760220.0, [1325.0, 446687, 28515872, 94919, 25504800, 398559]]
Arch_Param: [64, 1024, 1024, 16, 256, 16]
SK_cost: [11996473256.0, [3617865.0, 14471844, 231526076, 254884, 230853308, 3153192289]] [4421310156.0, [1333359.0, 5333103, 85328280, 86895, 85328280, 1133251695]] [324728280, [104010, 390430, 6246800, 13150, 6246800, 49664010]] [5887167288, [1782996, 7106374, 113701904, 38734, 113701904, 1748508692]] [573990024, [174086, 693254, 11083800, 4918, 11083800, 173727750]] [317984010942.0, [95907291.0, 383626383, 6138011769, 5340891, 6138011769, 84524746203]] [11185820088.0, [3377951.0, 13498486, 215889248, 256606, 214218080, 2907106335]]
Model_cost: [10159538058.0, [8894.0, 12767908, 204263100, 3190372, 49399997, 784226]] [4289691852.0, [117711.0, 5333103, 85328280, 86895, 77870232, 4866975]] [314751960.0, [90.0, 390430, 6246800, 13150, 6246800, 390410]] [5327928664.0, [39831.0, 6635334, 106001424, 38734, 103508112, 7287180892]] [436113864.0, [1416.0, 542918, 8678424, 14902, 8144088, 828569]] [308776653750.0, [15831.0, 383626383, 6138011769, 5340891, 6137123253, 383579631]] [1325671672.0, [1049.0, 1647862, 26354976, 42270, 25617696, 1610079]]
Arch_Param: [64, 1024, 1024, 16, 512, 16]
SK_cost: [11967530460.0, [3617865.0, 7236193, 231526076, 254881, 230853308, 3153192289]] [4410644172.0, [1333359.0, 2666607, 85328280, 86895, 85328280, 1133251695]] [323946800, [104010, 195220, 6246800, 13140, 6246800, 49664010]] [5872952640, [1782996, 3553192, 113701904, 38704, 113701904, 1748508692]] [572605576, [174086, 347142, 11083800, 4918, 11083800, 173727750]] [317216760030.0, [95907291.0, 191813655, 6138011769, 5340891, 6138011769, 84524746203]] [11158819340.0, [3377951.0, 6749243, 215889248, 256547, 214218080, 2907106335]]
Model_cost: [10134003134.0, [8894.0, 6384225, 204263100, 3190369, 49399997, 776034]] [4279025868.0, [117711.0, 2666607, 85328280, 86895, 77870232, 2433543]] [313970480.0, [90.0, 195220, 6246800, 13140, 6246800, 195210]] [5314697056.0, [39831.0, 3327912, 106001424, 38704, 103508112, 7286982456]] [435030088.0, [1416.0, 271974, 8678424, 14902, 8144088, 591001]] [308009402838.0, [15831.0, 191813655, 6138011769, 5340891, 6137123253, 191794623]] [1322359372.0, [1049.0, 823931, 26354976, 45539, 25504800, 793055]]
Arch_Param: [64, 1024, 1024, 16, 1024, 16]
SK_cost: [11953065436.0, [3617865.0, 3619937, 231526076, 254881, 230853308, 3153192289]] [4405311180.0, [1333359.0, 1333359, 85328280, 86895, 85328280, 1133251695]] [323581320, [104010, 104010, 6246800, 13130, 6246800, 49664010]] [5865870576, [1782996, 1782996, 113701904, 38684, 113701904, 1748508692]] [571913352, [174086, 174086, 11083800, 4918, 11083800, 173727750]] [316833134574.0, [95907291.0, 95907291, 6138011769, 5340891, 6138011769, 84524746203]] [11145332380.0, [3377951.0, 3377951, 215889248, 256519, 214218080, 2907106335]]
Model_cost: [10121242046.0, [8894.0, 3193953, 204263100, 3190369, 49399997, 771938]] [4273692876.0, [117711.0, 1333359, 85328280, 86895, 77870232, 1216827]] [313605480.0, [95.0, 104010, 6246800, 13130, 6246800, 24577610]] [5308106992.0, [39836.0, 1680596, 106001424, 38684, 103508112, 7311363238]] [434128776.0, [1416.0, 136502, 8678424, 21046, 7767768, 121433]] [307625777382.0, [15831.0, 95907291, 6138011769, 5340891, 6137123253, 95902119]] [1320604892.0, [1049.0, 412383, 26354976, 43847, 25504800, 398559]]
Arch_Param: [64, 1024, 1024, 32, 256, 16]
SK_cost: [6014934952.0, [1813961.0, 7256228, 116083900, 128868, 115747516, 1578812769]] [4421310156.0, [1333359.0, 5333103, 85328280, 86895, 85328280, 1133251695]] [324728280, [104010, 390430, 6246800, 13150, 6246800, 49664010]] [5887167288, [1782996, 7106374, 113701904, 38734, 113701904, 1748508692]] [544855688, [164870, 657926, 10522648, 4126, 10522648, 166555654]] [317984010942.0, [95907291.0, 383626383, 6138011769, 5340891, 6138011769, 84524746203]] [10959202744.0, [3307295.0, 13222006, 211505504, 228958, 210948448, 2885632031]]
Model_cost: [5144881482.0, [4504.0, 6404260, 102452412, 1598692, 49399997, 784226]] [4289691852.0, [117711.0, 5333103, 85328280, 86895, 77870232, 4866975]] [314751960.0, [90.0, 390430, 6246800, 13150, 6246800, 390410]] [5327928664.0, [39831.0, 6635334, 106001424, 38734, 103508112, 7287180892]] [409331944.0, [943.0, 509030, 8140312, 9118, 7943384, 652953]] [308776653750.0, [15831.0, 383626383, 6138011769, 5340891, 6137123253, 383579631]] [1298592280.0, [948.0, 1613302, 25807008, 34206, 25561248, 1610079]]
Arch_Param: [64, 1024, 1024, 32, 512, 16]
SK_cost: [6000423388.0, [1813961.0, 3628385, 116083900, 128865, 115747516, 1578812769]] [4410644172.0, [1333359.0, 2666607, 85328280, 86895, 85328280, 1133251695]] [323946800, [104010, 195220, 6246800, 13140, 6246800, 49664010]] [5872952640, [1782996, 3553192, 113701904, 38704, 113701904, 1748508692]] [543540872, [164870, 329222, 10522648, 4126, 10522648, 166555654]] [317216760030.0, [95907291.0, 191813655, 6138011769, 5340891, 6138011769, 84524746203]] [10932754956.0, [3307295.0, 6611003, 211505504, 228899, 210948448, 2885632031]]
Model_cost: [5132073854.0, [4504.0, 3202401, 102452412, 1598689, 49399997, 776034]] [4279025868.0, [117711.0, 2666607, 85328280, 86895, 77870232, 2433543]] [313970480.0, [90.0, 195220, 6246800, 13140, 6246800, 195210]] [5314697056.0, [39831.0, 3327912, 106001424, 38704, 103508112, 7286982456]] [408314920.0, [943.0, 254774, 8140312, 9118, 7943384, 415385]] [308009402838.0, [15831.0, 191813655, 6138011769, 5340891, 6137123253, 191794623]] [1295361900.0, [948.0, 806651, 25807008, 34147, 25561248, 821087]]
Arch_Param: [64, 1024, 1024, 32, 1024, 16]
SK_cost: [5993170908.0, [1813961.0, 1815265, 116083900, 128865, 115747516, 1578812769]] [4405311180.0, [1333359.0, 1333359, 85328280, 86895, 85328280, 1133251695]] [323581320, [104010, 104010, 6246800, 13130, 6246800, 49664010]] [5865870576, [1782996, 1782996, 113701904, 38684, 113701904, 1748508692]] [542883464, [164870, 164870, 10522648, 4126, 10522648, 166555654]] [316833134574.0, [95907291.0, 95907291, 6138011769, 5340891, 6138011769, 84524746203]] [10919538332.0, [3307295.0, 3307295, 211505504, 228871, 210948448, 2885632031]]
Model_cost: [5125673342.0, [4504.0, 1602273, 102452412, 1598689, 49399997, 771938]] [4273692876.0, [117711.0, 1333359, 85328280, 86895, 77870232, 1216827]] [313605480.0, [95.0, 104010, 6246800, 13130, 6246800, 24577610]] [5308106992.0, [39836.0, 1680596, 106001424, 38684, 103508112, 7311363238]] [407651784.0, [943.0, 127646, 8140312, 12190, 7767768, 121433]] [307625777382.0, [15831.0, 95907291, 6138011769, 5340891, 6137123253, 95902119]] [1293692156.0, [948.0, 403551, 25807008, 35015, 25504800, 398559]]
