[[0, 0, 0, 0, 0, 0, 0, 0, 0, 0, 0], [0, 0, 0, 0, 0, 0, 0, 0, 0, 0, 0], [0, 0, 0, 0, 0, 0, 0, 0, 0, 0, 0], [0, 0, 0, 0, 0, 0, 0, 0, 0, 0, 0]]
Arch_Param: [32, 8192, 32768, 4, 256, 16]
SK_cost: [72921209556.95999, [717444.3433333333, 91214401, 1459298552, 1634145, 1168280760, 2312820257]] [8238904356.0, [97263.0, 10223727, 163578660, 164463, 163185444, 325586799]] [315077960.0, [3263.333333333285, 390450, 6247200, 13170, 6247200, 13130]] [5721408264.0, [55755.33333333302, 7106434, 113702944, 38794, 113702944, 210388252]] [4456003486.4, [43372.399999999994, 5545990, 88670256, 39302, 85484080, 170917958]] [618205796499.6028, [7107148.350000086, 767215743, 12275433555, 10680855, 12275130963, 24549657819]] [20893479058.46154, [206235.69230769158, 26148076, 417716928, 820436, 333083840, 568569872]]
Model_cost: [62499536640.64, [1882.1108333333334, 80564801, 1288904952, 3294657, 49400505, 136610]] [8073477847.200003, [4006.2000000000016, 10223727, 163578660, 385647, 77870628, 185031]] [314765880.0, [12.5, 390450, 6247200, 13170, 6247200, 390410]] [5324282951.0, [1270.65625, 6635394, 106002464, 38794, 103509152, 971968092]] [3376634315.1999993, [366.19999999999993, 4343302, 69427248, 174726, 7767792, 19803]] [606383673253.2, [813.9500000000003, 767215743, 12275433555, 28432407, 6137123727, 14212839]] [2358909943.0351653, [118.07328296703301, 2983404, 47652928, 134548, 25506688, 1055632]]
Arch_Param: [32, 8192, 32768, 4, 512, 16]
SK_cost: [72738779936.95999, [717444.3433333333, 45607460, 1459298552, 1634116, 1168280760, 2312820257]] [8218457124.0, [97263.0, 5111919, 163578660, 164463, 163185444, 325586799]] [314295800.0, [3263.333333333285, 195230, 6247200, 13150, 6247200, 13130]] [5707191576.0, [55755.33333333302, 3553222, 113702944, 38734, 113702944, 210388252]] [4444927902.4, [43372.399999999994, 2777094, 88670256, 39302, 85484080, 170917958]] [616671368403.6028, [7107148.350000086, 383608719, 12275433555, 10680855, 12275130963, 24549657819]] [20841175354.46154, [206235.69230769158, 13074038, 417716928, 820318, 333083840, 568569872]]
Model_cost: [62338406220.64, [1882.1108333333334, 40282660, 1288904952, 3294628, 49400505, 128418]] [8053030615.200003, [4006.2000000000016, 5111919, 163578660, 385647, 77870628, 184743]] [313983720.0, [12.5, 195230, 6247200, 13150, 6247200, 195210]] [5311049303.0, [1270.65625, 3327942, 106002464, 38734, 103509152, 971769656]] [3367964107.1999993, [366.19999999999993, 2175750, 69427248, 174726, 7767792, 19803]] [604849245157.2, [813.9500000000003, 383608719, 12275433555, 28432407, 6137123727, 14212815]] [2352935583.0351653, [118.07328296703301, 1491702, 47652928, 134430, 25506688, 541072]]
Arch_Param: [32, 8192, 32768, 4, 1024, 16]
SK_cost: [72647615572.95999, [717444.3433333333, 22816417, 1459298552, 1634113, 1168280760, 2312820257]] [8208233508.0, [97263.0, 2556015, 163578660, 164463, 163185444, 325586799]] [313930320.0, [3263.333333333285, 104020, 6247200, 13140, 6247200, 13130]] [5700108832.0, [55755.33333333302, 1783016, 113702944, 38704, 113702944, 210388252]] [4439390110.4, [43372.399999999994, 1392646, 88670256, 39302, 85484080, 170917958]] [615904154355.6028, [7107148.350000086, 191805207, 12275433555, 10680855, 12275130963, 24549657819]] [20815123854.46154, [206235.69230769158, 6562107, 417716928, 820259, 333083840, 568569872]]
Model_cost: [62258264704.64, [1882.1108333333334, 20247329, 1288904952, 3294625, 49400505, 124322]] [8042806999.200003, [4006.2000000000016, 2556015, 163578660, 385647, 77870628, 184599]] [313618255.0, [12.65625, 104020, 6247200, 13140, 6247200, 27210]] [5304458094.0, [1270.8125, 1680616, 106002464, 38704, 103509152, 971600038]] [3363629003.1999993, [366.19999999999993, 1091974, 69427248, 174726, 7767792, 19803]] [604082031109.2, [813.9500000000003, 191805207, 12275433555, 28432407, 6137123727, 14212803]] [2349980147.0351653, [118.07328296703301, 753787, 47652928, 134371, 25506688, 283792]]
Arch_Param: [32, 8192, 32768, 8, 256, 16]
SK_cost: [37866813504.479996, [372370.79666666663, 47352385, 757568376, 845281, 612138168, 1200535073]] [4298222628.0, [50991.0, 5333103, 85328676, 86895, 85328676, 169873263]] [315077960.0, [3263.333333333285, 390450, 6247200, 13170, 6247200, 13130]] [5721408264.0, [55755.33333333302, 7106434, 113702944, 38794, 113702944, 210388252]] [2228028523.2, [21689.199999999997, 2772998, 44335152, 19654, 42754608, 85459014]] [309118103890.8014, [3553845.675000043, 383626383, 6138012243, 5340891, 6138012243, 12275420379]] [13983696097.23077, [137297.84615384653, 17443052, 278762688, 474836, 244872384, 392146960]]
Model_cost: [32485652433.605717, [988.28755952381, 41814593, 668963704, 1706881, 49400505, 136610]] [4278774852.0, [3786.0, 5333103, 85328676, 86895, 77870628, 4866975]] [314765880.0, [12.5, 390450, 6247200, 13170, 6247200, 390410]] [5324282951.0, [1270.65625, 6635394, 106002464, 38794, 103509152, 971968092]] [1696086622.3999996, [186.39999999999998, 2171654, 34713648, 87366, 7767792, 19803]] [308775218110.8, [629.5500000000001, 383626383, 6138012243, 5340891, 6137123727, 383570187]] [1639828912.1604395, [74.6683379120879, 2055020, 32839552, 67028, 25506688, 1502608]]
Arch_Param: [32, 8192, 32768, 8, 512, 16]
SK_cost: [37772107916.479996, [372370.79666666663, 23676452, 757568376, 845252, 612138168, 1200535073]] [4287556644.0, [50991.0, 2666607, 85328676, 86895, 85328676, 169873263]] [314295800.0, [3263.333333333285, 195230, 6247200, 13150, 6247200, 13130]] [5707191576.0, [55755.33333333302, 3553222, 113702944, 38734, 113702944, 210388252]] [2222490731.2, [21689.199999999997, 1388550, 44335152, 19654, 42754608, 85459014]] [308350852978.8014, [3553845.675000043, 191813655, 6138012243, 5340891, 6138012243, 12275420379]] [13948802441.23077, [137297.84615384653, 8721526, 278762688, 474718, 244872384, 392146960]]
Model_cost: [32402022429.605717, [988.28755952381, 20907556, 668963704, 1706852, 49400505, 128418]] [4268108868.0, [3786.0, 2666607, 85328676, 86895, 77870628, 2433543]] [313983720.0, [12.5, 195230, 6247200, 13150, 6247200, 195210]] [5311049303.0, [1270.65625, 3327942, 106002464, 38734, 103509152, 971769656]] [1691751518.3999996, [186.39999999999998, 1087878, 34713648, 87366, 7767792, 19803]] [308007967198.8, [629.5500000000001, 191813655, 6138012243, 5340891, 6137123727, 191785179]] [1635711320.1604395, [74.6683379120879, 1027510, 32839552, 66910, 25506688, 754576]]
Arch_Param: [32, 8192, 32768, 8, 1024, 16]
SK_cost: [37724780736.479996, [372370.79666666663, 11844705, 757568376, 845249, 612138168, 1200535073]] [4282223652.0, [50991.0, 1333359, 85328676, 86895, 85328676, 169873263]] [313930320.0, [3263.333333333285, 104020, 6247200, 13140, 6247200, 13130]] [5700108832.0, [55755.33333333302, 1783016, 113702944, 38704, 113702944, 210388252]] [2219721835.2, [21689.199999999997, 696326, 44335152, 19654, 42754608, 85459014]] [307967227522.8014, [3553845.675000043, 95907291, 6138012243, 5340891, 6138012243, 12275420379]] [13931405789.23077, [137297.84615384653, 4373307, 278762688, 474659, 244872384, 392146960]]
Model_cost: [32360419665.605717, [988.28755952381, 10506913, 668963704, 1706849, 49400505, 124322]] [4262775876.0, [3786.0, 1333359, 85328676, 86895, 77870628, 1216827]] [313618255.0, [12.65625, 104020, 6247200, 13140, 6247200, 27210]] [5304458094.0, [1270.8125, 1680616, 106002464, 38704, 103509152, 971600038]] [1689583966.3999996, [186.39999999999998, 545990, 34713648, 87366, 7767792, 19803]] [307624341742.8, [629.5500000000001, 95907291, 6138012243, 5340891, 6137123727, 95892675]] [1633668780.1604395, [74.6683379120879, 517819, 32839552, 66851, 25506688, 380560]]
Arch_Param: [32, 8192, 32768, 16, 256, 16]
SK_cost: [20346204982.239998, [199904.02333333332, 25429697, 406836408, 451617, 334122168, 644503073]] [4298222628.0, [50991.0, 5333103, 85328676, 86895, 85328676, 169873263]] [315077960.0, [3263.333333333285, 390450, 6247200, 13170, 6247200, 13130]] [5721408264.0, [55755.33333333302, 7106434, 113702944, 38794, 113702944, 210388252]] [1114041041.6, [10847.599999999999, 1386502, 22167600, 9830, 21389872, 42729542]] [309118103890.8014, [3553845.675000043, 383626383, 6138012243, 5340891, 6138012243, 12275420379]] [11905793643.076923, [116288.61538461514, 14813420, 236848320, 329428, 222786752, 347975696]]
Model_cost: [17485188653.44571, [541.244226190476, 22447809, 359126200, 913857, 49400505, 136610]] [4278774852.0, [3786.0, 5333103, 85328676, 86895, 77870628, 4866975]] [314765880.0, [12.5, 390450, 6247200, 13170, 6247200, 390410]] [5324282951.0, [1270.65625, 6635394, 106002464, 38794, 103509152, 971968092]] [855812747.1999998, [96.19999999999999, 1085830, 17356848, 43686, 7767792, 19803]] [308775218110.8, [629.5500000000001, 383626383, 6138012243, 5340891, 6137123727, 383570187]] [1429927690.4153845, [56.94182692307692, 1783660, 28517760, 45652, 25506688, 1502608]]
Arch_Param: [32, 8192, 32768, 16, 512, 16]
SK_cost: [20295344770.239998, [199904.02333333332, 12715108, 406836408, 451588, 334122168, 644503073]] [4287556644.0, [50991.0, 2666607, 85328676, 86895, 85328676, 169873263]] [314295800.0, [3263.333333333285, 195230, 6247200, 13150, 6247200, 13130]] [5707191576.0, [55755.33333333302, 3553222, 113702944, 38734, 113702944, 210388252]] [1111272145.6, [10847.599999999999, 694278, 22167600, 9830, 21389872, 42729542]] [308350852978.8014, [3553845.675000043, 191813655, 6138012243, 5340891, 6138012243, 12275420379]] [11876159251.076923, [116288.61538461514, 7406710, 236848320, 329310, 222786752, 347975696]]
Model_cost: [17440292217.44571, [541.244226190476, 11224164, 359126200, 913828, 49400505, 128418]] [4268108868.0, [3786.0, 2666607, 85328676, 86895, 77870628, 2433543]] [313983720.0, [12.5, 195230, 6247200, 13150, 6247200, 195210]] [5311049303.0, [1270.65625, 3327942, 106002464, 38734, 103509152, 971769656]] [853645195.1999998, [96.19999999999999, 543942, 17356848, 43686, 7767792, 19803]] [308007967198.8, [629.5500000000001, 191813655, 6138012243, 5340891, 6137123727, 191785179]] [1426352818.4153845, [56.94182692307692, 891830, 28517760, 45534, 25506688, 754576]]
Arch_Param: [32, 8192, 32768, 16, 1024, 16]
SK_cost: [20269927862.239998, [199904.02333333332, 6360929, 406836408, 451585, 334122168, 644503073]] [4282223652.0, [50991.0, 1333359, 85328676, 86895, 85328676, 169873263]] [313930320.0, [3263.333333333285, 104020, 6247200, 13140, 6247200, 13130]] [5700108832.0, [55755.33333333302, 1783016, 113702944, 38704, 113702944, 210388252]] [1109887697.6, [10847.599999999999, 348166, 22167600, 9830, 21389872, 42729542]] [307967227522.8014, [3553845.675000043, 95907291, 6138012243, 5340891, 6138012243, 12275420379]] [11861367655.076923, [116288.61538461514, 3709755, 236848320, 329251, 222786752, 347975696]]
Model_cost: [17417950893.44571, [541.244226190476, 5638881, 359126200, 913825, 49400505, 124322]] [4262775876.0, [3786.0, 1333359, 85328676, 86895, 77870628, 1216827]] [313618255.0, [12.65625, 104020, 6247200, 13140, 6247200, 27210]] [5304458094.0, [1270.8125, 1680616, 106002464, 38704, 103509152, 971600038]] [852561419.1999998, [96.19999999999999, 272998, 17356848, 43686, 7767792, 19803]] [307624341742.8, [629.5500000000001, 95907291, 6138012243, 5340891, 6137123727, 95892675]] [1424573958.4153845, [56.94182692307692, 448059, 28517760, 45475, 25506688, 380560]]
Arch_Param: [32, 8192, 32768, 32, 256, 16]
SK_cost: [11588732378.08, [113703.06333333332, 14471873, 231526584, 254913, 195169464, 366597665]] [4298222628.0, [50991.0, 5333103, 85328676, 86895, 85328676, 169873263]] [315077960.0, [3263.333333333285, 390450, 6247200, 13170, 6247200, 13130]] [5721408264.0, [55755.33333333302, 7106434, 113702944, 38794, 113702944, 210388252]] [557047300.8, [5426.799999999999, 693254, 11083824, 4918, 10707504, 21364806]] [309118103890.8014, [3553845.675000043, 383626383, 6138012243, 5340891, 6138012243, 12275420379]] [10866842416.0, [105784.00000000015, 13498604, 215891136, 256724, 211743936, 325890064]]
Model_cost: [9987680887.434288, [318.0149404761906, 12767937, 204263608, 517569, 49400505, 136610]] [4278774852.0, [3786.0, 5333103, 85328676, 86895, 77870628, 4866975]] [314765880.0, [12.5, 390450, 6247200, 13170, 6247200, 390410]] [5324282951.0, [1270.65625, 6635394, 106002464, 38794, 103509152, 971968092]] [434643867.2, [53.7, 542918, 8678448, 5718, 7767792, 475483]] [308775218110.8, [629.5500000000001, 383626383, 6138012243, 5340891, 6137123727, 383570187]] [1324911529.142857, [47.92857142857143, 1647980, 26356864, 33940, 25506688, 1579792]]
Arch_Param: [32, 8192, 32768, 32, 512, 16]
SK_cost: [11559787814.08, [113703.06333333332, 7236196, 231526584, 254884, 195169464, 366597665]] [4287556644.0, [50991.0, 2666607, 85328676, 86895, 85328676, 169873263]] [314295800.0, [3263.333333333285, 195230, 6247200, 13150, 6247200, 13130]] [5707191576.0, [55755.33333333302, 3553222, 113702944, 38734, 113702944, 210388252]] [555662852.8, [5426.799999999999, 347142, 11083824, 4918, 10707504, 21364806]] [308350852978.8014, [3553845.675000043, 191813655, 6138012243, 5340891, 6138012243, 12275420379]] [10839837656.0, [105784.00000000015, 6749302, 215891136, 256606, 211743936, 325890064]]
Model_cost: [9962144195.434288, [318.0149404761906, 6384228, 204263608, 517540, 49400505, 128418]] [4268108868.0, [3786.0, 2666607, 85328676, 86895, 77870628, 2433543]] [313983720.0, [12.5, 195230, 6247200, 13150, 6247200, 195210]] [5311049303.0, [1270.65625, 3327942, 106002464, 38734, 103509152, 971769656]] [433560091.2, [53.7, 271974, 8678448, 5718, 7767792, 237915]] [308007967198.8, [629.5500000000001, 191813655, 6138012243, 5340891, 6137123727, 191785179]] [1321608017.142857, [47.92857142857143, 823990, 26356864, 33822, 25506688, 790800]]
Arch_Param: [32, 8192, 32768, 32, 1024, 16]
SK_cost: [11545322586.08, [113703.06333333332, 3619937, 231526584, 254881, 195169464, 366597665]] [4282223652.0, [50991.0, 1333359, 85328676, 86895, 85328676, 169873263]] [313930320.0, [3263.333333333285, 104020, 6247200, 13140, 6247200, 13130]] [5700108832.0, [55755.33333333302, 1783016, 113702944, 38704, 113702944, 210388252]] [554970628.8, [5426.799999999999, 174086, 11083824, 4918, 10707504, 21364806]] [307967227522.8014, [3553845.675000043, 95907291, 6138012243, 5340891, 6138012243, 12275420379]] [10826348588.0, [105784.00000000015, 3377979, 215891136, 256547, 211743936, 325890064]]
Model_cost: [9949430519.434288, [318.0149404761906, 3205857, 204263608, 517537, 49400505, 124322]] [4262775876.0, [3786.0, 1333359, 85328676, 86895, 77870628, 1216827]] [313618255.0, [12.65625, 104020, 6247200, 13140, 6247200, 27210]] [5304458094.0, [1270.8125, 1680616, 106002464, 38704, 103509152, 971600038]] [433018203.2, [53.7, 136502, 8678448, 5718, 7767792, 119131]] [307624341742.8, [629.5500000000001, 95907291, 6138012243, 5340891, 6137123727, 95892675]] [1319960997.142857, [47.92857142857143, 413179, 26356864, 33763, 25506688, 396304]]
Arch_Param: [32, 8192, 16384, 4, 256, 16]
SK_cost: [72993067888.97298, [1465968.6351351351, 91214401, 1459298552, 1634145, 1168280760, 2312820257]] [8248230948.0, [194415.0, 10223727, 163578660, 164463, 163185444, 325586799]] [315390280.0, [6516.66666666657, 390450, 6247200, 13170, 6247200, 13130]] [5726775240.0, [111661.33333333023, 7106434, 113702944, 38794, 113702944, 210388252]] [4460245304.0, [87558.0, 5545990, 88670256, 39302, 85484080, 170917958]] [618888067477.2079, [14214137.700000172, 767215743, 12275433555, 10680855, 12275130963, 24549657819]] [20914566704.0, [425898.6666666666, 26148076, 417716928, 820436, 333083840, 568569872]]
Model_cost: [62499714168.7027, [3731.3614864864867, 80564801, 1288904952, 3294657, 49400505, 136610]] [8073852708.0, [7911.0, 10223727, 163578660, 385647, 77870628, 185031]] [314766120.0, [15.0, 390450, 6247200, 13170, 6247200, 390410]] [5324402054.0, [2511.3125, 6635394, 106002464, 38794, 103509152, 971968092]] [3376667416.0, [711.0, 4343302, 69427248, 174726, 7767792, 19803]] [606383737549.1998, [1483.7000000000003, 767215743, 12275433555, 28432407, 6137123727, 14212839]] [2358921150.0, [234.8125, 2983404, 47652928, 134548, 25506688, 1055632]]
Arch_Param: [32, 8192, 16384, 4, 512, 16]
SK_cost: [72810638268.97298, [1465968.6351351351, 45607460, 1459298552, 1634116, 1168280760, 2312820257]] [8227783716.0, [194415.0, 5111919, 163578660, 164463, 163185444, 325586799]] [314608120.0, [6516.66666666657, 195230, 6247200, 13150, 6247200, 13130]] [5712558552.0, [111661.33333333023, 3553222, 113702944, 38734, 113702944, 210388252]] [4449169720.0, [87558.0, 2777094, 88670256, 39302, 85484080, 170917958]] [617353639381.2079, [14214137.700000172, 383608719, 12275433555, 10680855, 12275130963, 24549657819]] [20862263000.0, [425898.6666666666, 13074038, 417716928, 820318, 333083840, 568569872]]
Model_cost: [62338583748.7027, [3731.3614864864867, 40282660, 1288904952, 3294628, 49400505, 128418]] [8053405476.0, [7911.0, 5111919, 163578660, 385647, 77870628, 184743]] [313983960.0, [15.0, 195230, 6247200, 13150, 6247200, 195210]] [5311168406.0, [2511.3125, 3327942, 106002464, 38734, 103509152, 971769656]] [3367997208.0, [711.0, 2175750, 69427248, 174726, 7767792, 19803]] [604849309453.1998, [1483.7000000000003, 383608719, 12275433555, 28432407, 6137123727, 14212815]] [2352946790.0, [234.8125, 1491702, 47652928, 134430, 25506688, 541072]]
Arch_Param: [32, 8192, 16384, 4, 1024, 16]
SK_cost: [72719473904.97298, [1465968.6351351351, 22816417, 1459298552, 1634113, 1168280760, 2312820257]] [8217560100.0, [194415.0, 2556015, 163578660, 164463, 163185444, 325586799]] [314242640.0, [6516.66666666657, 104020, 6247200, 13140, 6247200, 13130]] [5705475808.0, [111661.33333333023, 1783016, 113702944, 38704, 113702944, 210388252]] [4443631928.0, [87558.0, 1392646, 88670256, 39302, 85484080, 170917958]] [616586425333.2079, [14214137.700000172, 191805207, 12275433555, 10680855, 12275130963, 24549657819]] [20836211500.0, [425898.6666666666, 6562107, 417716928, 820259, 333083840, 568569872]]
Model_cost: [62258442232.7027, [3731.3614864864867, 20247329, 1288904952, 3294625, 49400505, 124322]] [8043181860.0, [7911.0, 2556015, 163578660, 385647, 77870628, 184599]] [313618510.0, [15.3125, 104020, 6247200, 13140, 6247200, 27210]] [5304577212.0, [2511.625, 1680616, 106002464, 38704, 103509152, 971600038]] [3363662104.0, [711.0, 1091974, 69427248, 174726, 7767792, 19803]] [604082095405.1998, [1483.7000000000003, 191805207, 12275433555, 28432407, 6137123727, 14212803]] [2349991354.0, [234.8125, 753787, 47652928, 134371, 25506688, 283792]]
Arch_Param: [32, 8192, 16384, 8, 256, 16]
SK_cost: [37904051354.48649, [760265.0675675676, 47352385, 757568376, 845281, 612138168, 1200535073]] [4303107108.0, [101871.0, 5333103, 85328676, 86895, 85328676, 169873263]] [315390280.0, [6516.66666666657, 390450, 6247200, 13170, 6247200, 13130]] [5726775240.0, [111661.33333333023, 7106434, 113702944, 38794, 113702944, 210388252]] [2230149432.0, [43782.0, 2772998, 44335152, 19654, 42754608, 85459014]] [309459257811.60394, [7107532.350000086, 383626383, 6138012243, 5340891, 6138012243, 12275420379]] [13997545008.0, [281557.3333333333, 17443052, 278762688, 474836, 244872384, 392146960]]
Model_cost: [32485741103.35135, [1911.9307432432433, 41814593, 668963704, 1706881, 49400505, 136610]] [4279127652.0, [7461.0, 5333103, 85328676, 86895, 77870628, 4866975]] [314766120.0, [15.0, 390450, 6247200, 13170, 6247200, 390410]] [5324402054.0, [2511.3125, 6635394, 106002464, 38794, 103509152, 971968092]] [1696106648.0, [395.0, 2171654, 34713648, 87366, 7767792, 19803]] [308775263283.5999, [1100.1000000000001, 383626383, 6138012243, 5340891, 6137123727, 383570187]] [1639835214.0, [140.3125, 2055020, 32839552, 67028, 25506688, 1502608]]
Arch_Param: [32, 8192, 16384, 8, 512, 16]
SK_cost: [37809345766.48649, [760265.0675675676, 23676452, 757568376, 845252, 612138168, 1200535073]] [4292441124.0, [101871.0, 2666607, 85328676, 86895, 85328676, 169873263]] [314608120.0, [6516.66666666657, 195230, 6247200, 13150, 6247200, 13130]] [5712558552.0, [111661.33333333023, 3553222, 113702944, 38734, 113702944, 210388252]] [2224611640.0, [43782.0, 1388550, 44335152, 19654, 42754608, 85459014]] [308692006899.60394, [7107532.350000086, 191813655, 6138012243, 5340891, 6138012243, 12275420379]] [13962651352.0, [281557.3333333333, 8721526, 278762688, 474718, 244872384, 392146960]]
Model_cost: [32402111099.35135, [1911.9307432432433, 20907556, 668963704, 1706852, 49400505, 128418]] [4268461668.0, [7461.0, 2666607, 85328676, 86895, 77870628, 2433543]] [313983960.0, [15.0, 195230, 6247200, 13150, 6247200, 195210]] [5311168406.0, [2511.3125, 3327942, 106002464, 38734, 103509152, 971769656]] [1691771544.0, [395.0, 1087878, 34713648, 87366, 7767792, 19803]] [308008012371.5999, [1100.1000000000001, 191813655, 6138012243, 5340891, 6137123727, 191785179]] [1635717622.0, [140.3125, 1027510, 32839552, 66910, 25506688, 754576]]
Arch_Param: [32, 8192, 16384, 8, 1024, 16]
SK_cost: [37762018586.48649, [760265.0675675676, 11844705, 757568376, 845249, 612138168, 1200535073]] [4287108132.0, [101871.0, 1333359, 85328676, 86895, 85328676, 169873263]] [314242640.0, [6516.66666666657, 104020, 6247200, 13140, 6247200, 13130]] [5705475808.0, [111661.33333333023, 1783016, 113702944, 38704, 113702944, 210388252]] [2221842744.0, [43782.0, 696326, 44335152, 19654, 42754608, 85459014]] [308308381443.60394, [7107532.350000086, 95907291, 6138012243, 5340891, 6138012243, 12275420379]] [13945254700.0, [281557.3333333333, 4373307, 278762688, 474659, 244872384, 392146960]]
Model_cost: [32360508335.35135, [1911.9307432432433, 10506913, 668963704, 1706849, 49400505, 124322]] [4263128676.0, [7461.0, 1333359, 85328676, 86895, 77870628, 1216827]] [313618510.0, [15.3125, 104020, 6247200, 13140, 6247200, 27210]] [5304577212.0, [2511.625, 1680616, 106002464, 38704, 103509152, 971600038]] [1689603992.0, [395.0, 545990, 34713648, 87366, 7767792, 19803]] [307624386915.5999, [1100.1000000000001, 95907291, 6138012243, 5340891, 6137123727, 95892675]] [1633675082.0, [140.3125, 517819, 32839552, 66851, 25506688, 380560]]
Arch_Param: [32, 8192, 16384, 16, 256, 16]
SK_cost: [20366142383.243244, [407585.2837837838, 25429697, 406836408, 451617, 334122168, 644503073]] [4303107108.0, [101871.0, 5333103, 85328676, 86895, 85328676, 169873263]] [315390280.0, [6516.66666666657, 390450, 6247200, 13170, 6247200, 13130]] [5726775240.0, [111661.33333333023, 7106434, 113702944, 38794, 113702944, 210388252]] [1115101496.0, [21894.0, 1386502, 22167600, 9830, 21389872, 42729542]] [309459257811.60394, [7107532.350000086, 383626383, 6138012243, 5340891, 6138012243, 12275420379]] [11917315632.0, [236309.33333333334, 14813420, 236848320, 329428, 222786752, 347975696]]
Model_cost: [17485240931.675674, [1085.8091216216217, 22447809, 359126200, 913857, 49400505, 136610]] [4279127652.0, [7461.0, 5333103, 85328676, 86895, 77870628, 4866975]] [314766120.0, [15.0, 390450, 6247200, 13170, 6247200, 390410]] [5324402054.0, [2511.3125, 6635394, 106002464, 38794, 103509152, 971968092]] [855822808.0, [201.0, 1085830, 17356848, 43686, 7767792, 19803]] [308775263283.5999, [1100.1000000000001, 383626383, 6138012243, 5340891, 6137123727, 383570187]] [1429931866.0, [100.4375, 1783660, 28517760, 45652, 25506688, 1502608]]
Arch_Param: [32, 8192, 16384, 16, 512, 16]
SK_cost: [20315282171.243244, [407585.2837837838, 12715108, 406836408, 451588, 334122168, 644503073]] [4292441124.0, [101871.0, 2666607, 85328676, 86895, 85328676, 169873263]] [314608120.0, [6516.66666666657, 195230, 6247200, 13150, 6247200, 13130]] [5712558552.0, [111661.33333333023, 3553222, 113702944, 38734, 113702944, 210388252]] [1112332600.0, [21894.0, 694278, 22167600, 9830, 21389872, 42729542]] [308692006899.60394, [7107532.350000086, 191813655, 6138012243, 5340891, 6138012243, 12275420379]] [11887681240.0, [236309.33333333334, 7406710, 236848320, 329310, 222786752, 347975696]]
Model_cost: [17440344495.675674, [1085.8091216216217, 11224164, 359126200, 913828, 49400505, 128418]] [4268461668.0, [7461.0, 2666607, 85328676, 86895, 77870628, 2433543]] [313983960.0, [15.0, 195230, 6247200, 13150, 6247200, 195210]] [5311168406.0, [2511.3125, 3327942, 106002464, 38734, 103509152, 971769656]] [853655256.0, [201.0, 543942, 17356848, 43686, 7767792, 19803]] [308008012371.5999, [1100.1000000000001, 191813655, 6138012243, 5340891, 6137123727, 191785179]] [1426356994.0, [100.4375, 891830, 28517760, 45534, 25506688, 754576]]
Arch_Param: [32, 8192, 16384, 16, 1024, 16]
SK_cost: [20289865263.243244, [407585.2837837838, 6360929, 406836408, 451585, 334122168, 644503073]] [4287108132.0, [101871.0, 1333359, 85328676, 86895, 85328676, 169873263]] [314242640.0, [6516.66666666657, 104020, 6247200, 13140, 6247200, 13130]] [5705475808.0, [111661.33333333023, 1783016, 113702944, 38704, 113702944, 210388252]] [1110948152.0, [21894.0, 348166, 22167600, 9830, 21389872, 42729542]] [308308381443.60394, [7107532.350000086, 95907291, 6138012243, 5340891, 6138012243, 12275420379]] [11872889644.0, [236309.33333333334, 3709755, 236848320, 329251, 222786752, 347975696]]
Model_cost: [17418003171.675674, [1085.8091216216217, 5638881, 359126200, 913825, 49400505, 124322]] [4263128676.0, [7461.0, 1333359, 85328676, 86895, 77870628, 1216827]] [313618510.0, [15.3125, 104020, 6247200, 13140, 6247200, 27210]] [5304577212.0, [2511.625, 1680616, 106002464, 38704, 103509152, 971600038]] [852571480.0, [201.0, 272998, 17356848, 43686, 7767792, 19803]] [307624386915.5999, [1100.1000000000001, 95907291, 6138012243, 5340891, 6137123727, 95892675]] [1424578134.0, [100.4375, 448059, 28517760, 45475, 25506688, 380560]]
Arch_Param: [32, 8192, 16384, 32, 256, 16]
SK_cost: [11600025740.64865, [231342.25675675675, 14471873, 231526584, 254913, 195169464, 366597665]] [4303107108.0, [101871.0, 5333103, 85328676, 86895, 85328676, 169873263]] [315390280.0, [6516.66666666657, 390450, 6247200, 13170, 6247200, 13130]] [5726775240.0, [111661.33333333023, 7106434, 113702944, 38794, 113702944, 210388252]] [557577528.0, [10950.0, 693254, 11083824, 4918, 10707504, 21364806]] [309459257811.60394, [7107532.350000086, 383626383, 6138012243, 5340891, 6138012243, 12275420379]] [10877200944.0, [213685.3333333333, 13498604, 215891136, 256724, 211743936, 325890064]]
Model_cost: [9987714175.135136, [664.7618243243244, 12767937, 204263608, 517569, 49400505, 136610]] [4279127652.0, [7461.0, 5333103, 85328676, 86895, 77870628, 4866975]] [314766120.0, [15.0, 390450, 6247200, 13170, 6247200, 390410]] [5324402054.0, [2511.3125, 6635394, 106002464, 38794, 103509152, 971968092]] [434647832.0, [95.0, 542918, 8678448, 5718, 7767792, 475483]] [308775263283.5999, [1100.1000000000001, 383626383, 6138012243, 5340891, 6137123727, 383570187]] [1324914704.0, [81.0, 1647980, 26356864, 33940, 25506688, 1579792]]
Arch_Param: [32, 8192, 16384, 32, 512, 16]
SK_cost: [11571081176.64865, [231342.25675675675, 7236196, 231526584, 254884, 195169464, 366597665]] [4292441124.0, [101871.0, 2666607, 85328676, 86895, 85328676, 169873263]] [314608120.0, [6516.66666666657, 195230, 6247200, 13150, 6247200, 13130]] [5712558552.0, [111661.33333333023, 3553222, 113702944, 38734, 113702944, 210388252]] [556193080.0, [10950.0, 347142, 11083824, 4918, 10707504, 21364806]] [308692006899.60394, [7107532.350000086, 191813655, 6138012243, 5340891, 6138012243, 12275420379]] [10850196184.0, [213685.3333333333, 6749302, 215891136, 256606, 211743936, 325890064]]
Model_cost: [9962177483.135136, [664.7618243243244, 6384228, 204263608, 517540, 49400505, 128418]] [4268461668.0, [7461.0, 2666607, 85328676, 86895, 77870628, 2433543]] [313983960.0, [15.0, 195230, 6247200, 13150, 6247200, 195210]] [5311168406.0, [2511.3125, 3327942, 106002464, 38734, 103509152, 971769656]] [433564056.0, [95.0, 271974, 8678448, 5718, 7767792, 237915]] [308008012371.5999, [1100.1000000000001, 191813655, 6138012243, 5340891, 6137123727, 191785179]] [1321611192.0, [81.0, 823990, 26356864, 33822, 25506688, 790800]]
Arch_Param: [32, 8192, 16384, 32, 1024, 16]
SK_cost: [11556615948.64865, [231342.25675675675, 3619937, 231526584, 254881, 195169464, 366597665]] [4287108132.0, [101871.0, 1333359, 85328676, 86895, 85328676, 169873263]] [314242640.0, [6516.66666666657, 104020, 6247200, 13140, 6247200, 13130]] [5705475808.0, [111661.33333333023, 1783016, 113702944, 38704, 113702944, 210388252]] [555500856.0, [10950.0, 174086, 11083824, 4918, 10707504, 21364806]] [308308381443.60394, [7107532.350000086, 95907291, 6138012243, 5340891, 6138012243, 12275420379]] [10836707116.0, [213685.3333333333, 3377979, 215891136, 256547, 211743936, 325890064]]
Model_cost: [9949463807.135136, [664.7618243243244, 3205857, 204263608, 517537, 49400505, 124322]] [4263128676.0, [7461.0, 1333359, 85328676, 86895, 77870628, 1216827]] [313618510.0, [15.3125, 104020, 6247200, 13140, 6247200, 27210]] [5304577212.0, [2511.625, 1680616, 106002464, 38704, 103509152, 971600038]] [433022168.0, [95.0, 136502, 8678448, 5718, 7767792, 119131]] [307624386915.5999, [1100.1000000000001, 95907291, 6138012243, 5340891, 6137123727, 95892675]] [1319964172.0, [81.0, 413179, 26356864, 33763, 25506688, 396304]]
Arch_Param: [32, 8192, 8192, 4, 256, 16]
SK_cost: [73133801289.33333, [2931941.5555555555, 91214401, 1459298552, 1634145, 1168280760, 2312820257]] [8266884132.0, [388719.0, 10223727, 163578660, 164463, 163185444, 325586799]] [316025160.0, [13130.0, 390450, 6247200, 13170, 6247200, 13130]] [5737513288.0, [223516.0, 7106434, 113702944, 38794, 113702944, 210388252]] [4468650296.0, [175110.0, 5545990, 88670256, 39302, 85484080, 170917958]] [620252624178.0, [28428270.0, 767215743, 12275433555, 10680855, 12275130963, 24549657819]] [20955451440.0, [851781.3333333333, 26148076, 417716928, 820436, 333083840, 568569872]]
Model_cost: [62500054430.0, [7275.75, 80564801, 1288904952, 3294657, 49400505, 136610]] [8074601508.0, [15711.0, 10223727, 163578660, 385647, 77870628, 185031]] [314766600.0, [20.0, 390450, 6247200, 13170, 6247200, 390410]] [5324641220.0, [5002.625, 6635394, 106002464, 38794, 103509152, 971968092]] [3376735096.0, [1416.0, 4343302, 69427248, 174726, 7767792, 19803]] [606383879466.0, [2962.0, 767215743, 12275433555, 28432407, 6137123727, 14212839]] [2358941484.0, [446.625, 2983404, 47652928, 134548, 25506688, 1055632]]
Arch_Param: [32, 8192, 8192, 4, 512, 16]
SK_cost: [72951371669.33333, [2931941.5555555555, 45607460, 1459298552, 1634116, 1168280760, 2312820257]] [8246436900.0, [388719.0, 5111919, 163578660, 164463, 163185444, 325586799]] [315243000.0, [13130.0, 195230, 6247200, 13150, 6247200, 13130]] [5723296600.0, [223516.0, 3553222, 113702944, 38734, 113702944, 210388252]] [4457574712.0, [175110.0, 2777094, 88670256, 39302, 85484080, 170917958]] [618718196082.0, [28428270.0, 383608719, 12275433555, 10680855, 12275130963, 24549657819]] [20903147736.0, [851781.3333333333, 13074038, 417716928, 820318, 333083840, 568569872]]
Model_cost: [62338924010.0, [7275.75, 40282660, 1288904952, 3294628, 49400505, 128418]] [8054154276.0, [15711.0, 5111919, 163578660, 385647, 77870628, 184743]] [313984440.0, [20.0, 195230, 6247200, 13150, 6247200, 195210]] [5311407572.0, [5002.625, 3327942, 106002464, 38734, 103509152, 971769656]] [3368064888.0, [1416.0, 2175750, 69427248, 174726, 7767792, 19803]] [604849451370.0, [2962.0, 383608719, 12275433555, 28432407, 6137123727, 14212815]] [2352967124.0, [446.625, 1491702, 47652928, 134430, 25506688, 541072]]
Arch_Param: [32, 8192, 8192, 4, 1024, 16]
SK_cost: [72860207305.33333, [2931941.5555555555, 22816417, 1459298552, 1634113, 1168280760, 2312820257]] [8236213284.0, [388719.0, 2556015, 163578660, 164463, 163185444, 325586799]] [314877520.0, [13130.0, 104020, 6247200, 13140, 6247200, 13130]] [5716213856.0, [223516.0, 1783016, 113702944, 38704, 113702944, 210388252]] [4452036920.0, [175110.0, 1392646, 88670256, 39302, 85484080, 170917958]] [617950982034.0, [28428270.0, 191805207, 12275433555, 10680855, 12275130963, 24549657819]] [20877096236.0, [851781.3333333333, 6562107, 417716928, 820259, 333083840, 568569872]]
Model_cost: [62258782494.0, [7275.75, 20247329, 1288904952, 3294625, 49400505, 124322]] [8043930660.0, [15711.0, 2556015, 163578660, 385647, 77870628, 184599]] [313619020.0, [20.625, 104020, 6247200, 13140, 6247200, 27210]] [5304816408.0, [5003.25, 1680616, 106002464, 38704, 103509152, 971600038]] [3363729784.0, [1416.0, 1091974, 69427248, 174726, 7767792, 19803]] [604082237322.0, [2962.0, 191805207, 12275433555, 28432407, 6137123727, 14212803]] [2350011688.0, [446.625, 753787, 47652928, 134371, 25506688, 283792]]
Arch_Param: [32, 8192, 8192, 8, 256, 16]
SK_cost: [37977035422.666664, [1520515.7777777778, 47352385, 757568376, 845281, 612138168, 1200535073]] [4312876068.0, [203631.0, 5333103, 85328676, 86895, 85328676, 169873263]] [316025160.0, [13130.0, 390450, 6247200, 13170, 6247200, 13130]] [5737513288.0, [223516.0, 7106434, 113702944, 38794, 113702944, 210388252]] [2234351928.0, [87558.0, 2772998, 44335152, 19654, 42754608, 85459014]] [310141573026.0, [14214982.5, 383626383, 6138012243, 5340891, 6138012243, 12275420379]] [14024572976.0, [563098.6666666666, 17443052, 278762688, 474836, 244872384, 392146960]]
Model_cost: [32485921508.666668, [3791.152777777778, 41814593, 668963704, 1706881, 49400505, 136610]] [4279833252.0, [14811.0, 5333103, 85328676, 86895, 77870628, 4866975]] [314766600.0, [20.0, 390450, 6247200, 13170, 6247200, 390410]] [5324641220.0, [5002.625, 6635394, 106002464, 38794, 103509152, 971968092]] [1696136984.0, [711.0, 2171654, 34713648, 87366, 7767792, 19803]] [308775361002.0, [2118.0, 383626383, 6138012243, 5340891, 6137123727, 383570187]] [1639845900.0, [251.625, 2055020, 32839552, 67028, 25506688, 1502608]]
Arch_Param: [32, 8192, 8192, 8, 512, 16]
SK_cost: [37882329834.666664, [1520515.7777777778, 23676452, 757568376, 845252, 612138168, 1200535073]] [4302210084.0, [203631.0, 2666607, 85328676, 86895, 85328676, 169873263]] [315243000.0, [13130.0, 195230, 6247200, 13150, 6247200, 13130]] [5723296600.0, [223516.0, 3553222, 113702944, 38734, 113702944, 210388252]] [2228814136.0, [87558.0, 1388550, 44335152, 19654, 42754608, 85459014]] [309374322114.0, [14214982.5, 191813655, 6138012243, 5340891, 6138012243, 12275420379]] [13989679320.0, [563098.6666666666, 8721526, 278762688, 474718, 244872384, 392146960]]
Model_cost: [32402291504.666668, [3791.152777777778, 20907556, 668963704, 1706852, 49400505, 128418]] [4269167268.0, [14811.0, 2666607, 85328676, 86895, 77870628, 2433543]] [313984440.0, [20.0, 195230, 6247200, 13150, 6247200, 195210]] [5311407572.0, [5002.625, 3327942, 106002464, 38734, 103509152, 971769656]] [1691801880.0, [711.0, 1087878, 34713648, 87366, 7767792, 19803]] [308008110090.0, [2118.0, 191813655, 6138012243, 5340891, 6137123727, 191785179]] [1635728308.0, [251.625, 1027510, 32839552, 66910, 25506688, 754576]]
Arch_Param: [32, 8192, 8192, 8, 1024, 16]
SK_cost: [37835002654.666664, [1520515.7777777778, 11844705, 757568376, 845249, 612138168, 1200535073]] [4296877092.0, [203631.0, 1333359, 85328676, 86895, 85328676, 169873263]] [314877520.0, [13130.0, 104020, 6247200, 13140, 6247200, 13130]] [5716213856.0, [223516.0, 1783016, 113702944, 38704, 113702944, 210388252]] [2226045240.0, [87558.0, 696326, 44335152, 19654, 42754608, 85459014]] [308990696658.0, [14214982.5, 95907291, 6138012243, 5340891, 6138012243, 12275420379]] [13972282668.0, [563098.6666666666, 4373307, 278762688, 474659, 244872384, 392146960]]
Model_cost: [32360688740.666668, [3791.152777777778, 10506913, 668963704, 1706849, 49400505, 124322]] [4263834276.0, [14811.0, 1333359, 85328676, 86895, 77870628, 1216827]] [313619020.0, [20.625, 104020, 6247200, 13140, 6247200, 27210]] [5304816408.0, [5003.25, 1680616, 106002464, 38704, 103509152, 971600038]] [1689634328.0, [711.0, 545990, 34713648, 87366, 7767792, 19803]] [307624484634.0, [2118.0, 95907291, 6138012243, 5340891, 6137123727, 95892675]] [1633685768.0, [251.625, 517819, 32839552, 66851, 25506688, 380560]]
Arch_Param: [32, 8192, 8192, 16, 256, 16]
SK_cost: [20405268297.333332, [815146.8888888889, 25429697, 406836408, 451617, 334122168, 644503073]] [4312876068.0, [203631.0, 5333103, 85328676, 86895, 85328676, 169873263]] [316025160.0, [13130.0, 390450, 6247200, 13170, 6247200, 13130]] [5737513288.0, [223516.0, 7106434, 113702944, 38794, 113702944, 210388252]] [1117202744.0, [43782.0, 1386502, 22167600, 9830, 21389872, 42729542]] [310141573026.0, [14214982.5, 383626383, 6138012243, 5340891, 6138012243, 12275420379]] [11939999792.0, [472602.6666666667, 14813420, 236848320, 329428, 222786752, 347975696]]
Model_cost: [17485341055.333336, [2128.7638888888887, 22447809, 359126200, 913857, 49400505, 136610]] [4279833252.0, [14811.0, 5333103, 85328676, 86895, 77870628, 4866975]] [314766600.0, [20.0, 390450, 6247200, 13170, 6247200, 390410]] [5324641220.0, [5002.625, 6635394, 106002464, 38794, 103509152, 971968092]] [855841432.0, [395.0, 1085830, 17356848, 43686, 7767792, 19803]] [308775361002.0, [2118.0, 383626383, 6138012243, 5340891, 6137123727, 383570187]] [1429939972.0, [184.875, 1783660, 28517760, 45652, 25506688, 1502608]]
Arch_Param: [32, 8192, 8192, 16, 512, 16]
SK_cost: [20354408085.333332, [815146.8888888889, 12715108, 406836408, 451588, 334122168, 644503073]] [4302210084.0, [203631.0, 2666607, 85328676, 86895, 85328676, 169873263]] [315243000.0, [13130.0, 195230, 6247200, 13150, 6247200, 13130]] [5723296600.0, [223516.0, 3553222, 113702944, 38734, 113702944, 210388252]] [1114433848.0, [43782.0, 694278, 22167600, 9830, 21389872, 42729542]] [309374322114.0, [14214982.5, 191813655, 6138012243, 5340891, 6138012243, 12275420379]] [11910365400.0, [472602.6666666667, 7406710, 236848320, 329310, 222786752, 347975696]]
Model_cost: [17440444619.333336, [2128.7638888888887, 11224164, 359126200, 913828, 49400505, 128418]] [4269167268.0, [14811.0, 2666607, 85328676, 86895, 77870628, 2433543]] [313984440.0, [20.0, 195230, 6247200, 13150, 6247200, 195210]] [5311407572.0, [5002.625, 3327942, 106002464, 38734, 103509152, 971769656]] [853673880.0, [395.0, 543942, 17356848, 43686, 7767792, 19803]] [308008110090.0, [2118.0, 191813655, 6138012243, 5340891, 6137123727, 191785179]] [1426365100.0, [184.875, 891830, 28517760, 45534, 25506688, 754576]]
Arch_Param: [32, 8192, 8192, 16, 1024, 16]
SK_cost: [20328991177.333332, [815146.8888888889, 6360929, 406836408, 451585, 334122168, 644503073]] [4296877092.0, [203631.0, 1333359, 85328676, 86895, 85328676, 169873263]] [314877520.0, [13130.0, 104020, 6247200, 13140, 6247200, 13130]] [5716213856.0, [223516.0, 1783016, 113702944, 38704, 113702944, 210388252]] [1113049400.0, [43782.0, 348166, 22167600, 9830, 21389872, 42729542]] [308990696658.0, [14214982.5, 95907291, 6138012243, 5340891, 6138012243, 12275420379]] [11895573804.0, [472602.6666666667, 3709755, 236848320, 329251, 222786752, 347975696]]
Model_cost: [17418103295.333336, [2128.7638888888887, 5638881, 359126200, 913825, 49400505, 124322]] [4263834276.0, [14811.0, 1333359, 85328676, 86895, 77870628, 1216827]] [313619020.0, [20.625, 104020, 6247200, 13140, 6247200, 27210]] [5304816408.0, [5003.25, 1680616, 106002464, 38704, 103509152, 971600038]] [852590104.0, [395.0, 272998, 17356848, 43686, 7767792, 19803]] [307624484634.0, [2118.0, 95907291, 6138012243, 5340891, 6137123727, 95892675]] [1424586240.0, [184.875, 448059, 28517760, 45475, 25506688, 380560]]
Arch_Param: [32, 8192, 8192, 32, 256, 16]
SK_cost: [11622231881.333334, [462656.22222222225, 14471873, 231526584, 254913, 195169464, 366597665]] [4312876068.0, [203631.0, 5333103, 85328676, 86895, 85328676, 169873263]] [316025160.0, [13130.0, 390450, 6247200, 13170, 6247200, 13130]] [5737513288.0, [223516.0, 7106434, 113702944, 38794, 113702944, 210388252]] [558628152.0, [21894.0, 693254, 11083824, 4918, 10707504, 21364806]] [310141573026.0, [14214982.5, 383626383, 6138012243, 5340891, 6138012243, 12275420379]] [10897713200.0, [427354.6666666666, 13498604, 215891136, 256724, 211743936, 325890064]]
Model_cost: [9987760431.333332, [1146.5972222222222, 12767937, 204263608, 517569, 49400505, 136610]] [4279833252.0, [14811.0, 5333103, 85328676, 86895, 77870628, 4866975]] [314766600.0, [20.0, 390450, 6247200, 13170, 6247200, 390410]] [5324641220.0, [5002.625, 6635394, 106002464, 38794, 103509152, 971968092]] [434656280.0, [183.0, 542918, 8678448, 5718, 7767792, 475483]] [308775361002.0, [2118.0, 383626383, 6138012243, 5340891, 6137123727, 383570187]] [1324921136.0, [148.0, 1647980, 26356864, 33940, 25506688, 1579792]]
Arch_Param: [32, 8192, 8192, 32, 512, 16]
SK_cost: [11593287317.333334, [462656.22222222225, 7236196, 231526584, 254884, 195169464, 366597665]] [4302210084.0, [203631.0, 2666607, 85328676, 86895, 85328676, 169873263]] [315243000.0, [13130.0, 195230, 6247200, 13150, 6247200, 13130]] [5723296600.0, [223516.0, 3553222, 113702944, 38734, 113702944, 210388252]] [557243704.0, [21894.0, 347142, 11083824, 4918, 10707504, 21364806]] [309374322114.0, [14214982.5, 191813655, 6138012243, 5340891, 6138012243, 12275420379]] [10870708440.0, [427354.6666666666, 6749302, 215891136, 256606, 211743936, 325890064]]
Model_cost: [9962223739.333332, [1146.5972222222222, 6384228, 204263608, 517540, 49400505, 128418]] [4269167268.0, [14811.0, 2666607, 85328676, 86895, 77870628, 2433543]] [313984440.0, [20.0, 195230, 6247200, 13150, 6247200, 195210]] [5311407572.0, [5002.625, 3327942, 106002464, 38734, 103509152, 971769656]] [433572504.0, [183.0, 271974, 8678448, 5718, 7767792, 237915]] [308008110090.0, [2118.0, 191813655, 6138012243, 5340891, 6137123727, 191785179]] [1321617624.0, [148.0, 823990, 26356864, 33822, 25506688, 790800]]
Arch_Param: [32, 8192, 8192, 32, 1024, 16]
SK_cost: [11578822089.333334, [462656.22222222225, 3619937, 231526584, 254881, 195169464, 366597665]] [4296877092.0, [203631.0, 1333359, 85328676, 86895, 85328676, 169873263]] [314877520.0, [13130.0, 104020, 6247200, 13140, 6247200, 13130]] [5716213856.0, [223516.0, 1783016, 113702944, 38704, 113702944, 210388252]] [556551480.0, [21894.0, 174086, 11083824, 4918, 10707504, 21364806]] [308990696658.0, [14214982.5, 95907291, 6138012243, 5340891, 6138012243, 12275420379]] [10857219372.0, [427354.6666666666, 3377979, 215891136, 256547, 211743936, 325890064]]
Model_cost: [9949510063.333332, [1146.5972222222222, 3205857, 204263608, 517537, 49400505, 124322]] [4263834276.0, [14811.0, 1333359, 85328676, 86895, 77870628, 1216827]] [313619020.0, [20.625, 104020, 6247200, 13140, 6247200, 27210]] [5304816408.0, [5003.25, 1680616, 106002464, 38704, 103509152, 971600038]] [433030616.0, [183.0, 136502, 8678448, 5718, 7767792, 119131]] [307624484634.0, [2118.0, 95907291, 6138012243, 5340891, 6137123727, 95892675]] [1319970604.0, [148.0, 413179, 26356864, 33763, 25506688, 396304]]
Arch_Param: [32, 8192, 4096, 4, 256, 16]
SK_cost: [73406306558.66667, [5770538.111111111, 91214401, 1459298552, 1634145, 1168280760, 2312820257]] [8290919460.0, [639087.0, 10223727, 163578660, 164463, 163185444, 325586799]] [317284680, [26250, 390450, 6247200, 13170, 6247200, 13130]] [5758919752, [446500, 7106434, 113702944, 38794, 113702944, 210388252]] [4485460280, [350214, 5545990, 88670256, 39302, 85484080, 170917958]] [622126846674.0, [47951421.0, 767215743, 12275433555, 10680855, 12275130963, 24549657819]] [21035140432.0, [1681875.0, 26148076, 417716928, 820436, 333083840, 568569872]]
Model_cost: [62500748678.0, [14507.5, 80564801, 1288904952, 3294657, 49400505, 136610]] [8076094500.0, [31263.0, 10223727, 163578660, 385647, 77870628, 185031]] [314767560.0, [30.0, 390450, 6247200, 13170, 6247200, 390410]] [5325118592.0, [9975.25, 6635394, 106002464, 38794, 103509152, 971968092]] [3376870456, [2826, 4343302, 69427248, 174726, 7767792, 19803]] [606384141450.0, [5691.0, 767215743, 12275433555, 28432407, 6137123727, 14212839]] [2358977832.0, [825.25, 2983404, 47652928, 134548, 25506688, 1055632]]
Arch_Param: [32, 8192, 4096, 4, 512, 16]
SK_cost: [73223876938.66667, [5770538.111111111, 45607460, 1459298552, 1634116, 1168280760, 2312820257]] [8270472228.0, [639087.0, 5111919, 163578660, 164463, 163185444, 325586799]] [316502520, [26250, 195230, 6247200, 13150, 6247200, 13130]] [5744703064, [446500, 3553222, 113702944, 38734, 113702944, 210388252]] [4474384696, [350214, 2777094, 88670256, 39302, 85484080, 170917958]] [620592418578.0, [47951421.0, 383608719, 12275433555, 10680855, 12275130963, 24549657819]] [20982836728.0, [1681875.0, 13074038, 417716928, 820318, 333083840, 568569872]]
Model_cost: [62339618258.0, [14507.5, 40282660, 1288904952, 3294628, 49400505, 128418]] [8055647268.0, [31263.0, 5111919, 163578660, 385647, 77870628, 184743]] [313985400.0, [30.0, 195230, 6247200, 13150, 6247200, 195210]] [5311884944.0, [9975.25, 3327942, 106002464, 38734, 103509152, 971769656]] [3368200248, [2826, 2175750, 69427248, 174726, 7767792, 19803]] [604849713354.0, [5691.0, 383608719, 12275433555, 28432407, 6137123727, 14212815]] [2353003472.0, [825.25, 1491702, 47652928, 134430, 25506688, 541072]]
Arch_Param: [32, 8192, 4096, 4, 1024, 16]
SK_cost: [73132712574.66667, [5770538.111111111, 22816417, 1459298552, 1634113, 1168280760, 2312820257]] [8260248612.0, [639087.0, 2556015, 163578660, 164463, 163185444, 325586799]] [316137040, [26250, 104020, 6247200, 13140, 6247200, 13130]] [5737620320, [446500, 1783016, 113702944, 38704, 113702944, 210388252]] [4468846904, [350214, 1392646, 88670256, 39302, 85484080, 170917958]] [619825204530.0, [47951421.0, 191805207, 12275433555, 10680855, 12275130963, 24549657819]] [20956785228.0, [1681875.0, 6562107, 417716928, 820259, 333083840, 568569872]]
Model_cost: [62259476742.0, [14507.5, 20247329, 1288904952, 3294625, 49400505, 124322]] [8045423652.0, [31263.0, 2556015, 163578660, 385647, 77870628, 184599]] [313620040.0, [31.25, 104020, 6247200, 13140, 6247200, 27210]] [5305293840.0, [9976.5, 1680616, 106002464, 38704, 103509152, 971600038]] [3363865144, [2826, 1091974, 69427248, 174726, 7767792, 19803]] [604082499306.0, [5691.0, 191805207, 12275433555, 28432407, 6137123727, 14212803]] [2350048036.0, [825.25, 753787, 47652928, 134371, 25506688, 283792]]
Arch_Param: [32, 8192, 4096, 8, 256, 16]
SK_cost: [38118522793.333336, [2994342.5555555555, 47352385, 757568376, 845281, 612138168, 1200535073]] [4325336100.0, [333423.0, 5333103, 85328676, 86895, 85328676, 169873263]] [317284680, [26250, 390450, 6247200, 13170, 6247200, 13130]] [5758919752, [446500, 7106434, 113702944, 38794, 113702944, 210388252]] [2242756920, [175110, 2772998, 44335152, 19654, 42754608, 85459014]] [311078721138.0, [23976942.0, 383626383, 6138012243, 5340891, 6138012243, 12275420379]] [14077515088.0, [1114579.0, 17443052, 278762688, 474836, 244872384, 392146960]]
Model_cost: [32486281854.0, [7544.75, 41814593, 668963704, 1706881, 49400505, 136610]] [4281244452.0, [29511.0, 5333103, 85328676, 86895, 77870628, 4866975]] [314767560.0, [30.0, 390450, 6247200, 13170, 6247200, 390410]] [5325118592.0, [9975.25, 6635394, 106002464, 38794, 103509152, 971968092]] [1696204664, [1416, 2171654, 34713648, 87366, 7767792, 19803]] [308775549066.0, [4077.0, 383626383, 6138012243, 5340891, 6137123727, 383570187]] [1639868136.0, [483.25, 2055020, 32839552, 67028, 25506688, 1502608]]
Arch_Param: [32, 8192, 4096, 8, 512, 16]
SK_cost: [38023817205.333336, [2994342.5555555555, 23676452, 757568376, 845252, 612138168, 1200535073]] [4314670116.0, [333423.0, 2666607, 85328676, 86895, 85328676, 169873263]] [316502520, [26250, 195230, 6247200, 13150, 6247200, 13130]] [5744703064, [446500, 3553222, 113702944, 38734, 113702944, 210388252]] [2237219128, [175110, 1388550, 44335152, 19654, 42754608, 85459014]] [310311470226.0, [23976942.0, 191813655, 6138012243, 5340891, 6138012243, 12275420379]] [14042621432.0, [1114579.0, 8721526, 278762688, 474718, 244872384, 392146960]]
Model_cost: [32402651850.0, [7544.75, 20907556, 668963704, 1706852, 49400505, 128418]] [4270578468.0, [29511.0, 2666607, 85328676, 86895, 77870628, 2433543]] [313985400.0, [30.0, 195230, 6247200, 13150, 6247200, 195210]] [5311884944.0, [9975.25, 3327942, 106002464, 38734, 103509152, 971769656]] [1691869560, [1416, 1087878, 34713648, 87366, 7767792, 19803]] [308008298154.0, [4077.0, 191813655, 6138012243, 5340891, 6137123727, 191785179]] [1635750544.0, [483.25, 1027510, 32839552, 66910, 25506688, 754576]]
Arch_Param: [32, 8192, 4096, 8, 1024, 16]
SK_cost: [37976490025.333336, [2994342.5555555555, 11844705, 757568376, 845249, 612138168, 1200535073]] [4309337124.0, [333423.0, 1333359, 85328676, 86895, 85328676, 169873263]] [316137040, [26250, 104020, 6247200, 13140, 6247200, 13130]] [5737620320, [446500, 1783016, 113702944, 38704, 113702944, 210388252]] [2234450232, [175110, 696326, 44335152, 19654, 42754608, 85459014]] [309927844770.0, [23976942.0, 95907291, 6138012243, 5340891, 6138012243, 12275420379]] [14025224780.0, [1114579.0, 4373307, 278762688, 474659, 244872384, 392146960]]
Model_cost: [32361049086.0, [7544.75, 10506913, 668963704, 1706849, 49400505, 124322]] [4265245476.0, [29511.0, 1333359, 85328676, 86895, 77870628, 1216827]] [313620040.0, [31.25, 104020, 6247200, 13140, 6247200, 27210]] [5305293840.0, [9976.5, 1680616, 106002464, 38704, 103509152, 971600038]] [1689702008, [1416, 545990, 34713648, 87366, 7767792, 19803]] [307624672698.0, [4077.0, 95907291, 6138012243, 5340891, 6137123727, 95892675]] [1633708004.0, [483.25, 517819, 32839552, 66851, 25506688, 380560]]
Arch_Param: [32, 8192, 4096, 16, 256, 16]
SK_cost: [20481270526.666668, [1606836.7777777778, 25429697, 406836408, 451617, 334122168, 644503073]] [4325336100.0, [333423.0, 5333103, 85328676, 86895, 85328676, 169873263]] [317284680, [26250, 390450, 6247200, 13170, 6247200, 13130]] [5758919752, [446500, 7106434, 113702944, 38794, 113702944, 210388252]] [1121405240, [87558, 1386502, 22167600, 9830, 21389872, 42729542]] [311078721138.0, [23976942.0, 383626383, 6138012243, 5340891, 6138012243, 12275420379]] [11984745808.0, [938707.0, 14813420, 236848320, 329428, 222786752, 347975696]]
Model_cost: [17485527272.666664, [4068.527777777778, 22447809, 359126200, 913857, 49400505, 136610]] [4281244452.0, [29511.0, 5333103, 85328676, 86895, 77870628, 4866975]] [314767560.0, [30.0, 390450, 6247200, 13170, 6247200, 390410]] [5325118592.0, [9975.25, 6635394, 106002464, 38794, 103509152, 971968092]] [855871768, [711, 1085830, 17356848, 43686, 7767792, 19803]] [308775549066.0, [4077.0, 383626383, 6138012243, 5340891, 6137123727, 383570187]] [1429955224.0, [343.75, 1783660, 28517760, 45652, 25506688, 1502608]]
Arch_Param: [32, 8192, 4096, 16, 512, 16]
SK_cost: [20430410314.666668, [1606836.7777777778, 12715108, 406836408, 451588, 334122168, 644503073]] [4314670116.0, [333423.0, 2666607, 85328676, 86895, 85328676, 169873263]] [316502520, [26250, 195230, 6247200, 13150, 6247200, 13130]] [5744703064, [446500, 3553222, 113702944, 38734, 113702944, 210388252]] [1118636344, [87558, 694278, 22167600, 9830, 21389872, 42729542]] [310311470226.0, [23976942.0, 191813655, 6138012243, 5340891, 6138012243, 12275420379]] [11955111416.0, [938707.0, 7406710, 236848320, 329310, 222786752, 347975696]]
Model_cost: [17440630836.666664, [4068.527777777778, 11224164, 359126200, 913828, 49400505, 128418]] [4270578468.0, [29511.0, 2666607, 85328676, 86895, 77870628, 2433543]] [313985400.0, [30.0, 195230, 6247200, 13150, 6247200, 195210]] [5311884944.0, [9975.25, 3327942, 106002464, 38734, 103509152, 971769656]] [853704216, [711, 543942, 17356848, 43686, 7767792, 19803]] [308008298154.0, [4077.0, 191813655, 6138012243, 5340891, 6137123727, 191785179]] [1426380352.0, [343.75, 891830, 28517760, 45534, 25506688, 754576]]
Arch_Param: [32, 8192, 4096, 16, 1024, 16]
SK_cost: [20404993406.666668, [1606836.7777777778, 6360929, 406836408, 451585, 334122168, 644503073]] [4309337124.0, [333423.0, 1333359, 85328676, 86895, 85328676, 169873263]] [316137040, [26250, 104020, 6247200, 13140, 6247200, 13130]] [5737620320, [446500, 1783016, 113702944, 38704, 113702944, 210388252]] [1117251896, [87558, 348166, 22167600, 9830, 21389872, 42729542]] [309927844770.0, [23976942.0, 95907291, 6138012243, 5340891, 6138012243, 12275420379]] [11940319820.0, [938707.0, 3709755, 236848320, 329251, 222786752, 347975696]]
Model_cost: [17418289512.666664, [4068.527777777778, 5638881, 359126200, 913825, 49400505, 124322]] [4265245476.0, [29511.0, 1333359, 85328676, 86895, 77870628, 1216827]] [313620040.0, [31.25, 104020, 6247200, 13140, 6247200, 27210]] [5305293840.0, [9976.5, 1680616, 106002464, 38704, 103509152, 971600038]] [852620440, [711, 272998, 17356848, 43686, 7767792, 19803]] [307624672698.0, [4077.0, 95907291, 6138012243, 5340891, 6137123727, 95892675]] [1424601492.0, [343.75, 448059, 28517760, 45475, 25506688, 380560]]
Arch_Param: [32, 8192, 4096, 32, 256, 16]
SK_cost: [11665500926.666666, [913375.4444444445, 14471873, 231526584, 254913, 195169464, 366597665]] [4325336100.0, [333423.0, 5333103, 85328676, 86895, 85328676, 169873263]] [317284680, [26250, 390450, 6247200, 13170, 6247200, 13130]] [5758919752, [446500, 7106434, 113702944, 38794, 113702944, 210388252]] [560729400, [43782, 693254, 11083824, 4918, 10707504, 21364806]] [311078721138.0, [23976942.0, 383626383, 6138012243, 5340891, 6138012243, 12275420379]] [10938361168.0, [850771.0, 13498604, 215891136, 256724, 211743936, 325890064]]
Model_cost: [9987866760.666668, [2254.1944444444443, 12767937, 204263608, 517569, 49400505, 136610]] [4281244452.0, [29511.0, 5333103, 85328676, 86895, 77870628, 4866975]] [314767560.0, [30.0, 390450, 6247200, 13170, 6247200, 390410]] [5325118592.0, [9975.25, 6635394, 106002464, 38794, 103509152, 971968092]] [434673176.0, [359.0, 542918, 8678448, 5718, 7767792, 475483]] [308775549066.0, [4077.0, 383626383, 6138012243, 5340891, 6137123727, 383570187]] [1324933520.0, [277.0, 1647980, 26356864, 33940, 25506688, 1579792]]
Arch_Param: [32, 8192, 4096, 32, 512, 16]
SK_cost: [11636556362.666666, [913375.4444444445, 7236196, 231526584, 254884, 195169464, 366597665]] [4314670116.0, [333423.0, 2666607, 85328676, 86895, 85328676, 169873263]] [316502520, [26250, 195230, 6247200, 13150, 6247200, 13130]] [5744703064, [446500, 3553222, 113702944, 38734, 113702944, 210388252]] [559344952, [43782, 347142, 11083824, 4918, 10707504, 21364806]] [310311470226.0, [23976942.0, 191813655, 6138012243, 5340891, 6138012243, 12275420379]] [10911356408.0, [850771.0, 6749302, 215891136, 256606, 211743936, 325890064]]
Model_cost: [9962330068.666668, [2254.1944444444443, 6384228, 204263608, 517540, 49400505, 128418]] [4270578468.0, [29511.0, 2666607, 85328676, 86895, 77870628, 2433543]] [313985400.0, [30.0, 195230, 6247200, 13150, 6247200, 195210]] [5311884944.0, [9975.25, 3327942, 106002464, 38734, 103509152, 971769656]] [433589400.0, [359.0, 271974, 8678448, 5718, 7767792, 237915]] [308008298154.0, [4077.0, 191813655, 6138012243, 5340891, 6137123727, 191785179]] [1321630008.0, [277.0, 823990, 26356864, 33822, 25506688, 790800]]
Arch_Param: [32, 8192, 4096, 32, 1024, 16]
SK_cost: [11622091134.666666, [913375.4444444445, 3619937, 231526584, 254881, 195169464, 366597665]] [4309337124.0, [333423.0, 1333359, 85328676, 86895, 85328676, 169873263]] [316137040, [26250, 104020, 6247200, 13140, 6247200, 13130]] [5737620320, [446500, 1783016, 113702944, 38704, 113702944, 210388252]] [558652728, [43782, 174086, 11083824, 4918, 10707504, 21364806]] [309927844770.0, [23976942.0, 95907291, 6138012243, 5340891, 6138012243, 12275420379]] [10897867340.0, [850771.0, 3377979, 215891136, 256547, 211743936, 325890064]]
Model_cost: [9949616392.666668, [2254.1944444444443, 3205857, 204263608, 517537, 49400505, 124322]] [4265245476.0, [29511.0, 1333359, 85328676, 86895, 77870628, 1216827]] [313620040.0, [31.25, 104020, 6247200, 13140, 6247200, 27210]] [5305293840.0, [9976.5, 1680616, 106002464, 38704, 103509152, 971600038]] [433047512.0, [359.0, 136502, 8678448, 5718, 7767792, 119131]] [307624672698.0, [4077.0, 95907291, 6138012243, 5340891, 6137123727, 95892675]] [1319982988.0, [277.0, 413179, 26356864, 33763, 25506688, 396304]]
Arch_Param: [32, 8192, 2048, 4, 256, 16]
SK_cost: [73951383316.0, [11448421.0, 91214401, 1459298552, 1634145, 1168280760, 2312820257]] [8352261156.0, [1278063.0, 10223727, 163578660, 164463, 163185444, 325586799]] [319773000, [52170, 390450, 6247200, 13170, 6247200, 13130]] [5801671240, [891828, 7106434, 113702944, 38794, 113702944, 210388252]] [4519080248, [700422, 5545990, 88670256, 39302, 85484080, 170917958]] [626730167826.0, [95902683.0, 767215743, 12275433555, 10680855, 12275130963, 24549657819]] [21192913360.0, [3325343.0, 26148076, 417716928, 820436, 333083840, 568569872]]
Model_cost: [62502122870.0, [28822.0, 80564801, 1288904952, 3294657, 49400505, 136610]] [8079085092.0, [62415.0, 10223727, 163578660, 385647, 77870628, 185031]] [314769480.0, [50.0, 390450, 6247200, 13170, 6247200, 390410]] [5326074296.0, [19930.5, 6635394, 106002464, 38794, 103509152, 971968092]] [3377141176, [5646, 4343302, 69427248, 174726, 7767792, 19803]] [606384672522.0, [11223.0, 767215743, 12275433555, 28432407, 6137123727, 14212839]] [2359054560.0, [1624.5, 2983404, 47652928, 134548, 25506688, 1055632]]
Arch_Param: [32, 8192, 2048, 4, 512, 16]
SK_cost: [73768953696.0, [11448421.0, 45607460, 1459298552, 1634116, 1168280760, 2312820257]] [8331813924.0, [1278063.0, 5111919, 163578660, 164463, 163185444, 325586799]] [318990840, [52170, 195230, 6247200, 13150, 6247200, 13130]] [5787454552, [891828, 3553222, 113702944, 38734, 113702944, 210388252]] [4508004664, [700422, 2777094, 88670256, 39302, 85484080, 170917958]] [625195739730.0, [95902683.0, 383608719, 12275433555, 10680855, 12275130963, 24549657819]] [21140609656.0, [3325343.0, 13074038, 417716928, 820318, 333083840, 568569872]]
Model_cost: [62340992450.0, [28822.0, 40282660, 1288904952, 3294628, 49400505, 128418]] [8058637860.0, [62415.0, 5111919, 163578660, 385647, 77870628, 184743]] [313987320.0, [50.0, 195230, 6247200, 13150, 6247200, 195210]] [5312840648.0, [19930.5, 3327942, 106002464, 38734, 103509152, 971769656]] [3368470968, [5646, 2175750, 69427248, 174726, 7767792, 19803]] [604850244426.0, [11223.0, 383608719, 12275433555, 28432407, 6137123727, 14212815]] [2353080200.0, [1624.5, 1491702, 47652928, 134430, 25506688, 541072]]
Arch_Param: [32, 8192, 2048, 4, 1024, 16]
SK_cost: [73677789332.0, [11448421.0, 22816417, 1459298552, 1634113, 1168280760, 2312820257]] [8321590308.0, [1278063.0, 2556015, 163578660, 164463, 163185444, 325586799]] [318625360, [52170, 104020, 6247200, 13140, 6247200, 13130]] [5780371808, [891828, 1783016, 113702944, 38704, 113702944, 210388252]] [4502466872, [700422, 1392646, 88670256, 39302, 85484080, 170917958]] [624428525682.0, [95902683.0, 191805207, 12275433555, 10680855, 12275130963, 24549657819]] [21114558156.0, [3325343.0, 6562107, 417716928, 820259, 333083840, 568569872]]
Model_cost: [62260850934.0, [28822.0, 20247329, 1288904952, 3294625, 49400505, 124322]] [8048414244.0, [62415.0, 2556015, 163578660, 385647, 77870628, 184599]] [313622080.0, [52.5, 104020, 6247200, 13140, 6247200, 27210]] [5306249664.0, [19933.0, 1680616, 106002464, 38704, 103509152, 971600038]] [3364135864, [5646, 1091974, 69427248, 174726, 7767792, 19803]] [604083030378.0, [11223.0, 191805207, 12275433555, 28432407, 6137123727, 14212803]] [2350124764.0, [1624.5, 753787, 47652928, 134371, 25506688, 283792]]
Arch_Param: [32, 8192, 2048, 8, 256, 16]
SK_cost: [38401530644.0, [5942341.0, 47352385, 757568376, 845281, 612138168, 1200535073]] [4357334052.0, [666735.0, 5333103, 85328676, 86895, 85328676, 169873263]] [319773000, [52170, 390450, 6247200, 13170, 6247200, 13130]] [5801671240, [891828, 7106434, 113702944, 38794, 113702944, 210388252]] [2259566904, [350214, 2772998, 44335152, 19654, 42754608, 85459014]] [313380492306.0, [47953725.0, 383626383, 6138012243, 5340891, 6138012243, 12275420379]] [14182597072.0, [2209183.0, 17443052, 278762688, 474836, 244872384, 392146960]]
Model_cost: [32486987526.0, [14895.5, 41814593, 668963704, 1706881, 49400505, 136610]] [4284066852.0, [58911.0, 5333103, 85328676, 86895, 77870628, 4866975]] [314769480.0, [50.0, 390450, 6247200, 13170, 6247200, 390410]] [5326074296.0, [19930.5, 6635394, 106002464, 38794, 103509152, 971968092]] [1696340024, [2826, 2171654, 34713648, 87366, 7767792, 19803]] [308775925194.0, [7995.0, 383626383, 6138012243, 5340891, 6137123727, 383570187]] [1639913760.0, [958.5, 2055020, 32839552, 67028, 25506688, 1502608]]
Arch_Param: [32, 8192, 2048, 8, 512, 16]
SK_cost: [38306825056.0, [5942341.0, 23676452, 757568376, 845252, 612138168, 1200535073]] [4346668068.0, [666735.0, 2666607, 85328676, 86895, 85328676, 169873263]] [318990840, [52170, 195230, 6247200, 13150, 6247200, 13130]] [5787454552, [891828, 3553222, 113702944, 38734, 113702944, 210388252]] [2254029112, [350214, 1388550, 44335152, 19654, 42754608, 85459014]] [312613241394.0, [47953725.0, 191813655, 6138012243, 5340891, 6138012243, 12275420379]] [14147703416.0, [2209183.0, 8721526, 278762688, 474718, 244872384, 392146960]]
Model_cost: [32403357522.0, [14895.5, 20907556, 668963704, 1706852, 49400505, 128418]] [4273400868.0, [58911.0, 2666607, 85328676, 86895, 77870628, 2433543]] [313987320.0, [50.0, 195230, 6247200, 13150, 6247200, 195210]] [5312840648.0, [19930.5, 3327942, 106002464, 38734, 103509152, 971769656]] [1692004920, [2826, 1087878, 34713648, 87366, 7767792, 19803]] [308008674282.0, [7995.0, 191813655, 6138012243, 5340891, 6137123727, 191785179]] [1635796168.0, [958.5, 1027510, 32839552, 66910, 25506688, 754576]]
Arch_Param: [32, 8192, 2048, 8, 1024, 16]
SK_cost: [38259497876.0, [5942341.0, 11844705, 757568376, 845249, 612138168, 1200535073]] [4341335076.0, [666735.0, 1333359, 85328676, 86895, 85328676, 169873263]] [318625360, [52170, 104020, 6247200, 13140, 6247200, 13130]] [5780371808, [891828, 1783016, 113702944, 38704, 113702944, 210388252]] [2251260216, [350214, 696326, 44335152, 19654, 42754608, 85459014]] [312229615938.0, [47953725.0, 95907291, 6138012243, 5340891, 6138012243, 12275420379]] [14130306764.0, [2209183.0, 4373307, 278762688, 474659, 244872384, 392146960]]
Model_cost: [32361754758.0, [14895.5, 10506913, 668963704, 1706849, 49400505, 124322]] [4268067876.0, [58911.0, 1333359, 85328676, 86895, 77870628, 1216827]] [313622080.0, [52.5, 104020, 6247200, 13140, 6247200, 27210]] [5306249664.0, [19933.0, 1680616, 106002464, 38704, 103509152, 971600038]] [1689837368, [2826, 545990, 34713648, 87366, 7767792, 19803]] [307625048826.0, [7995.0, 95907291, 6138012243, 5340891, 6137123727, 95892675]] [1633753628.0, [958.5, 517819, 32839552, 66851, 25506688, 380560]]
Arch_Param: [32, 8192, 2048, 16, 256, 16]
SK_cost: [20633291540.0, [3190389.0, 25429697, 406836408, 451617, 334122168, 644503073]] [4357334052.0, [666735.0, 5333103, 85328676, 86895, 85328676, 169873263]] [319773000, [52170, 390450, 6247200, 13170, 6247200, 13130]] [5801671240, [891828, 7106434, 113702944, 38794, 113702944, 210388252]] [1129810232, [175110, 1386502, 22167600, 9830, 21389872, 42729542]] [313380492306.0, [47953725.0, 383626383, 6138012243, 5340891, 6138012243, 12275420379]] [12073828816.0, [1866655.0, 14813420, 236848320, 329428, 222786752, 347975696]]
Model_cost: [17485899270.0, [7943.5, 22447809, 359126200, 913857, 49400505, 136610]] [4284066852.0, [58911.0, 5333103, 85328676, 86895, 77870628, 4866975]] [314769480.0, [50.0, 390450, 6247200, 13170, 6247200, 390410]] [5326074296.0, [19930.5, 6635394, 106002464, 38794, 103509152, 971968092]] [855939448, [1416, 1085830, 17356848, 43686, 7767792, 19803]] [308775925194.0, [7995.0, 383626383, 6138012243, 5340891, 6137123727, 383570187]] [1429987456.0, [679.5, 1783660, 28517760, 45652, 25506688, 1502608]]
Arch_Param: [32, 8192, 2048, 16, 512, 16]
SK_cost: [20582431328.0, [3190389.0, 12715108, 406836408, 451588, 334122168, 644503073]] [4346668068.0, [666735.0, 2666607, 85328676, 86895, 85328676, 169873263]] [318990840, [52170, 195230, 6247200, 13150, 6247200, 13130]] [5787454552, [891828, 3553222, 113702944, 38734, 113702944, 210388252]] [1127041336, [175110, 694278, 22167600, 9830, 21389872, 42729542]] [312613241394.0, [47953725.0, 191813655, 6138012243, 5340891, 6138012243, 12275420379]] [12044194424.0, [1866655.0, 7406710, 236848320, 329310, 222786752, 347975696]]
Model_cost: [17441002834.0, [7943.5, 11224164, 359126200, 913828, 49400505, 128418]] [4273400868.0, [58911.0, 2666607, 85328676, 86895, 77870628, 2433543]] [313987320.0, [50.0, 195230, 6247200, 13150, 6247200, 195210]] [5312840648.0, [19930.5, 3327942, 106002464, 38734, 103509152, 971769656]] [853771896, [1416, 543942, 17356848, 43686, 7767792, 19803]] [308008674282.0, [7995.0, 191813655, 6138012243, 5340891, 6137123727, 191785179]] [1426412584.0, [679.5, 891830, 28517760, 45534, 25506688, 754576]]
Arch_Param: [32, 8192, 2048, 16, 1024, 16]
SK_cost: [20557014420.0, [3190389.0, 6360929, 406836408, 451585, 334122168, 644503073]] [4341335076.0, [666735.0, 1333359, 85328676, 86895, 85328676, 169873263]] [318625360, [52170, 104020, 6247200, 13140, 6247200, 13130]] [5780371808, [891828, 1783016, 113702944, 38704, 113702944, 210388252]] [1125656888, [175110, 348166, 22167600, 9830, 21389872, 42729542]] [312229615938.0, [47953725.0, 95907291, 6138012243, 5340891, 6138012243, 12275420379]] [12029402828.0, [1866655.0, 3709755, 236848320, 329251, 222786752, 347975696]]
Model_cost: [17418661510.0, [7943.5, 5638881, 359126200, 913825, 49400505, 124322]] [4268067876.0, [58911.0, 1333359, 85328676, 86895, 77870628, 1216827]] [313622080.0, [52.5, 104020, 6247200, 13140, 6247200, 27210]] [5306249664.0, [19933.0, 1680616, 106002464, 38704, 103509152, 971600038]] [852688120, [1416, 272998, 17356848, 43686, 7767792, 19803]] [307625048826.0, [7995.0, 95907291, 6138012243, 5340891, 6137123727, 95892675]] [1424633724.0, [679.5, 448059, 28517760, 45475, 25506688, 380560]]
Arch_Param: [32, 8192, 2048, 32, 256, 16]
SK_cost: [11752047380.0, [1814901.0, 14471873, 231526584, 254913, 195169464, 366597665]] [4357334052.0, [666735.0, 5333103, 85328676, 86895, 85328676, 169873263]] [319773000, [52170, 390450, 6247200, 13170, 6247200, 13130]] [5801671240, [891828, 7106434, 113702944, 38794, 113702944, 210388252]] [564931896, [87558, 693254, 11083824, 4918, 10707504, 21364806]] [313380492306.0, [47953725.0, 383626383, 6138012243, 5340891, 6138012243, 12275420379]] [11019444688.0, [1695391.0, 13498604, 215891136, 256724, 211743936, 325890064]]
Model_cost: [9988079622.0, [4471.5, 12767937, 204263608, 517569, 49400505, 136610]] [4284066852.0, [58911.0, 5333103, 85328676, 86895, 77870628, 4866975]] [314769480.0, [50.0, 390450, 6247200, 13170, 6247200, 390410]] [5326074296.0, [19930.5, 6635394, 106002464, 38794, 103509152, 971968092]] [434706968.0, [711.0, 542918, 8678448, 5718, 7767792, 475483]] [308775925194.0, [7995.0, 383626383, 6138012243, 5340891, 6137123727, 383570187]] [1324958768.0, [540.0, 1647980, 26356864, 33940, 25506688, 1579792]]
Arch_Param: [32, 8192, 2048, 32, 512, 16]
SK_cost: [11723102816.0, [1814901.0, 7236196, 231526584, 254884, 195169464, 366597665]] [4346668068.0, [666735.0, 2666607, 85328676, 86895, 85328676, 169873263]] [318990840, [52170, 195230, 6247200, 13150, 6247200, 13130]] [5787454552, [891828, 3553222, 113702944, 38734, 113702944, 210388252]] [563547448, [87558, 347142, 11083824, 4918, 10707504, 21364806]] [312613241394.0, [47953725.0, 191813655, 6138012243, 5340891, 6138012243, 12275420379]] [10992439928.0, [1695391.0, 6749302, 215891136, 256606, 211743936, 325890064]]
Model_cost: [9962542930.0, [4471.5, 6384228, 204263608, 517540, 49400505, 128418]] [4273400868.0, [58911.0, 2666607, 85328676, 86895, 77870628, 2433543]] [313987320.0, [50.0, 195230, 6247200, 13150, 6247200, 195210]] [5312840648.0, [19930.5, 3327942, 106002464, 38734, 103509152, 971769656]] [433623192.0, [711.0, 271974, 8678448, 5718, 7767792, 237915]] [308008674282.0, [7995.0, 191813655, 6138012243, 5340891, 6137123727, 191785179]] [1321655256.0, [540.0, 823990, 26356864, 33822, 25506688, 790800]]
Arch_Param: [32, 8192, 2048, 32, 1024, 16]
SK_cost: [11708637588.0, [1814901.0, 3619937, 231526584, 254881, 195169464, 366597665]] [4341335076.0, [666735.0, 1333359, 85328676, 86895, 85328676, 169873263]] [318625360, [52170, 104020, 6247200, 13140, 6247200, 13130]] [5780371808, [891828, 1783016, 113702944, 38704, 113702944, 210388252]] [562855224, [87558, 174086, 11083824, 4918, 10707504, 21364806]] [312229615938.0, [47953725.0, 95907291, 6138012243, 5340891, 6138012243, 12275420379]] [10978950860.0, [1695391.0, 3377979, 215891136, 256547, 211743936, 325890064]]
Model_cost: [9949829254.0, [4471.5, 3205857, 204263608, 517537, 49400505, 124322]] [4268067876.0, [58911.0, 1333359, 85328676, 86895, 77870628, 1216827]] [313622080.0, [52.5, 104020, 6247200, 13140, 6247200, 27210]] [5306249664.0, [19933.0, 1680616, 106002464, 38704, 103509152, 971600038]] [433081304.0, [711.0, 136502, 8678448, 5718, 7767792, 119131]] [307625048826.0, [7995.0, 95907291, 6138012243, 5340891, 6137123727, 95892675]] [1320008236.0, [540.0, 413179, 26356864, 33763, 25506688, 396304]]
Arch_Param: [32, 8192, 1024, 4, 256, 16]
SK_cost: [75041470612.0, [22803497.0, 91214401, 1459298552, 1634145, 1168280760, 2312820257]] [8474944548.0, [2556015.0, 10223727, 163578660, 164463, 163185444, 325586799]] [324750600, [104020, 390450, 6247200, 13170, 6247200, 13130]] [5887225288, [1783016, 7106434, 113702944, 38794, 113702944, 210388252]] [4585533752, [1392646, 5545990, 88670256, 39302, 85484080, 170917958]] [635936810130.0, [191805207.0, 767215743, 12275433555, 10680855, 12275130963, 24549657819]] [21503642704.0, [6562107.0, 26148076, 417716928, 820436, 333083840, 568569872]]
Model_cost: [62504886038.0, [57605.0, 80564801, 1288904952, 3294657, 49400505, 136610]] [8085066276.0, [124719.0, 10223727, 163578660, 385647, 77870628, 185031]] [314774280.0, [100.0, 390450, 6247200, 13170, 6247200, 390410]] [5327986664.0, [39851.0, 6635394, 106002464, 38794, 103509152, 971968092]] [3377682616, [11286, 4343302, 69427248, 174726, 7767792, 19803]] [606385660938.0, [21519.0, 767215743, 12275433555, 28432407, 6137123727, 14212839]] [2359209648.0, [3240.0, 2983404, 47652928, 134548, 25506688, 1055632]]
Arch_Param: [32, 8192, 1024, 4, 512, 16]
SK_cost: [74859040992.0, [22803497.0, 45607460, 1459298552, 1634116, 1168280760, 2312820257]] [8454497316.0, [2556015.0, 5111919, 163578660, 164463, 163185444, 325586799]] [323968440, [104020, 195230, 6247200, 13150, 6247200, 13130]] [5873008600, [1783016, 3553222, 113702944, 38734, 113702944, 210388252]] [4574458168, [1392646, 2777094, 88670256, 39302, 85484080, 170917958]] [634402382034.0, [191805207.0, 383608719, 12275433555, 10680855, 12275130963, 24549657819]] [21451339000.0, [6562107.0, 13074038, 417716928, 820318, 333083840, 568569872]]
Model_cost: [62343755618.0, [57605.0, 40282660, 1288904952, 3294628, 49400505, 128418]] [8064619044.0, [124719.0, 5111919, 163578660, 385647, 77870628, 184743]] [313992120.0, [100.0, 195230, 6247200, 13150, 6247200, 195210]] [5314753016.0, [39851.0, 3327942, 106002464, 38734, 103509152, 971769656]] [3369012408, [11286, 2175750, 69427248, 174726, 7767792, 19803]] [604851232842.0, [21519.0, 383608719, 12275433555, 28432407, 6137123727, 14212815]] [2353235288.0, [3240.0, 1491702, 47652928, 134430, 25506688, 541072]]
Arch_Param: [32, 8192, 1024, 4, 1024, 16]
SK_cost: [74767876628.0, [22803497.0, 22816417, 1459298552, 1634113, 1168280760, 2312820257]] [8444273700.0, [2556015.0, 2556015, 163578660, 164463, 163185444, 325586799]] [323602960, [104020, 104020, 6247200, 13140, 6247200, 13130]] [5865925856, [1783016, 1783016, 113702944, 38704, 113702944, 210388252]] [4568920376, [1392646, 1392646, 88670256, 39302, 85484080, 170917958]] [633635167986.0, [191805207.0, 191805207, 12275433555, 10680855, 12275130963, 24549657819]] [21425287500.0, [6562107.0, 6562107, 417716928, 820259, 333083840, 568569872]]
Model_cost: [62263614102.0, [57605.0, 20247329, 1288904952, 3294625, 49400505, 124322]] [8054395428.0, [124719.0, 2556015, 163578660, 385647, 77870628, 184599]] [313627120.0, [105.0, 104020, 6247200, 13140, 6247200, 27210]] [5308162272.0, [39856.0, 1680616, 106002464, 38704, 103509152, 971600038]] [3364677304, [11286, 1091974, 69427248, 174726, 7767792, 19803]] [604084018794.0, [21519.0, 191805207, 12275433555, 28432407, 6137123727, 14212803]] [2350279852.0, [3240.0, 753787, 47652928, 134371, 25506688, 283792]]
Arch_Param: [32, 8192, 1024, 8, 256, 16]
SK_cost: [38967513236.0, [11837993.0, 47352385, 757568376, 845281, 612138168, 1200535073]] [4421329956.0, [1333359.0, 5333103, 85328676, 86895, 85328676, 169873263]] [324750600, [104020, 390450, 6247200, 13170, 6247200, 13130]] [5887225288, [1783016, 7106434, 113702944, 38794, 113702944, 210388252]] [2292793656, [696326, 2772998, 44335152, 19654, 42754608, 85459014]] [317984034642.0, [95907291.0, 383626383, 6138012243, 5340891, 6138012243, 12275420379]] [14390352976.0, [4373307.0, 17443052, 278762688, 474836, 244872384, 392146960]]
Model_cost: [32488413366.0, [29748.0, 41814593, 668963704, 1706881, 49400505, 136610]] [4289711652.0, [117711.0, 5333103, 85328676, 86895, 77870628, 4866975]] [314774280.0, [100.0, 390450, 6247200, 13170, 6247200, 390410]] [5327986664.0, [39851.0, 6635394, 106002464, 38794, 103509152, 971968092]] [1696610744, [5646, 2171654, 34713648, 87366, 7767792, 19803]] [308776677450.0, [15831.0, 383626383, 6138012243, 5340891, 6137123727, 383570187]] [1640004816.0, [1907.0, 2055020, 32839552, 67028, 25506688, 1502608]]
Arch_Param: [32, 8192, 1024, 8, 512, 16]
SK_cost: [38872807648.0, [11837993.0, 23676452, 757568376, 845252, 612138168, 1200535073]] [4410663972.0, [1333359.0, 2666607, 85328676, 86895, 85328676, 169873263]] [323968440, [104020, 195230, 6247200, 13150, 6247200, 13130]] [5873008600, [1783016, 3553222, 113702944, 38734, 113702944, 210388252]] [2287255864, [696326, 1388550, 44335152, 19654, 42754608, 85459014]] [317216783730.0, [95907291.0, 191813655, 6138012243, 5340891, 6138012243, 12275420379]] [14355459320.0, [4373307.0, 8721526, 278762688, 474718, 244872384, 392146960]]
Model_cost: [32404783362.0, [29748.0, 20907556, 668963704, 1706852, 49400505, 128418]] [4279045668.0, [117711.0, 2666607, 85328676, 86895, 77870628, 2433543]] [313992120.0, [100.0, 195230, 6247200, 13150, 6247200, 195210]] [5314753016.0, [39851.0, 3327942, 106002464, 38734, 103509152, 971769656]] [1692275640, [5646, 1087878, 34713648, 87366, 7767792, 19803]] [308009426538.0, [15831.0, 191813655, 6138012243, 5340891, 6137123727, 191785179]] [1635887224.0, [1907.0, 1027510, 32839552, 66910, 25506688, 754576]]
Arch_Param: [32, 8192, 1024, 8, 1024, 16]
SK_cost: [38825480468.0, [11837993.0, 11844705, 757568376, 845249, 612138168, 1200535073]] [4405330980.0, [1333359.0, 1333359, 85328676, 86895, 85328676, 169873263]] [323602960, [104020, 104020, 6247200, 13140, 6247200, 13130]] [5865925856, [1783016, 1783016, 113702944, 38704, 113702944, 210388252]] [2284486968, [696326, 696326, 44335152, 19654, 42754608, 85459014]] [316833158274.0, [95907291.0, 95907291, 6138012243, 5340891, 6138012243, 12275420379]] [14338062668.0, [4373307.0, 4373307, 278762688, 474659, 244872384, 392146960]]
Model_cost: [32363180598.0, [29748.0, 10506913, 668963704, 1706849, 49400505, 124322]] [4273712676.0, [117711.0, 1333359, 85328676, 86895, 77870628, 1216827]] [313627120.0, [105.0, 104020, 6247200, 13140, 6247200, 27210]] [5308162272.0, [39856.0, 1680616, 106002464, 38704, 103509152, 971600038]] [1690108088, [5646, 545990, 34713648, 87366, 7767792, 19803]] [307625801082.0, [15831.0, 95907291, 6138012243, 5340891, 6137123727, 95892675]] [1633844684.0, [1907.0, 517819, 32839552, 66851, 25506688, 380560]]
Arch_Param: [32, 8192, 1024, 16, 256, 16]
SK_cost: [20937317012.0, [6357321.0, 25429697, 406836408, 451617, 334122168, 644503073]] [4421329956.0, [1333359.0, 5333103, 85328676, 86895, 85328676, 169873263]] [324750600, [104020, 390450, 6247200, 13170, 6247200, 13130]] [5887225288, [1783016, 7106434, 113702944, 38794, 113702944, 210388252]] [1146423608, [348166, 1386502, 22167600, 9830, 21389872, 42729542]] [317984034642.0, [95907291.0, 383626383, 6138012243, 5340891, 6138012243, 12275420379]] [12250766416.0, [3709755.0, 14813420, 236848320, 329428, 222786752, 347975696]]
Model_cost: [17486657622.0, [15843.0, 22447809, 359126200, 913857, 49400505, 136610]] [4289711652.0, [117711.0, 5333103, 85328676, 86895, 77870628, 4866975]] [314774280.0, [100.0, 390450, 6247200, 13170, 6247200, 390410]] [5327986664.0, [39851.0, 6635394, 106002464, 38794, 103509152, 971968092]] [856074808, [2826, 1085830, 17356848, 43686, 7767792, 19803]] [308776677450.0, [15831.0, 383626383, 6138012243, 5340891, 6137123727, 383570187]] [1430052400.0, [1356.0, 1783660, 28517760, 45652, 25506688, 1502608]]
Arch_Param: [32, 8192, 1024, 16, 512, 16]
SK_cost: [20886456800.0, [6357321.0, 12715108, 406836408, 451588, 334122168, 644503073]] [4410663972.0, [1333359.0, 2666607, 85328676, 86895, 85328676, 169873263]] [323968440, [104020, 195230, 6247200, 13150, 6247200, 13130]] [5873008600, [1783016, 3553222, 113702944, 38734, 113702944, 210388252]] [1143654712, [348166, 694278, 22167600, 9830, 21389872, 42729542]] [317216783730.0, [95907291.0, 191813655, 6138012243, 5340891, 6138012243, 12275420379]] [12221132024.0, [3709755.0, 7406710, 236848320, 329310, 222786752, 347975696]]
Model_cost: [17441761186.0, [15843.0, 11224164, 359126200, 913828, 49400505, 128418]] [4279045668.0, [117711.0, 2666607, 85328676, 86895, 77870628, 2433543]] [313992120.0, [100.0, 195230, 6247200, 13150, 6247200, 195210]] [5314753016.0, [39851.0, 3327942, 106002464, 38734, 103509152, 971769656]] [853907256, [2826, 543942, 17356848, 43686, 7767792, 19803]] [308009426538.0, [15831.0, 191813655, 6138012243, 5340891, 6137123727, 191785179]] [1426477528.0, [1356.0, 891830, 28517760, 45534, 25506688, 754576]]
Arch_Param: [32, 8192, 1024, 16, 1024, 16]
SK_cost: [20861039892.0, [6357321.0, 6360929, 406836408, 451585, 334122168, 644503073]] [4405330980.0, [1333359.0, 1333359, 85328676, 86895, 85328676, 169873263]] [323602960, [104020, 104020, 6247200, 13140, 6247200, 13130]] [5865925856, [1783016, 1783016, 113702944, 38704, 113702944, 210388252]] [1142270264, [348166, 348166, 22167600, 9830, 21389872, 42729542]] [316833158274.0, [95907291.0, 95907291, 6138012243, 5340891, 6138012243, 12275420379]] [12206340428.0, [3709755.0, 3709755, 236848320, 329251, 222786752, 347975696]]
Model_cost: [17419419862.0, [15843.0, 5638881, 359126200, 913825, 49400505, 124322]] [4273712676.0, [117711.0, 1333359, 85328676, 86895, 77870628, 1216827]] [313627120.0, [105.0, 104020, 6247200, 13140, 6247200, 27210]] [5308162272.0, [39856.0, 1680616, 106002464, 38704, 103509152, 971600038]] [852823480, [2826, 272998, 17356848, 43686, 7767792, 19803]] [307625801082.0, [15831.0, 95907291, 6138012243, 5340891, 6137123727, 95892675]] [1424698668.0, [1356.0, 448059, 28517760, 45475, 25506688, 380560]]
Arch_Param: [32, 8192, 1024, 32, 256, 16]
SK_cost: [11925131924.0, [3617865.0, 14471873, 231526584, 254913, 195169464, 366597665]] [4421329956.0, [1333359.0, 5333103, 85328676, 86895, 85328676, 169873263]] [324750600, [104020, 390450, 6247200, 13170, 6247200, 13130]] [5887225288, [1783016, 7106434, 113702944, 38794, 113702944, 210388252]] [573238584, [174086, 693254, 11083824, 4918, 10707504, 21364806]] [317984034642.0, [95907291.0, 383626383, 6138012243, 5340891, 6138012243, 12275420379]] [11180973136.0, [3377979.0, 13498604, 215891136, 256724, 211743936, 325890064]]
Model_cost: [9988504662.0, [8899.0, 12767937, 204263608, 517569, 49400505, 136610]] [4289711652.0, [117711.0, 5333103, 85328676, 86895, 77870628, 4866975]] [314774280.0, [100.0, 390450, 6247200, 13170, 6247200, 390410]] [5327986664.0, [39851.0, 6635394, 106002464, 38794, 103509152, 971968092]] [434774648.0, [1416.0, 542918, 8678448, 5718, 7767792, 475483]] [308776677450.0, [15831.0, 383626383, 6138012243, 5340891, 6137123727, 383570187]] [1325010320.0, [1077.0, 1647980, 26356864, 33940, 25506688, 1579792]]
Arch_Param: [32, 8192, 1024, 32, 512, 16]
SK_cost: [11896187360.0, [3617865.0, 7236196, 231526584, 254884, 195169464, 366597665]] [4410663972.0, [1333359.0, 2666607, 85328676, 86895, 85328676, 169873263]] [323968440, [104020, 195230, 6247200, 13150, 6247200, 13130]] [5873008600, [1783016, 3553222, 113702944, 38734, 113702944, 210388252]] [571854136, [174086, 347142, 11083824, 4918, 10707504, 21364806]] [317216783730.0, [95907291.0, 191813655, 6138012243, 5340891, 6138012243, 12275420379]] [11153968376.0, [3377979.0, 6749302, 215891136, 256606, 211743936, 325890064]]
Model_cost: [9962967970.0, [8899.0, 6384228, 204263608, 517540, 49400505, 128418]] [4279045668.0, [117711.0, 2666607, 85328676, 86895, 77870628, 2433543]] [313992120.0, [100.0, 195230, 6247200, 13150, 6247200, 195210]] [5314753016.0, [39851.0, 3327942, 106002464, 38734, 103509152, 971769656]] [433690872.0, [1416.0, 271974, 8678448, 5718, 7767792, 237915]] [308009426538.0, [15831.0, 191813655, 6138012243, 5340891, 6137123727, 191785179]] [1321706808.0, [1077.0, 823990, 26356864, 33822, 25506688, 790800]]
Arch_Param: [32, 8192, 1024, 32, 1024, 16]
SK_cost: [11881722132.0, [3617865.0, 3619937, 231526584, 254881, 195169464, 366597665]] [4405330980.0, [1333359.0, 1333359, 85328676, 86895, 85328676, 169873263]] [323602960, [104020, 104020, 6247200, 13140, 6247200, 13130]] [5865925856, [1783016, 1783016, 113702944, 38704, 113702944, 210388252]] [571161912, [174086, 174086, 11083824, 4918, 10707504, 21364806]] [316833158274.0, [95907291.0, 95907291, 6138012243, 5340891, 6138012243, 12275420379]] [11140479308.0, [3377979.0, 3377979, 215891136, 256547, 211743936, 325890064]]
Model_cost: [9950254294.0, [8899.0, 3205857, 204263608, 517537, 49400505, 124322]] [4273712676.0, [117711.0, 1333359, 85328676, 86895, 77870628, 1216827]] [313627120.0, [105.0, 104020, 6247200, 13140, 6247200, 27210]] [5308162272.0, [39856.0, 1680616, 106002464, 38704, 103509152, 971600038]] [433148984.0, [1416.0, 136502, 8678448, 5718, 7767792, 119131]] [307625801082.0, [15831.0, 95907291, 6138012243, 5340891, 6137123727, 95892675]] [1320059788.0, [1077.0, 413179, 26356864, 33763, 25506688, 396304]]
