[[0, 0, 0, 0, 0, 0, 0, 0, 0, 0, 0], [0, 0, 0, 0, 0, 0, 0, 0, 0, 0, 0], [0, 0, 0, 0, 0, 0, 0, 0, 0, 0, 0], [0, 0, 0, 0, 0, 0, 0, 0, 0, 0, 0]]
Arch_Param: [64, 4096, 32768, 4, 256, 16]
SK_cost: [37987896660.479996, [372370.79666666663, 47352356, 757567868, 845252, 672692924, 2505874849]] [4298202828.0, [50991.0, 5333103, 85328280, 86895, 85328280, 283119471]] [315056600.0, [3263.333333333285, 390430, 6246800, 13150, 6246800, 12492810]] [5721352184.0, [55755.33333333302, 7106374, 113701904, 38734, 113701904, 437444628]] [2231188411.2, [21689.199999999997, 2772998, 44335128, 19654, 44335128, 174129158]] [309118080190.8014, [3553845.675000043, 383626383, 6138011769, 5340891, 6138011769, 21131037915]] [13999322313.23077, [137297.84615384653, 17442934, 278760800, 474718, 252734816, 852278288]]
Model_cost: [32550377076.120003, [971.1054166666667, 41814564, 668963196, 2718628, 49399997, 211234]] [4278755052.0, [3786.0, 5333103, 85328280, 86895, 77870232, 4866975]] [314744520.0, [12.5, 390430, 6246800, 13150, 6246800, 390410]] [5324226871.0, [1270.65625, 6635334, 106001424, 38734, 103508112, 1846382172]] [1701677140.8, [182.8, 2171654, 34746392, 150150, 7768280, 30576]] [308775194410.8, [629.5500000000001, 383626383, 6138011769, 5340891, 6137123253, 383570187]] [1640443341.646154, [75.22548076923076, 2054902, 32837664, 78110, 25504800, 1504976]]
Arch_Param: [64, 4096, 32768, 4, 512, 16]
SK_cost: [37893192840.479996, [372370.79666666663, 23676449, 757567868, 845249, 672692924, 2505874849]] [4287536844.0, [50991.0, 2666607, 85328280, 86895, 85328280, 283119471]] [314275120.0, [3263.333333333285, 195220, 6246800, 13140, 6246800, 12492810]] [5707137536.0, [55755.33333333302, 3553192, 113701904, 38704, 113701904, 437444628]] [2225650619.2, [21689.199999999997, 1388550, 44335128, 19654, 44335128, 174129158]] [308350829278.8014, [3553845.675000043, 191813655, 6138011769, 5340891, 6138011769, 21131037915]] [13964432669.23077, [137297.84615384653, 8721467, 278760800, 474659, 252734816, 852278288]]
Model_cost: [32466748840.120003, [971.1054166666667, 20907553, 668963196, 2718625, 49399997, 203042]] [4268089068.0, [3786.0, 2666607, 85328280, 86895, 77870232, 2433543]] [313963040.0, [12.5, 195220, 6246800, 13140, 6246800, 195210]] [5310995263.0, [1270.65625, 3327912, 106001424, 38704, 103508112, 1846183736]] [1697374804.8, [182.8, 1096070, 34746392, 150150, 7768280, 30576]] [308007943498.8, [629.5500000000001, 191813655, 6138011769, 5340891, 6137123253, 191785179]] [1636329761.646154, [75.22548076923076, 1027451, 32837664, 78051, 25504800, 756944]]
Arch_Param: [64, 4096, 32768, 4, 1024, 16]
SK_cost: [37845865864.479996, [372370.79666666663, 11844705, 757567868, 845249, 672692924, 2505874849]] [4282203852.0, [50991.0, 1333359, 85328280, 86895, 85328280, 283119471]] [313909640.0, [3263.333333333285, 104010, 6246800, 13130, 6246800, 12492810]] [5700055472.0, [55755.33333333302, 1782996, 113701904, 38684, 113701904, 437444628]] [2222881723.2, [21689.199999999997, 696326, 44335128, 19654, 44335128, 174129158]] [307967203822.8014, [3553845.675000043, 95907291, 6138011769, 5340891, 6138011769, 21131037915]] [13947038125.23077, [137297.84615384653, 4373279, 278760800, 474631, 252734816, 852278288]]
Model_cost: [32424959656.120003, [971.1054166666667, 10460257, 668963196, 2718625, 49399997, 198946]] [4262756076.0, [3786.0, 1333359, 85328280, 86895, 77870232, 1216827]] [313597575.0, [12.65625, 104010, 6246800, 13130, 6246800, 27210]] [5304404734.0, [1270.8125, 1680596, 106001424, 38684, 103508112, 1846014118]] [1694130280.0, [183.0, 547334, 34713624, 158342, 7767768, 30384]] [307624318042.8, [629.5500000000001, 95907291, 6138011769, 5340891, 6137123253, 95892675]] [1634279345.646154, [75.22548076923076, 515295, 32837664, 78023, 25504800, 382928]]
Arch_Param: [64, 4096, 32768, 8, 256, 16]
SK_cost: [20406732874.239998, [199904.02333333332, 25429668, 406835900, 451588, 364399292, 1346637217]] [4298202828.0, [50991.0, 5333103, 85328280, 86895, 85328280, 283119471]] [315056600.0, [3263.333333333285, 390430, 6246800, 13150, 6246800, 12492810]] [5721352184.0, [55755.33333333302, 7106374, 113701904, 38734, 113701904, 437444628]] [1115595297.6, [10847.599999999999, 1386502, 22167576, 9830, 22167576, 87064582]] [309118080190.8014, [3553845.675000043, 383626383, 6138011769, 5340891, 6138011769, 21131037915]] [11910934099.076923, [116288.61538461514, 14813302, 236846432, 329310, 225406304, 758758416]]
Model_cost: [17519919147.16, [533.0120833333333, 22447780, 359125692, 1456932, 49399997, 211234]] [4278755052.0, [3786.0, 5333103, 85328280, 86895, 77870232, 4866975]] [314744520.0, [12.5, 390430, 6246800, 13150, 6246800, 390410]] [5324226871.0, [1270.65625, 6635334, 106001424, 38734, 103508112, 1846382172]] [858607993.0666666, [95.17777777777778, 1085830, 17373208, 75078, 7768280, 30576]] [308775194410.8, [629.5500000000001, 383626383, 6138011769, 5340891, 6137123253, 383570187]] [1430189839.2153845, [57.24182692307692, 1783542, 28515872, 51230, 25504800, 1504976]]
Arch_Param: [64, 4096, 32768, 8, 512, 16]
SK_cost: [20355874430.239998, [199904.02333333332, 12715105, 406835900, 451585, 364399292, 1346637217]] [4287536844.0, [50991.0, 2666607, 85328280, 86895, 85328280, 283119471]] [314275120.0, [3263.333333333285, 195220, 6246800, 13140, 6246800, 12492810]] [5707137536.0, [55755.33333333302, 3553192, 113701904, 38704, 113701904, 437444628]] [1112826401.6, [10847.599999999999, 694278, 22167576, 9830, 22167576, 87064582]] [308350829278.8014, [3553845.675000043, 191813655, 6138011769, 5340891, 6138011769, 21131037915]] [11881303719.076923, [116288.61538461514, 7406651, 236846432, 329251, 225406304, 758758416]]
Model_cost: [17475024479.16, [533.0120833333333, 11224161, 359125692, 1456929, 49399997, 203042]] [4268089068.0, [3786.0, 2666607, 85328280, 86895, 77870232, 2433543]] [313963040.0, [12.5, 195220, 6246800, 13140, 6246800, 195210]] [5310995263.0, [1270.65625, 3327912, 106001424, 38704, 103508112, 1846183736]] [856456825.0666666, [95.17777777777778, 548038, 17373208, 75078, 7768280, 30576]] [308007943498.8, [629.5500000000001, 191813655, 6138011769, 5340891, 6137123253, 191785179]] [1426618979.2153845, [57.24182692307692, 891771, 28515872, 51171, 25504800, 756944]]
Arch_Param: [64, 4096, 32768, 8, 1024, 16]
SK_cost: [20330457726.239998, [199904.02333333332, 6360929, 406835900, 451585, 364399292, 1346637217]] [4282203852.0, [50991.0, 1333359, 85328280, 86895, 85328280, 283119471]] [313909640.0, [3263.333333333285, 104010, 6246800, 13130, 6246800, 12492810]] [5700055472.0, [55755.33333333302, 1782996, 113701904, 38684, 113701904, 437444628]] [1111441953.6, [10847.599999999999, 348166, 22167576, 9830, 22167576, 87064582]] [307967203822.8014, [3553845.675000043, 95907291, 6138011769, 5340891, 6138011769, 21131037915]] [11866514231.076923, [116288.61538461514, 3709727, 236846432, 329223, 225406304, 758758416]]
Model_cost: [17452589663.16, [533.0120833333333, 5615457, 359125692, 1456929, 49399997, 198946]] [4262756076.0, [3786.0, 1333359, 85328280, 86895, 77870232, 1216827]] [313597575.0, [12.65625, 104010, 6246800, 13130, 6246800, 27210]] [5304404734.0, [1270.8125, 1680596, 106001424, 38684, 103508112, 1846014118]] [854834098.6666666, [95.77777777777777, 273670, 17356824, 79174, 7767768, 30384]] [307624318042.8, [629.5500000000001, 95907291, 6138011769, 5340891, 6137123253, 95892675]] [1424836851.2153845, [57.24182692307692, 446687, 28515872, 51143, 25504800, 382928]]
Arch_Param: [64, 4096, 32768, 16, 256, 16]
SK_cost: [11618982638.08, [113703.06333333332, 14471844, 231526076, 254884, 210307772, 767184289]] [4298202828.0, [50991.0, 5333103, 85328280, 86895, 85328280, 283119471]] [315056600.0, [3263.333333333285, 390430, 6246800, 13150, 6246800, 12492810]] [5721352184.0, [55755.33333333302, 7106374, 113701904, 38734, 113701904, 437444628]] [557798740.8, [5426.799999999999, 693254, 11083800, 4918, 11083800, 43532294]] [309118080190.8014, [3553845.675000043, 383626383, 6138011769, 5340891, 6138011769, 21131037915]] [10866739992.0, [105784.00000000015, 13498486, 215889248, 256606, 211742048, 711998480]]
Model_cost: [10007420336.92, [313.07208333333335, 12767908, 204263100, 826404, 49399997, 211234]] [4278755052.0, [3786.0, 5333103, 85328280, 86895, 77870232, 4866975]] [314744520.0, [12.5, 390430, 6246800, 13150, 6246800, 390410]] [5324226871.0, [1270.65625, 6635334, 106001424, 38734, 103508112, 1846382172]] [435385792.5333333, [50.58888888888889, 542918, 8686616, 11174, 7768280, 476016]] [308775194410.8, [629.5500000000001, 383626383, 6138011769, 5340891, 6137123253, 383570187]] [1324858273.6, [48.1, 1647862, 26354976, 34590, 25504800, 1579984]]
Arch_Param: [64, 4096, 32768, 16, 512, 16]
SK_cost: [11590039842.08, [113703.06333333332, 7236193, 231526076, 254881, 210307772, 767184289]] [4287536844.0, [50991.0, 2666607, 85328280, 86895, 85328280, 283119471]] [314275120.0, [3263.333333333285, 195220, 6246800, 13140, 6246800, 12492810]] [5707137536.0, [55755.33333333302, 3553192, 113701904, 38704, 113701904, 437444628]] [556414292.8, [5426.799999999999, 347142, 11083800, 4918, 11083800, 43532294]] [308350829278.8014, [3553845.675000043, 191813655, 6138011769, 5340891, 6138011769, 21131037915]] [10839739244.0, [105784.00000000015, 6749243, 215889248, 256547, 211742048, 711998480]]
Model_cost: [9981885412.92, [313.07208333333335, 6384225, 204263100, 826401, 49399997, 203042]] [4268089068.0, [3786.0, 2666607, 85328280, 86895, 77870232, 2433543]] [313963040.0, [12.5, 195220, 6246800, 13140, 6246800, 195210]] [5310995263.0, [1270.65625, 3327912, 106001424, 38704, 103508112, 1846183736]] [434310208.5333333, [50.58888888888889, 274022, 8686616, 11174, 7768280, 238448]] [308007943498.8, [629.5500000000001, 191813655, 6138011769, 5340891, 6137123253, 191785179]] [1321558773.6, [48.1, 823931, 26354976, 34531, 25504800, 790992]]
Arch_Param: [64, 4096, 32768, 16, 1024, 16]
SK_cost: [11575574818.08, [113703.06333333332, 3619937, 231526076, 254881, 210307772, 767184289]] [4282203852.0, [50991.0, 1333359, 85328280, 86895, 85328280, 283119471]] [313909640.0, [3263.333333333285, 104010, 6246800, 13130, 6246800, 12492810]] [5700055472.0, [55755.33333333302, 1782996, 113701904, 38684, 113701904, 437444628]] [555722068.8, [5426.799999999999, 174086, 11083800, 4918, 11083800, 43532294]] [307967203822.8014, [3553845.675000043, 95907291, 6138011769, 5340891, 6138011769, 21131037915]] [10826252284.0, [105784.00000000015, 3377951, 215889248, 256519, 211742048, 711998480]]
Model_cost: [9969124324.92, [313.07208333333335, 3193953, 204263100, 826401, 49399997, 198946]] [4262756076.0, [3786.0, 1333359, 85328280, 86895, 77870232, 1216827]] [313597575.0, [12.65625, 104010, 6246800, 13130, 6246800, 27210]] [5304404734.0, [1270.8125, 1680596, 106001424, 38684, 103508112, 1846014118]] [433498381.3333333, [51.388888888888886, 136838, 8678424, 13222, 7767768, 119472]] [307624318042.8, [629.5500000000001, 95907291, 6138011769, 5340891, 6137123253, 95892675]] [1319910789.6, [48.1, 412383, 26354976, 34503, 25504800, 396496]]
Arch_Param: [64, 4096, 32768, 32, 256, 16]
SK_cost: [5832147008.0, [57034.58333333334, 7256228, 116083900, 128868, 108686012, 384200097]] [4298202828.0, [50991.0, 5333103, 85328280, 86895, 85328280, 283119471]] [315056600.0, [3263.333333333285, 390430, 6246800, 13150, 6246800, 12492810]] [5721352184.0, [55755.33333333302, 7106374, 113701904, 38734, 113701904, 437444628]] [529522414.4, [5148.4, 657926, 10522648, 4126, 10522648, 41689094]] [309118080190.8014, [3553845.675000043, 383626383, 6138011769, 5340891, 6138011769, 21131037915]] [10649683578.461538, [103467.69230769238, 13222006, 211505504, 228958, 209972576, 706690064]]
Model_cost: [5068710314.6, [174.33958333333334, 6404260, 102452412, 415012, 49399997, 211234]] [4278755052.0, [3786.0, 5333103, 85328280, 86895, 77870232, 4866975]] [314744520.0, [12.5, 390430, 6246800, 13150, 6246800, 390410]] [5324226871.0, [1270.65625, 6635334, 106001424, 38734, 103508112, 1846382172]] [408971932.2666667, [35.544444444444444, 509030, 8144408, 7254, 7768280, 476016]] [308775194410.8, [629.5500000000001, 383626383, 6138011769, 5340891, 6137123253, 383570187]] [1298146914.4923077, [44.77596153846154, 1613302, 25807008, 30366, 25504800, 1579984]]
Arch_Param: [64, 4096, 32768, 32, 512, 16]
SK_cost: [5817635444.0, [57034.58333333334, 3628385, 116083900, 128865, 108686012, 384200097]] [4287536844.0, [50991.0, 2666607, 85328280, 86895, 85328280, 283119471]] [314275120.0, [3263.333333333285, 195220, 6246800, 13140, 6246800, 12492810]] [5707137536.0, [55755.33333333302, 3553192, 113701904, 38704, 113701904, 437444628]] [528207598.4, [5148.4, 329222, 10522648, 4126, 10522648, 41689094]] [308350829278.8014, [3553845.675000043, 191813655, 6138011769, 5340891, 6138011769, 21131037915]] [10623235790.461538, [103467.69230769238, 6611003, 211505504, 228899, 209972576, 706690064]]
Model_cost: [5055902686.6, [174.33958333333334, 3202401, 102452412, 415009, 49399997, 203042]] [4268089068.0, [3786.0, 2666607, 85328280, 86895, 77870232, 2433543]] [313963040.0, [12.5, 195220, 6246800, 13140, 6246800, 195210]] [5310995263.0, [1270.65625, 3327912, 106001424, 38704, 103508112, 1846183736]] [407959004.2666667, [35.544444444444444, 255798, 8144408, 7254, 7768280, 238448]] [308007943498.8, [629.5500000000001, 191813655, 6138011769, 5340891, 6137123253, 191785179]] [1294916534.4923077, [44.77596153846154, 806651, 25807008, 30307, 25504800, 790992]]
Arch_Param: [64, 4096, 32768, 32, 1024, 16]
SK_cost: [5810382964.0, [57034.58333333334, 1815265, 116083900, 128865, 108686012, 384200097]] [4282203852.0, [50991.0, 1333359, 85328280, 86895, 85328280, 283119471]] [313909640.0, [3263.333333333285, 104010, 6246800, 13130, 6246800, 12492810]] [5700055472.0, [55755.33333333302, 1782996, 113701904, 38684, 113701904, 437444628]] [527550190.4, [5148.4, 164870, 10522648, 4126, 10522648, 41689094]] [307967203822.8014, [3553845.675000043, 95907291, 6138011769, 5340891, 6138011769, 21131037915]] [10610019166.461538, [103467.69230769238, 3307295, 211505504, 228871, 209972576, 706690064]]
Model_cost: [5049502174.6, [174.33958333333334, 1602273, 102452412, 415009, 49399997, 198946]] [4262756076.0, [3786.0, 1333359, 85328280, 86895, 77870232, 1216827]] [313597575.0, [12.65625, 104010, 6246800, 13130, 6246800, 27210]] [5304404734.0, [1270.8125, 1680596, 106001424, 38684, 103508112, 1846014118]] [407315010.6666667, [35.94444444444444, 127814, 8140312, 8278, 7767768, 119472]] [307624318042.8, [629.5500000000001, 95907291, 6138011769, 5340891, 6137123253, 95892675]] [1293302342.4923077, [44.77596153846154, 403551, 25807008, 30279, 25504800, 396496]]
Arch_Param: [64, 4096, 16384, 4, 256, 16]
SK_cost: [38025134510.48649, [760265.0675675676, 47352356, 757567868, 845252, 672692924, 2505874849]] [4303087308.0, [101871.0, 5333103, 85328280, 86895, 85328280, 283119471]] [315368920.0, [6516.66666666657, 390430, 6246800, 13150, 6246800, 12492810]] [5726719160.0, [111661.33333333023, 7106374, 113701904, 38734, 113701904, 437444628]] [2233309320.0, [43782.0, 2772998, 44335128, 19654, 44335128, 174129158]] [309459234111.60394, [7107532.350000086, 383626383, 6138011769, 5340891, 6138011769, 21131037915]] [14013171224.0, [281557.3333333333, 17442934, 278760800, 474718, 252734816, 852278288]]
Model_cost: [32550466564.95135, [1903.2807432432433, 41814564, 668963196, 2718628, 49399997, 211234]] [4279107852.0, [7461.0, 5333103, 85328280, 86895, 77870232, 4866975]] [314744760.0, [15.0, 390430, 6246800, 13150, 6246800, 390410]] [5324345974.0, [2511.3125, 6635334, 106001424, 38734, 103508112, 1846382172]] [1701694056.0, [359.0, 2171654, 34746392, 150150, 7768280, 30576]] [308775239583.5999, [1100.1000000000001, 383626383, 6138011769, 5340891, 6137123253, 383570187]] [1640449071.6, [134.9125, 2054902, 32837664, 78110, 25504800, 1504976]]
Arch_Param: [64, 4096, 16384, 4, 512, 16]
SK_cost: [37930430690.48649, [760265.0675675676, 23676449, 757567868, 845249, 672692924, 2505874849]] [4292421324.0, [101871.0, 2666607, 85328280, 86895, 85328280, 283119471]] [314587440.0, [6516.66666666657, 195220, 6246800, 13140, 6246800, 12492810]] [5712504512.0, [111661.33333333023, 3553192, 113701904, 38704, 113701904, 437444628]] [2227771528.0, [43782.0, 1388550, 44335128, 19654, 44335128, 174129158]] [308691983199.60394, [7107532.350000086, 191813655, 6138011769, 5340891, 6138011769, 21131037915]] [13978281580.0, [281557.3333333333, 8721467, 278760800, 474659, 252734816, 852278288]]
Model_cost: [32466838328.95135, [1903.2807432432433, 20907553, 668963196, 2718625, 49399997, 203042]] [4268441868.0, [7461.0, 2666607, 85328280, 86895, 77870232, 2433543]] [313963280.0, [15.0, 195220, 6246800, 13140, 6246800, 195210]] [5311114366.0, [2511.3125, 3327912, 106001424, 38704, 103508112, 1846183736]] [1697391720.0, [359.0, 1096070, 34746392, 150150, 7768280, 30576]] [308007988671.5999, [1100.1000000000001, 191813655, 6138011769, 5340891, 6137123253, 191785179]] [1636335491.6, [134.9125, 1027451, 32837664, 78051, 25504800, 756944]]
Arch_Param: [64, 4096, 16384, 4, 1024, 16]
SK_cost: [37883103714.48649, [760265.0675675676, 11844705, 757567868, 845249, 672692924, 2505874849]] [4287088332.0, [101871.0, 1333359, 85328280, 86895, 85328280, 283119471]] [314221960.0, [6516.66666666657, 104010, 6246800, 13130, 6246800, 12492810]] [5705422448.0, [111661.33333333023, 1782996, 113701904, 38684, 113701904, 437444628]] [2225002632.0, [43782.0, 696326, 44335128, 19654, 44335128, 174129158]] [308308357743.60394, [7107532.350000086, 95907291, 6138011769, 5340891, 6138011769, 21131037915]] [13960887036.0, [281557.3333333333, 4373279, 278760800, 474631, 252734816, 852278288]]
Model_cost: [32425049144.95135, [1903.2807432432433, 10460257, 668963196, 2718625, 49399997, 198946]] [4263108876.0, [7461.0, 1333359, 85328280, 86895, 77870232, 1216827]] [313597830.0, [15.3125, 104010, 6246800, 13130, 6246800, 27210]] [5304523852.0, [2511.625, 1680596, 106001424, 38684, 103508112, 1846014118]] [1694147176.0, [359.0, 547334, 34713624, 158342, 7767768, 30384]] [307624363215.5999, [1100.1000000000001, 95907291, 6138011769, 5340891, 6137123253, 95892675]] [1634285075.6, [134.9125, 515295, 32837664, 78023, 25504800, 382928]]
Arch_Param: [64, 4096, 16384, 8, 256, 16]
SK_cost: [20426670275.243244, [407585.2837837838, 25429668, 406835900, 451588, 364399292, 1346637217]] [4303087308.0, [101871.0, 5333103, 85328280, 86895, 85328280, 283119471]] [315368920.0, [6516.66666666657, 390430, 6246800, 13150, 6246800, 12492810]] [5726719160.0, [111661.33333333023, 7106374, 113701904, 38734, 113701904, 437444628]] [1116655752.0, [21894.0, 1386502, 22167576, 9830, 22167576, 87064582]] [309459234111.60394, [7107532.350000086, 383626383, 6138011769, 5340891, 6138011769, 21131037915]] [11922456088.0, [236309.33333333334, 14813302, 236846432, 329310, 225406304, 758758416]]
Model_cost: [17519966921.275677, [1030.6591216216216, 22447780, 359125692, 1456932, 49399997, 211234]] [4279107852.0, [7461.0, 5333103, 85328280, 86895, 77870232, 4866975]] [314744760.0, [15.0, 390430, 6246800, 13150, 6246800, 390410]] [5324345974.0, [2511.3125, 6635334, 106001424, 38734, 103508112, 1846382172]] [858616456.0, [183.33333333333334, 1085830, 17373208, 75078, 7768280, 30576]] [308775239583.5999, [1100.1000000000001, 383626383, 6138011769, 5340891, 6137123253, 383570187]] [1430193813.2, [98.63749999999999, 1783542, 28515872, 51230, 25504800, 1504976]]
Arch_Param: [64, 4096, 16384, 8, 512, 16]
SK_cost: [20375811831.243244, [407585.2837837838, 12715105, 406835900, 451585, 364399292, 1346637217]] [4292421324.0, [101871.0, 2666607, 85328280, 86895, 85328280, 283119471]] [314587440.0, [6516.66666666657, 195220, 6246800, 13140, 6246800, 12492810]] [5712504512.0, [111661.33333333023, 3553192, 113701904, 38704, 113701904, 437444628]] [1113886856.0, [21894.0, 694278, 22167576, 9830, 22167576, 87064582]] [308691983199.60394, [7107532.350000086, 191813655, 6138011769, 5340891, 6138011769, 21131037915]] [11892825708.0, [236309.33333333334, 7406651, 236846432, 329251, 225406304, 758758416]]
Model_cost: [17475072253.275677, [1030.6591216216216, 11224161, 359125692, 1456929, 49399997, 203042]] [4268441868.0, [7461.0, 2666607, 85328280, 86895, 77870232, 2433543]] [313963280.0, [15.0, 195220, 6246800, 13140, 6246800, 195210]] [5311114366.0, [2511.3125, 3327912, 106001424, 38704, 103508112, 1846183736]] [856465288.0, [183.33333333333334, 548038, 17373208, 75078, 7768280, 30576]] [308007988671.5999, [1100.1000000000001, 191813655, 6138011769, 5340891, 6137123253, 191785179]] [1426622953.2, [98.63749999999999, 891771, 28515872, 51171, 25504800, 756944]]
Arch_Param: [64, 4096, 16384, 8, 1024, 16]
SK_cost: [20350395127.243244, [407585.2837837838, 6360929, 406835900, 451585, 364399292, 1346637217]] [4287088332.0, [101871.0, 1333359, 85328280, 86895, 85328280, 283119471]] [314221960.0, [6516.66666666657, 104010, 6246800, 13130, 6246800, 12492810]] [5705422448.0, [111661.33333333023, 1782996, 113701904, 38684, 113701904, 437444628]] [1112502408.0, [21894.0, 348166, 22167576, 9830, 22167576, 87064582]] [308308357743.60394, [7107532.350000086, 95907291, 6138011769, 5340891, 6138011769, 21131037915]] [11878036220.0, [236309.33333333334, 3709727, 236846432, 329223, 225406304, 758758416]]
Model_cost: [17452637437.275677, [1030.6591216216216, 5615457, 359125692, 1456929, 49399997, 198946]] [4263108876.0, [7461.0, 1333359, 85328280, 86895, 77870232, 1216827]] [313597830.0, [15.3125, 104010, 6246800, 13130, 6246800, 27210]] [5304523852.0, [2511.625, 1680596, 106001424, 38684, 103508112, 1846014118]] [854842472.0, [183.0, 273670, 17356824, 79174, 7767768, 30384]] [307624363215.5999, [1100.1000000000001, 95907291, 6138011769, 5340891, 6137123253, 95892675]] [1424840825.2, [98.63749999999999, 446687, 28515872, 51143, 25504800, 382928]]
Arch_Param: [64, 4096, 16384, 16, 256, 16]
SK_cost: [11630276000.64865, [231342.25675675675, 14471844, 231526076, 254884, 210307772, 767184289]] [4303087308.0, [101871.0, 5333103, 85328280, 86895, 85328280, 283119471]] [315368920.0, [6516.66666666657, 390430, 6246800, 13150, 6246800, 12492810]] [5726719160.0, [111661.33333333023, 7106374, 113701904, 38734, 113701904, 437444628]] [558328968.0, [10950.0, 693254, 11083800, 4918, 11083800, 43532294]] [309459234111.60394, [7107532.350000086, 383626383, 6138011769, 5340891, 6138011769, 21131037915]] [10877098520.0, [213685.3333333333, 13498486, 215889248, 256606, 211742048, 711998480]]
Model_cost: [10007447225.535135, [593.1618243243242, 12767908, 204263100, 826404, 49399997, 211234]] [4279107852.0, [7461.0, 5333103, 85328280, 86895, 77870232, 4866975]] [314744760.0, [15.0, 390430, 6246800, 13150, 6246800, 390410]] [5324345974.0, [2511.3125, 6635334, 106001424, 38734, 103508112, 1846382172]] [435390696.0, [101.66666666666667, 542918, 8686616, 11174, 7768280, 476016]] [308775239583.5999, [1100.1000000000001, 383626383, 6138011769, 5340891, 6137123253, 383570187]] [1324861355.2, [80.2, 1647862, 26354976, 34590, 25504800, 1579984]]
Arch_Param: [64, 4096, 16384, 16, 512, 16]
SK_cost: [11601333204.64865, [231342.25675675675, 7236193, 231526076, 254881, 210307772, 767184289]] [4292421324.0, [101871.0, 2666607, 85328280, 86895, 85328280, 283119471]] [314587440.0, [6516.66666666657, 195220, 6246800, 13140, 6246800, 12492810]] [5712504512.0, [111661.33333333023, 3553192, 113701904, 38704, 113701904, 437444628]] [556944520.0, [10950.0, 347142, 11083800, 4918, 11083800, 43532294]] [308691983199.60394, [7107532.350000086, 191813655, 6138011769, 5340891, 6138011769, 21131037915]] [10850097772.0, [213685.3333333333, 6749243, 215889248, 256547, 211742048, 711998480]]
Model_cost: [9981912301.535135, [593.1618243243242, 6384225, 204263100, 826401, 49399997, 203042]] [4268441868.0, [7461.0, 2666607, 85328280, 86895, 77870232, 2433543]] [313963280.0, [15.0, 195220, 6246800, 13140, 6246800, 195210]] [5311114366.0, [2511.3125, 3327912, 106001424, 38704, 103508112, 1846183736]] [434315112.0, [101.66666666666667, 274022, 8686616, 11174, 7768280, 238448]] [308007988671.5999, [1100.1000000000001, 191813655, 6138011769, 5340891, 6137123253, 191785179]] [1321561855.2, [80.2, 823931, 26354976, 34531, 25504800, 790992]]
Arch_Param: [64, 4096, 16384, 16, 1024, 16]
SK_cost: [11586868180.64865, [231342.25675675675, 3619937, 231526076, 254881, 210307772, 767184289]] [4287088332.0, [101871.0, 1333359, 85328280, 86895, 85328280, 283119471]] [314221960.0, [6516.66666666657, 104010, 6246800, 13130, 6246800, 12492810]] [5705422448.0, [111661.33333333023, 1782996, 113701904, 38684, 113701904, 437444628]] [556252296.0, [10950.0, 174086, 11083800, 4918, 11083800, 43532294]] [308308357743.60394, [7107532.350000086, 95907291, 6138011769, 5340891, 6138011769, 21131037915]] [10836610812.0, [213685.3333333333, 3377951, 215889248, 256519, 211742048, 711998480]]
Model_cost: [9969151213.535135, [593.1618243243242, 3193953, 204263100, 826401, 49399997, 198946]] [4263108876.0, [7461.0, 1333359, 85328280, 86895, 77870232, 1216827]] [313597830.0, [15.3125, 104010, 6246800, 13130, 6246800, 27210]] [5304523852.0, [2511.625, 1680596, 106001424, 38684, 103508112, 1846014118]] [433503240.0, [102.0, 136838, 8678424, 13222, 7767768, 119472]] [307624363215.5999, [1100.1000000000001, 95907291, 6138011769, 5340891, 6137123253, 95892675]] [1319913871.2, [80.2, 412383, 26354976, 34503, 25504800, 396496]]
Arch_Param: [64, 4096, 16384, 32, 256, 16]
SK_cost: [5837815823.351351, [116084.74324324324, 7256228, 116083900, 128868, 108686012, 384200097]] [4303087308.0, [101871.0, 5333103, 85328280, 86895, 85328280, 283119471]] [315368920.0, [6516.66666666657, 390430, 6246800, 13150, 6246800, 12492810]] [5726719160.0, [111661.33333333023, 7106374, 113701904, 38734, 113701904, 437444628]] [530021000.0, [10342.0, 657926, 10522648, 4126, 10522648, 41689094]] [309459234111.60394, [7107532.350000086, 383626383, 6138011769, 5340891, 6138011769, 21131037915]] [10659717656.0, [207989.33333333334, 13222006, 211505504, 228958, 209972576, 706690064]]
Model_cost: [5068723884.064865, [315.68817567567567, 6404260, 102452412, 415012, 49399997, 211234]] [4279107852.0, [7461.0, 5333103, 85328280, 86895, 77870232, 4866975]] [314744760.0, [15.0, 390430, 6246800, 13150, 6246800, 390410]] [5324345974.0, [2511.3125, 6635334, 106001424, 38734, 103508112, 1846382172]] [408975080.0, [68.33333333333334, 509030, 8144408, 7254, 7768280, 476016]] [308775239583.5999, [1100.1000000000001, 383626383, 6138011769, 5340891, 6137123253, 383570187]] [1298149685.6, [73.64166666666667, 1613302, 25807008, 30366, 25504800, 1579984]]
Arch_Param: [64, 4096, 16384, 32, 512, 16]
SK_cost: [5823304259.351351, [116084.74324324324, 3628385, 116083900, 128865, 108686012, 384200097]] [4292421324.0, [101871.0, 2666607, 85328280, 86895, 85328280, 283119471]] [314587440.0, [6516.66666666657, 195220, 6246800, 13140, 6246800, 12492810]] [5712504512.0, [111661.33333333023, 3553192, 113701904, 38704, 113701904, 437444628]] [528706184.0, [10342.0, 329222, 10522648, 4126, 10522648, 41689094]] [308691983199.60394, [7107532.350000086, 191813655, 6138011769, 5340891, 6138011769, 21131037915]] [10633269868.0, [207989.33333333334, 6611003, 211505504, 228899, 209972576, 706690064]]
Model_cost: [5055916256.064865, [315.68817567567567, 3202401, 102452412, 415009, 49399997, 203042]] [4268441868.0, [7461.0, 2666607, 85328280, 86895, 77870232, 2433543]] [313963280.0, [15.0, 195220, 6246800, 13140, 6246800, 195210]] [5311114366.0, [2511.3125, 3327912, 106001424, 38704, 103508112, 1846183736]] [407962152.0, [68.33333333333334, 255798, 8144408, 7254, 7768280, 238448]] [308007988671.5999, [1100.1000000000001, 191813655, 6138011769, 5340891, 6137123253, 191785179]] [1294919305.6, [73.64166666666667, 806651, 25807008, 30307, 25504800, 790992]]
Arch_Param: [64, 4096, 16384, 32, 1024, 16]
SK_cost: [5816051779.351351, [116084.74324324324, 1815265, 116083900, 128865, 108686012, 384200097]] [4287088332.0, [101871.0, 1333359, 85328280, 86895, 85328280, 283119471]] [314221960.0, [6516.66666666657, 104010, 6246800, 13130, 6246800, 12492810]] [5705422448.0, [111661.33333333023, 1782996, 113701904, 38684, 113701904, 437444628]] [528048776.0, [10342.0, 164870, 10522648, 4126, 10522648, 41689094]] [308308357743.60394, [7107532.350000086, 95907291, 6138011769, 5340891, 6138011769, 21131037915]] [10620053244.0, [207989.33333333334, 3307295, 211505504, 228871, 209972576, 706690064]]
Model_cost: [5049515744.064865, [315.68817567567567, 1602273, 102452412, 415009, 49399997, 198946]] [4263108876.0, [7461.0, 1333359, 85328280, 86895, 77870232, 1216827]] [313597830.0, [15.3125, 104010, 6246800, 13130, 6246800, 27210]] [5304523852.0, [2511.625, 1680596, 106001424, 38684, 103508112, 1846014118]] [407318184.0, [69.0, 127814, 8140312, 8278, 7767768, 119472]] [307624363215.5999, [1100.1000000000001, 95907291, 6138011769, 5340891, 6137123253, 95892675]] [1293305113.6, [73.64166666666667, 403551, 25807008, 30279, 25504800, 396496]]
Arch_Param: [64, 4096, 8192, 4, 256, 16]
SK_cost: [38098118578.666664, [1520515.7777777778, 47352356, 757567868, 845252, 672692924, 2505874849]] [4312856268.0, [203631.0, 5333103, 85328280, 86895, 85328280, 283119471]] [316003800.0, [13130.0, 390430, 6246800, 13150, 6246800, 12492810]] [5737457208.0, [223516.0, 7106374, 113701904, 38734, 113701904, 437444628]] [2237511816.0, [87558.0, 2772998, 44335128, 19654, 44335128, 174129158]] [310141549326.0, [14214982.5, 383626383, 6138011769, 5340891, 6138011769, 21131037915]] [14040199192.0, [563098.6666666666, 17442934, 278760800, 474718, 252734816, 852278288]]
Model_cost: [32550644584.666668, [3757.652777777778, 41814564, 668963196, 2718628, 49399997, 211234]] [4279813452.0, [14811.0, 5333103, 85328280, 86895, 77870232, 4866975]] [314745240.0, [20.0, 390430, 6246800, 13150, 6246800, 390410]] [5324585140.0, [5002.625, 6635334, 106001424, 38734, 103508112, 1846382172]] [1701727944.0, [712.0, 2171654, 34746392, 150150, 7768280, 30576]] [308775337302.0, [2118.0, 383626383, 6138011769, 5340891, 6137123253, 383570187]] [1640461140.0, [260.625, 2054902, 32837664, 78110, 25504800, 1504976]]
Arch_Param: [64, 4096, 8192, 4, 512, 16]
SK_cost: [38003414758.666664, [1520515.7777777778, 23676449, 757567868, 845249, 672692924, 2505874849]] [4302190284.0, [203631.0, 2666607, 85328280, 86895, 85328280, 283119471]] [315222320.0, [13130.0, 195220, 6246800, 13140, 6246800, 12492810]] [5723242560.0, [223516.0, 3553192, 113701904, 38704, 113701904, 437444628]] [2231974024.0, [87558.0, 1388550, 44335128, 19654, 44335128, 174129158]] [309374298414.0, [14214982.5, 191813655, 6138011769, 5340891, 6138011769, 21131037915]] [14005309548.0, [563098.6666666666, 8721467, 278760800, 474659, 252734816, 852278288]]
Model_cost: [32467016348.666668, [3757.652777777778, 20907553, 668963196, 2718625, 49399997, 203042]] [4269147468.0, [14811.0, 2666607, 85328280, 86895, 77870232, 2433543]] [313963760.0, [20.0, 195220, 6246800, 13140, 6246800, 195210]] [5311353532.0, [5002.625, 3327912, 106001424, 38704, 103508112, 1846183736]] [1697425608.0, [712.0, 1096070, 34746392, 150150, 7768280, 30576]] [308008086390.0, [2118.0, 191813655, 6138011769, 5340891, 6137123253, 191785179]] [1636347560.0, [260.625, 1027451, 32837664, 78051, 25504800, 756944]]
Arch_Param: [64, 4096, 8192, 4, 1024, 16]
SK_cost: [37956087782.666664, [1520515.7777777778, 11844705, 757567868, 845249, 672692924, 2505874849]] [4296857292.0, [203631.0, 1333359, 85328280, 86895, 85328280, 283119471]] [314856840.0, [13130.0, 104010, 6246800, 13130, 6246800, 12492810]] [5716160496.0, [223516.0, 1782996, 113701904, 38684, 113701904, 437444628]] [2229205128.0, [87558.0, 696326, 44335128, 19654, 44335128, 174129158]] [308990672958.0, [14214982.5, 95907291, 6138011769, 5340891, 6138011769, 21131037915]] [13987915004.0, [563098.6666666666, 4373279, 278760800, 474631, 252734816, 852278288]]
Model_cost: [32425227164.666668, [3757.652777777778, 10460257, 668963196, 2718625, 49399997, 198946]] [4263814476.0, [14811.0, 1333359, 85328280, 86895, 77870232, 1216827]] [313598340.0, [20.625, 104010, 6246800, 13130, 6246800, 27210]] [5304763048.0, [5003.25, 1680596, 106001424, 38684, 103508112, 1846014118]] [1694180968.0, [711.0, 547334, 34713624, 158342, 7767768, 30384]] [307624460934.0, [2118.0, 95907291, 6138011769, 5340891, 6137123253, 95892675]] [1634297144.0, [260.625, 515295, 32837664, 78023, 25504800, 382928]]
Arch_Param: [64, 4096, 8192, 8, 256, 16]
SK_cost: [20465796189.333332, [815146.8888888889, 25429668, 406835900, 451588, 364399292, 1346637217]] [4312856268.0, [203631.0, 5333103, 85328280, 86895, 85328280, 283119471]] [316003800.0, [13130.0, 390430, 6246800, 13150, 6246800, 12492810]] [5737457208.0, [223516.0, 7106374, 113701904, 38734, 113701904, 437444628]] [1118757000.0, [43782.0, 1386502, 22167576, 9830, 22167576, 87064582]] [310141549326.0, [14214982.5, 383626383, 6138011769, 5340891, 6138011769, 21131037915]] [11945140248.0, [472602.6666666667, 14813302, 236846432, 329310, 225406304, 758758416]]
Model_cost: [17520062595.333336, [2027.263888888889, 22447780, 359125692, 1456932, 49399997, 211234]] [4279813452.0, [14811.0, 5333103, 85328280, 86895, 77870232, 4866975]] [314745240.0, [20.0, 390430, 6246800, 13150, 6246800, 390410]] [5324585140.0, [5002.625, 6635334, 106001424, 38734, 103508112, 1846382172]] [858633320.0, [359.0, 1085830, 17373208, 75078, 7768280, 30576]] [308775337302.0, [2118.0, 383626383, 6138011769, 5340891, 6137123253, 383570187]] [1430202380.0, [187.875, 1783542, 28515872, 51230, 25504800, 1504976]]
Arch_Param: [64, 4096, 8192, 8, 512, 16]
SK_cost: [20414937745.333332, [815146.8888888889, 12715105, 406835900, 451585, 364399292, 1346637217]] [4302190284.0, [203631.0, 2666607, 85328280, 86895, 85328280, 283119471]] [315222320.0, [13130.0, 195220, 6246800, 13140, 6246800, 12492810]] [5723242560.0, [223516.0, 3553192, 113701904, 38704, 113701904, 437444628]] [1115988104.0, [43782.0, 694278, 22167576, 9830, 22167576, 87064582]] [309374298414.0, [14214982.5, 191813655, 6138011769, 5340891, 6138011769, 21131037915]] [11915509868.0, [472602.6666666667, 7406651, 236846432, 329251, 225406304, 758758416]]
Model_cost: [17475167927.333336, [2027.263888888889, 11224161, 359125692, 1456929, 49399997, 203042]] [4269147468.0, [14811.0, 2666607, 85328280, 86895, 77870232, 2433543]] [313963760.0, [20.0, 195220, 6246800, 13140, 6246800, 195210]] [5311353532.0, [5002.625, 3327912, 106001424, 38704, 103508112, 1846183736]] [856482152.0, [359.0, 548038, 17373208, 75078, 7768280, 30576]] [308008086390.0, [2118.0, 191813655, 6138011769, 5340891, 6137123253, 191785179]] [1426631520.0, [187.875, 891771, 28515872, 51171, 25504800, 756944]]
Arch_Param: [64, 4096, 8192, 8, 1024, 16]
SK_cost: [20389521041.333332, [815146.8888888889, 6360929, 406835900, 451585, 364399292, 1346637217]] [4296857292.0, [203631.0, 1333359, 85328280, 86895, 85328280, 283119471]] [314856840.0, [13130.0, 104010, 6246800, 13130, 6246800, 12492810]] [5716160496.0, [223516.0, 1782996, 113701904, 38684, 113701904, 437444628]] [1114603656.0, [43782.0, 348166, 22167576, 9830, 22167576, 87064582]] [308990672958.0, [14214982.5, 95907291, 6138011769, 5340891, 6138011769, 21131037915]] [11900720380.0, [472602.6666666667, 3709727, 236846432, 329223, 225406304, 758758416]]
Model_cost: [17452733111.333336, [2027.263888888889, 5615457, 359125692, 1456929, 49399997, 198946]] [4263814476.0, [14811.0, 1333359, 85328280, 86895, 77870232, 1216827]] [313598340.0, [20.625, 104010, 6246800, 13130, 6246800, 27210]] [5304763048.0, [5003.25, 1680596, 106001424, 38684, 103508112, 1846014118]] [854859368.0, [359.0, 273670, 17356824, 79174, 7767768, 30384]] [307624460934.0, [2118.0, 95907291, 6138011769, 5340891, 6137123253, 95892675]] [1424849392.0, [187.875, 446687, 28515872, 51143, 25504800, 382928]]
Arch_Param: [64, 4096, 8192, 16, 256, 16]
SK_cost: [11652482141.333334, [462656.22222222225, 14471844, 231526076, 254884, 210307772, 767184289]] [4312856268.0, [203631.0, 5333103, 85328280, 86895, 85328280, 283119471]] [316003800.0, [13130.0, 390430, 6246800, 13150, 6246800, 12492810]] [5737457208.0, [223516.0, 7106374, 113701904, 38734, 113701904, 437444628]] [559379592.0, [21894.0, 693254, 11083800, 4918, 11083800, 43532294]] [310141549326.0, [14214982.5, 383626383, 6138011769, 5340891, 6138011769, 21131037915]] [10897610776.0, [427354.6666666666, 13498486, 215889248, 256606, 211742048, 711998480]]
Model_cost: [10007501411.333332, [1157.5972222222222, 12767908, 204263100, 826404, 49399997, 211234]] [4279813452.0, [14811.0, 5333103, 85328280, 86895, 77870232, 4866975]] [314745240.0, [20.0, 390430, 6246800, 13150, 6246800, 390410]] [5324585140.0, [5002.625, 6635334, 106001424, 38734, 103508112, 1846382172]] [435398536.0, [183.33333333333334, 542918, 8686616, 11174, 7768280, 476016]] [308775337302.0, [2118.0, 383626383, 6138011769, 5340891, 6137123253, 383570187]] [1324867864.0, [148.0, 1647862, 26354976, 34590, 25504800, 1579984]]
Arch_Param: [64, 4096, 8192, 16, 512, 16]
SK_cost: [11623539345.333334, [462656.22222222225, 7236193, 231526076, 254881, 210307772, 767184289]] [4302190284.0, [203631.0, 2666607, 85328280, 86895, 85328280, 283119471]] [315222320.0, [13130.0, 195220, 6246800, 13140, 6246800, 12492810]] [5723242560.0, [223516.0, 3553192, 113701904, 38704, 113701904, 437444628]] [557995144.0, [21894.0, 347142, 11083800, 4918, 11083800, 43532294]] [309374298414.0, [14214982.5, 191813655, 6138011769, 5340891, 6138011769, 21131037915]] [10870610028.0, [427354.6666666666, 6749243, 215889248, 256547, 211742048, 711998480]]
Model_cost: [9981966487.333332, [1157.5972222222222, 6384225, 204263100, 826401, 49399997, 203042]] [4269147468.0, [14811.0, 2666607, 85328280, 86895, 77870232, 2433543]] [313963760.0, [20.0, 195220, 6246800, 13140, 6246800, 195210]] [5311353532.0, [5002.625, 3327912, 106001424, 38704, 103508112, 1846183736]] [434322952.0, [183.33333333333334, 274022, 8686616, 11174, 7768280, 238448]] [308008086390.0, [2118.0, 191813655, 6138011769, 5340891, 6137123253, 191785179]] [1321568364.0, [148.0, 823931, 26354976, 34531, 25504800, 790992]]
Arch_Param: [64, 4096, 8192, 16, 1024, 16]
SK_cost: [11609074321.333334, [462656.22222222225, 3619937, 231526076, 254881, 210307772, 767184289]] [4296857292.0, [203631.0, 1333359, 85328280, 86895, 85328280, 283119471]] [314856840.0, [13130.0, 104010, 6246800, 13130, 6246800, 12492810]] [5716160496.0, [223516.0, 1782996, 113701904, 38684, 113701904, 437444628]] [557302920.0, [21894.0, 174086, 11083800, 4918, 11083800, 43532294]] [308990672958.0, [14214982.5, 95907291, 6138011769, 5340891, 6138011769, 21131037915]] [10857123068.0, [427354.6666666666, 3377951, 215889248, 256519, 211742048, 711998480]]
Model_cost: [9969205399.333332, [1157.5972222222222, 3193953, 204263100, 826401, 49399997, 198946]] [4263814476.0, [14811.0, 1333359, 85328280, 86895, 77870232, 1216827]] [313598340.0, [20.625, 104010, 6246800, 13130, 6246800, 27210]] [5304763048.0, [5003.25, 1680596, 106001424, 38684, 103508112, 1846014118]] [433511016.0, [183.0, 136838, 8678424, 13222, 7767768, 119472]] [307624460934.0, [2118.0, 95907291, 6138011769, 5340891, 6137123253, 95892675]] [1319920380.0, [148.0, 412383, 26354976, 34503, 25504800, 396496]]
Arch_Param: [64, 4096, 8192, 32, 256, 16]
SK_cost: [5848957021.333333, [232138.88888888888, 7256228, 116083900, 128868, 108686012, 384200097]] [4312856268.0, [203631.0, 5333103, 85328280, 86895, 85328280, 283119471]] [316003800.0, [13130.0, 390430, 6246800, 13150, 6246800, 12492810]] [5737457208.0, [223516.0, 7106374, 113701904, 38734, 113701904, 437444628]] [531013256.0, [20678.0, 657926, 10522648, 4126, 10522648, 41689094]] [310141549326.0, [14214982.5, 383626383, 6138011769, 5340891, 6138011769, 21131037915]] [10679683096.0, [415962.6666666667, 13222006, 211505504, 228958, 209972576, 706690064]]
Model_cost: [5068751659.333334, [605.0138888888889, 6404260, 102452412, 415012, 49399997, 211234]] [4279813452.0, [14811.0, 5333103, 85328280, 86895, 77870232, 4866975]] [314745240.0, [20.0, 390430, 6246800, 13150, 6246800, 390410]] [5324585140.0, [5002.625, 6635334, 106001424, 38734, 103508112, 1846382172]] [408981064.0, [130.66666666666669, 509030, 8144408, 7254, 7768280, 476016]] [308775337302.0, [2118.0, 383626383, 6138011769, 5340891, 6137123253, 383570187]] [1298155392.0, [133.08333333333334, 1613302, 25807008, 30366, 25504800, 1579984]]
Arch_Param: [64, 4096, 8192, 32, 512, 16]
SK_cost: [5834445457.333333, [232138.88888888888, 3628385, 116083900, 128865, 108686012, 384200097]] [4302190284.0, [203631.0, 2666607, 85328280, 86895, 85328280, 283119471]] [315222320.0, [13130.0, 195220, 6246800, 13140, 6246800, 12492810]] [5723242560.0, [223516.0, 3553192, 113701904, 38704, 113701904, 437444628]] [529698440.0, [20678.0, 329222, 10522648, 4126, 10522648, 41689094]] [309374298414.0, [14214982.5, 191813655, 6138011769, 5340891, 6138011769, 21131037915]] [10653235308.0, [415962.6666666667, 6611003, 211505504, 228899, 209972576, 706690064]]
Model_cost: [5055944031.333334, [605.0138888888889, 3202401, 102452412, 415009, 49399997, 203042]] [4269147468.0, [14811.0, 2666607, 85328280, 86895, 77870232, 2433543]] [313963760.0, [20.0, 195220, 6246800, 13140, 6246800, 195210]] [5311353532.0, [5002.625, 3327912, 106001424, 38704, 103508112, 1846183736]] [407968136.0, [130.66666666666669, 255798, 8144408, 7254, 7768280, 238448]] [308008086390.0, [2118.0, 191813655, 6138011769, 5340891, 6137123253, 191785179]] [1294925012.0, [133.08333333333334, 806651, 25807008, 30307, 25504800, 790992]]
Arch_Param: [64, 4096, 8192, 32, 1024, 16]
SK_cost: [5827192977.333333, [232138.88888888888, 1815265, 116083900, 128865, 108686012, 384200097]] [4296857292.0, [203631.0, 1333359, 85328280, 86895, 85328280, 283119471]] [314856840.0, [13130.0, 104010, 6246800, 13130, 6246800, 12492810]] [5716160496.0, [223516.0, 1782996, 113701904, 38684, 113701904, 437444628]] [529041032.0, [20678.0, 164870, 10522648, 4126, 10522648, 41689094]] [308990672958.0, [14214982.5, 95907291, 6138011769, 5340891, 6138011769, 21131037915]] [10640018684.0, [415962.6666666667, 3307295, 211505504, 228871, 209972576, 706690064]]
Model_cost: [5049543519.333334, [605.0138888888889, 1602273, 102452412, 415009, 49399997, 198946]] [4263814476.0, [14811.0, 1333359, 85328280, 86895, 77870232, 1216827]] [313598340.0, [20.625, 104010, 6246800, 13130, 6246800, 27210]] [5304763048.0, [5003.25, 1680596, 106001424, 38684, 103508112, 1846014118]] [407324136.0, [131.0, 127814, 8140312, 8278, 7767768, 119472]] [307624460934.0, [2118.0, 95907291, 6138011769, 5340891, 6137123253, 95892675]] [1293310820.0, [133.08333333333334, 403551, 25807008, 30279, 25504800, 396496]]
Arch_Param: [64, 4096, 4096, 4, 256, 16]
SK_cost: [38239605949.333336, [2994342.5555555555, 47352356, 757567868, 845252, 672692924, 2505874849]] [4325316300.0, [333423.0, 5333103, 85328280, 86895, 85328280, 283119471]] [317263320, [26250, 390430, 6246800, 13150, 6246800, 12492810]] [5758863672, [446500, 7106374, 113701904, 38734, 113701904, 437444628]] [2245916808, [175110, 2772998, 44335128, 19654, 44335128, 174129158]] [311078697438.0, [23976942.0, 383626383, 6138011769, 5340891, 6138011769, 21131037915]] [14093141016.0, [1114576.0, 17442934, 278760800, 474718, 252734816, 852278288]]
Model_cost: [32551001234.0, [7472.75, 41814564, 668963196, 2718628, 49399997, 211234]] [4281224652.0, [29511.0, 5333103, 85328280, 86895, 77870232, 4866975]] [314746200.0, [30.0, 390430, 6246800, 13150, 6246800, 390410]] [5325062512.0, [9975.25, 6635334, 106001424, 38734, 103508112, 1846382172]] [1701795720.0, [1418.0, 2171654, 34746392, 150150, 7768280, 30576]] [308775525366.0, [4077.0, 383626383, 6138011769, 5340891, 6137123253, 383570187]] [1640482224.0, [480.25, 2054902, 32837664, 78110, 25504800, 1504976]]
Arch_Param: [64, 4096, 4096, 4, 512, 16]
SK_cost: [38144902129.333336, [2994342.5555555555, 23676449, 757567868, 845249, 672692924, 2505874849]] [4314650316.0, [333423.0, 2666607, 85328280, 86895, 85328280, 283119471]] [316481840, [26250, 195220, 6246800, 13140, 6246800, 12492810]] [5744649024, [446500, 3553192, 113701904, 38704, 113701904, 437444628]] [2240379016, [175110, 1388550, 44335128, 19654, 44335128, 174129158]] [310311446526.0, [23976942.0, 191813655, 6138011769, 5340891, 6138011769, 21131037915]] [14058251372.0, [1114576.0, 8721467, 278760800, 474659, 252734816, 852278288]]
Model_cost: [32467372998.0, [7472.75, 20907553, 668963196, 2718625, 49399997, 203042]] [4270558668.0, [29511.0, 2666607, 85328280, 86895, 77870232, 2433543]] [313964720.0, [30.0, 195220, 6246800, 13140, 6246800, 195210]] [5311830904.0, [9975.25, 3327912, 106001424, 38704, 103508112, 1846183736]] [1697493384.0, [1418.0, 1096070, 34746392, 150150, 7768280, 30576]] [308008274454.0, [4077.0, 191813655, 6138011769, 5340891, 6137123253, 191785179]] [1636368644.0, [480.25, 1027451, 32837664, 78051, 25504800, 756944]]
Arch_Param: [64, 4096, 4096, 4, 1024, 16]
SK_cost: [38097575153.333336, [2994342.5555555555, 11844705, 757567868, 845249, 672692924, 2505874849]] [4309317324.0, [333423.0, 1333359, 85328280, 86895, 85328280, 283119471]] [316116360, [26250, 104010, 6246800, 13130, 6246800, 12492810]] [5737566960, [446500, 1782996, 113701904, 38684, 113701904, 437444628]] [2237610120, [175110, 696326, 44335128, 19654, 44335128, 174129158]] [309927821070.0, [23976942.0, 95907291, 6138011769, 5340891, 6138011769, 21131037915]] [14040856828.0, [1114576.0, 4373279, 278760800, 474631, 252734816, 852278288]]
Model_cost: [32425583814.0, [7472.75, 10460257, 668963196, 2718625, 49399997, 198946]] [4265225676.0, [29511.0, 1333359, 85328280, 86895, 77870232, 1216827]] [313599360.0, [31.25, 104010, 6246800, 13130, 6246800, 27210]] [5305240480.0, [9976.5, 1680596, 106001424, 38684, 103508112, 1846014118]] [1694248648.0, [1416.0, 547334, 34713624, 158342, 7767768, 30384]] [307624648998.0, [4077.0, 95907291, 6138011769, 5340891, 6137123253, 95892675]] [1634318228.0, [480.25, 515295, 32837664, 78023, 25504800, 382928]]
Arch_Param: [64, 4096, 4096, 8, 256, 16]
SK_cost: [20541798418.666668, [1606836.7777777778, 25429668, 406835900, 451588, 364399292, 1346637217]] [4325316300.0, [333423.0, 5333103, 85328280, 86895, 85328280, 283119471]] [317263320, [26250, 390430, 6246800, 13150, 6246800, 12492810]] [5758863672, [446500, 7106374, 113701904, 38734, 113701904, 437444628]] [1122959496, [87558, 1386502, 22167576, 9830, 22167576, 87064582]] [311078697438.0, [23976942.0, 383626383, 6138011769, 5340891, 6138011769, 21131037915]] [11989885976.0, [938704.0, 14813302, 236846432, 329310, 225406304, 758758416]]
Model_cost: [17520252604.666664, [4006.527777777778, 22447780, 359125692, 1456932, 49399997, 211234]] [4281224652.0, [29511.0, 5333103, 85328280, 86895, 77870232, 4866975]] [314746200.0, [30.0, 390430, 6246800, 13150, 6246800, 390410]] [5325062512.0, [9975.25, 6635334, 106001424, 38734, 103508112, 1846382172]] [858667208.0, [712.0, 1085830, 17373208, 75078, 7768280, 30576]] [308775525366.0, [4077.0, 383626383, 6138011769, 5340891, 6137123253, 383570187]] [1430218784.0, [358.75, 1783542, 28515872, 51230, 25504800, 1504976]]
Arch_Param: [64, 4096, 4096, 8, 512, 16]
SK_cost: [20490939974.666668, [1606836.7777777778, 12715105, 406835900, 451585, 364399292, 1346637217]] [4314650316.0, [333423.0, 2666607, 85328280, 86895, 85328280, 283119471]] [316481840, [26250, 195220, 6246800, 13140, 6246800, 12492810]] [5744649024, [446500, 3553192, 113701904, 38704, 113701904, 437444628]] [1120190600, [87558, 694278, 22167576, 9830, 22167576, 87064582]] [310311446526.0, [23976942.0, 191813655, 6138011769, 5340891, 6138011769, 21131037915]] [11960255596.0, [938704.0, 7406651, 236846432, 329251, 225406304, 758758416]]
Model_cost: [17475357936.666664, [4006.527777777778, 11224161, 359125692, 1456929, 49399997, 203042]] [4270558668.0, [29511.0, 2666607, 85328280, 86895, 77870232, 2433543]] [313964720.0, [30.0, 195220, 6246800, 13140, 6246800, 195210]] [5311830904.0, [9975.25, 3327912, 106001424, 38704, 103508112, 1846183736]] [856516040.0, [712.0, 548038, 17373208, 75078, 7768280, 30576]] [308008274454.0, [4077.0, 191813655, 6138011769, 5340891, 6137123253, 191785179]] [1426647924.0, [358.75, 891771, 28515872, 51171, 25504800, 756944]]
Arch_Param: [64, 4096, 4096, 8, 1024, 16]
SK_cost: [20465523270.666668, [1606836.7777777778, 6360929, 406835900, 451585, 364399292, 1346637217]] [4309317324.0, [333423.0, 1333359, 85328280, 86895, 85328280, 283119471]] [316116360, [26250, 104010, 6246800, 13130, 6246800, 12492810]] [5737566960, [446500, 1782996, 113701904, 38684, 113701904, 437444628]] [1118806152, [87558, 348166, 22167576, 9830, 22167576, 87064582]] [309927821070.0, [23976942.0, 95907291, 6138011769, 5340891, 6138011769, 21131037915]] [11945466108.0, [938704.0, 3709727, 236846432, 329223, 225406304, 758758416]]
Model_cost: [17452923120.666664, [4006.527777777778, 5615457, 359125692, 1456929, 49399997, 198946]] [4265225676.0, [29511.0, 1333359, 85328280, 86895, 77870232, 1216827]] [313599360.0, [31.25, 104010, 6246800, 13130, 6246800, 27210]] [5305240480.0, [9976.5, 1680596, 106001424, 38684, 103508112, 1846014118]] [854893160.0, [711.0, 273670, 17356824, 79174, 7767768, 30384]] [307624648998.0, [4077.0, 95907291, 6138011769, 5340891, 6137123253, 95892675]] [1424865796.0, [358.75, 446687, 28515872, 51143, 25504800, 382928]]
Arch_Param: [64, 4096, 4096, 16, 256, 16]
SK_cost: [11695751186.666666, [913375.4444444445, 14471844, 231526076, 254884, 210307772, 767184289]] [4325316300.0, [333423.0, 5333103, 85328280, 86895, 85328280, 283119471]] [317263320, [26250, 390430, 6246800, 13150, 6246800, 12492810]] [5758863672, [446500, 7106374, 113701904, 38734, 113701904, 437444628]] [561480840, [43782, 693254, 11083800, 4918, 11083800, 43532294]] [311078697438.0, [23976942.0, 383626383, 6138011769, 5340891, 6138011769, 21131037915]] [10938258456.0, [850768.0, 13498486, 215889248, 256606, 211742048, 711998480]]
Model_cost: [10007606492.666668, [2252.1944444444443, 12767908, 204263100, 826404, 49399997, 211234]] [4281224652.0, [29511.0, 5333103, 85328280, 86895, 77870232, 4866975]] [314746200.0, [30.0, 390430, 6246800, 13150, 6246800, 390410]] [5325062512.0, [9975.25, 6635334, 106001424, 38734, 103508112, 1846382172]] [435415400.0, [359.0, 542918, 8686616, 11174, 7768280, 476016]] [308775525366.0, [4077.0, 383626383, 6138011769, 5340891, 6137123253, 383570187]] [1324879672.0, [271.0, 1647862, 26354976, 34590, 25504800, 1579984]]
Arch_Param: [64, 4096, 4096, 16, 512, 16]
SK_cost: [11666808390.666666, [913375.4444444445, 7236193, 231526076, 254881, 210307772, 767184289]] [4314650316.0, [333423.0, 2666607, 85328280, 86895, 85328280, 283119471]] [316481840, [26250, 195220, 6246800, 13140, 6246800, 12492810]] [5744649024, [446500, 3553192, 113701904, 38704, 113701904, 437444628]] [560096392, [43782, 347142, 11083800, 4918, 11083800, 43532294]] [310311446526.0, [23976942.0, 191813655, 6138011769, 5340891, 6138011769, 21131037915]] [10911257708.0, [850768.0, 6749243, 215889248, 256547, 211742048, 711998480]]
Model_cost: [9982071568.666668, [2252.1944444444443, 6384225, 204263100, 826401, 49399997, 203042]] [4270558668.0, [29511.0, 2666607, 85328280, 86895, 77870232, 2433543]] [313964720.0, [30.0, 195220, 6246800, 13140, 6246800, 195210]] [5311830904.0, [9975.25, 3327912, 106001424, 38704, 103508112, 1846183736]] [434339816.0, [359.0, 274022, 8686616, 11174, 7768280, 238448]] [308008274454.0, [4077.0, 191813655, 6138011769, 5340891, 6137123253, 191785179]] [1321580172.0, [271.0, 823931, 26354976, 34531, 25504800, 790992]]
Arch_Param: [64, 4096, 4096, 16, 1024, 16]
SK_cost: [11652343366.666666, [913375.4444444445, 3619937, 231526076, 254881, 210307772, 767184289]] [4309317324.0, [333423.0, 1333359, 85328280, 86895, 85328280, 283119471]] [316116360, [26250, 104010, 6246800, 13130, 6246800, 12492810]] [5737566960, [446500, 1782996, 113701904, 38684, 113701904, 437444628]] [559404168, [43782, 174086, 11083800, 4918, 11083800, 43532294]] [309927821070.0, [23976942.0, 95907291, 6138011769, 5340891, 6138011769, 21131037915]] [10897770748.0, [850768.0, 3377951, 215889248, 256519, 211742048, 711998480]]
Model_cost: [9969310480.666668, [2252.1944444444443, 3193953, 204263100, 826401, 49399997, 198946]] [4265225676.0, [29511.0, 1333359, 85328280, 86895, 77870232, 1216827]] [313599360.0, [31.25, 104010, 6246800, 13130, 6246800, 27210]] [5305240480.0, [9976.5, 1680596, 106001424, 38684, 103508112, 1846014118]] [433527912.0, [359.0, 136838, 8678424, 13222, 7767768, 119472]] [307624648998.0, [4077.0, 95907291, 6138011769, 5340891, 6137123253, 95892675]] [1319932188.0, [271.0, 412383, 26354976, 34503, 25504800, 396496]]
Arch_Param: [64, 4096, 4096, 32, 256, 16]
SK_cost: [5870649362.666667, [458100.77777777775, 7256228, 116083900, 128868, 108686012, 384200097]] [4325316300.0, [333423.0, 5333103, 85328280, 86895, 85328280, 283119471]] [317263320, [26250, 390430, 6246800, 13150, 6246800, 12492810]] [5758863672, [446500, 7106374, 113701904, 38734, 113701904, 437444628]] [532997768, [41350, 657926, 10522648, 4126, 10522648, 41689094]] [311078697438.0, [23976942.0, 383626383, 6138011769, 5340891, 6138011769, 21131037915]] [10719433752.0, [830032.0, 13222006, 211505504, 228958, 209972576, 706690064]]
Model_cost: [5068805996.666666, [1171.0277777777778, 6404260, 102452412, 415012, 49399997, 211234]] [4281224652.0, [29511.0, 5333103, 85328280, 86895, 77870232, 4866975]] [314746200.0, [30.0, 390430, 6246800, 13150, 6246800, 390410]] [5325062512.0, [9975.25, 6635334, 106001424, 38734, 103508112, 1846382172]] [408991688.0, [241.33333333333334, 509030, 8144408, 7254, 7768280, 476016]] [308775525366.0, [4077.0, 383626383, 6138011769, 5340891, 6137123253, 383570187]] [1298166664.0, [250.5, 1613302, 25807008, 30366, 25504800, 1579984]]
Arch_Param: [64, 4096, 4096, 32, 512, 16]
SK_cost: [5856137798.666667, [458100.77777777775, 3628385, 116083900, 128865, 108686012, 384200097]] [4314650316.0, [333423.0, 2666607, 85328280, 86895, 85328280, 283119471]] [316481840, [26250, 195220, 6246800, 13140, 6246800, 12492810]] [5744649024, [446500, 3553192, 113701904, 38704, 113701904, 437444628]] [531682952, [41350, 329222, 10522648, 4126, 10522648, 41689094]] [310311446526.0, [23976942.0, 191813655, 6138011769, 5340891, 6138011769, 21131037915]] [10692985964.0, [830032.0, 6611003, 211505504, 228899, 209972576, 706690064]]
Model_cost: [5055998368.666666, [1171.0277777777778, 3202401, 102452412, 415009, 49399997, 203042]] [4270558668.0, [29511.0, 2666607, 85328280, 86895, 77870232, 2433543]] [313964720.0, [30.0, 195220, 6246800, 13140, 6246800, 195210]] [5311830904.0, [9975.25, 3327912, 106001424, 38704, 103508112, 1846183736]] [407978760.0, [241.33333333333334, 255798, 8144408, 7254, 7768280, 238448]] [308008274454.0, [4077.0, 191813655, 6138011769, 5340891, 6137123253, 191785179]] [1294936284.0, [250.5, 806651, 25807008, 30307, 25504800, 790992]]
Arch_Param: [64, 4096, 4096, 32, 1024, 16]
SK_cost: [5848885318.666667, [458100.77777777775, 1815265, 116083900, 128865, 108686012, 384200097]] [4309317324.0, [333423.0, 1333359, 85328280, 86895, 85328280, 283119471]] [316116360, [26250, 104010, 6246800, 13130, 6246800, 12492810]] [5737566960, [446500, 1782996, 113701904, 38684, 113701904, 437444628]] [531025544, [41350, 164870, 10522648, 4126, 10522648, 41689094]] [309927821070.0, [23976942.0, 95907291, 6138011769, 5340891, 6138011769, 21131037915]] [10679769340.0, [830032.0, 3307295, 211505504, 228871, 209972576, 706690064]]
Model_cost: [5049597856.666666, [1171.0277777777778, 1602273, 102452412, 415009, 49399997, 198946]] [4265225676.0, [29511.0, 1333359, 85328280, 86895, 77870232, 1216827]] [313599360.0, [31.25, 104010, 6246800, 13130, 6246800, 27210]] [5305240480.0, [9976.5, 1680596, 106001424, 38684, 103508112, 1846014118]] [407334696.0, [241.0, 127814, 8140312, 8278, 7767768, 119472]] [307624648998.0, [4077.0, 95907291, 6138011769, 5340891, 6137123253, 95892675]] [1293322092.0, [250.5, 403551, 25807008, 30279, 25504800, 396496]]
Arch_Param: [64, 4096, 2048, 4, 256, 16]
SK_cost: [38522613800.0, [5942341.0, 47352356, 757567868, 845252, 672692924, 2505874849]] [4357314252.0, [666735.0, 5333103, 85328280, 86895, 85328280, 283119471]] [319751640, [52170, 390430, 6246800, 13150, 6246800, 12492810]] [5801615160, [891828, 7106374, 113701904, 38734, 113701904, 437444628]] [2262726792, [350214, 2772998, 44335128, 19654, 44335128, 174129158]] [313380468606.0, [47953725.0, 383626383, 6138011769, 5340891, 6138011769, 21131037915]] [14198222136.0, [2209171.0, 17442934, 278760800, 474718, 252734816, 852278288]]
Model_cost: [32551714778.0, [14905.5, 41814564, 668963196, 2718628, 49399997, 211234]] [4284047052.0, [58911.0, 5333103, 85328280, 86895, 77870232, 4866975]] [314748120.0, [50.0, 390430, 6246800, 13150, 6246800, 390410]] [5326018216.0, [19930.5, 6635334, 106001424, 38734, 103508112, 1846382172]] [1701931272, [2830, 2171654, 34746392, 150150, 7768280, 30576]] [308775901494.0, [7995.0, 383626383, 6138011769, 5340891, 6137123253, 383570187]] [1640526984.0, [946.5, 2054902, 32837664, 78110, 25504800, 1504976]]
Arch_Param: [64, 4096, 2048, 4, 512, 16]
SK_cost: [38427909980.0, [5942341.0, 23676449, 757567868, 845249, 672692924, 2505874849]] [4346648268.0, [666735.0, 2666607, 85328280, 86895, 85328280, 283119471]] [318970160, [52170, 195220, 6246800, 13140, 6246800, 12492810]] [5787400512, [891828, 3553192, 113701904, 38704, 113701904, 437444628]] [2257189000, [350214, 1388550, 44335128, 19654, 44335128, 174129158]] [312613217694.0, [47953725.0, 191813655, 6138011769, 5340891, 6138011769, 21131037915]] [14163332492.0, [2209171.0, 8721467, 278760800, 474659, 252734816, 852278288]]
Model_cost: [32468086542.0, [14905.5, 20907553, 668963196, 2718625, 49399997, 203042]] [4273381068.0, [58911.0, 2666607, 85328280, 86895, 77870232, 2433543]] [313966640.0, [50.0, 195220, 6246800, 13140, 6246800, 195210]] [5312786608.0, [19930.5, 3327912, 106001424, 38704, 103508112, 1846183736]] [1697628936, [2830, 1096070, 34746392, 150150, 7768280, 30576]] [308008650582.0, [7995.0, 191813655, 6138011769, 5340891, 6137123253, 191785179]] [1636413404.0, [946.5, 1027451, 32837664, 78051, 25504800, 756944]]
Arch_Param: [64, 4096, 2048, 4, 1024, 16]
SK_cost: [38380583004.0, [5942341.0, 11844705, 757567868, 845249, 672692924, 2505874849]] [4341315276.0, [666735.0, 1333359, 85328280, 86895, 85328280, 283119471]] [318604680, [52170, 104010, 6246800, 13130, 6246800, 12492810]] [5780318448, [891828, 1782996, 113701904, 38684, 113701904, 437444628]] [2254420104, [350214, 696326, 44335128, 19654, 44335128, 174129158]] [312229592238.0, [47953725.0, 95907291, 6138011769, 5340891, 6138011769, 21131037915]] [14145937948.0, [2209171.0, 4373279, 278760800, 474631, 252734816, 852278288]]
Model_cost: [32426297358.0, [14905.5, 10460257, 668963196, 2718625, 49399997, 198946]] [4268048076.0, [58911.0, 1333359, 85328280, 86895, 77870232, 1216827]] [313601400.0, [52.5, 104010, 6246800, 13130, 6246800, 27210]] [5306196304.0, [19933.0, 1680596, 106001424, 38684, 103508112, 1846014118]] [1694384008, [2826, 547334, 34713624, 158342, 7767768, 30384]] [307625025126.0, [7995.0, 95907291, 6138011769, 5340891, 6137123253, 95892675]] [1634362988.0, [946.5, 515295, 32837664, 78023, 25504800, 382928]]
Arch_Param: [64, 4096, 2048, 8, 256, 16]
SK_cost: [20693819432.0, [3190389.0, 25429668, 406835900, 451588, 364399292, 1346637217]] [4357314252.0, [666735.0, 5333103, 85328280, 86895, 85328280, 283119471]] [319751640, [52170, 390430, 6246800, 13150, 6246800, 12492810]] [5801615160, [891828, 7106374, 113701904, 38734, 113701904, 437444628]] [1131364488, [175110, 1386502, 22167576, 9830, 22167576, 87064582]] [313380468606.0, [47953725.0, 383626383, 6138011769, 5340891, 6138011769, 21131037915]] [12078968120.0, [1866643.0, 14813302, 236846432, 329310, 225406304, 758758416]]
Model_cost: [17520631706.0, [7955.5, 22447780, 359125692, 1456932, 49399997, 211234]] [4284047052.0, [58911.0, 5333103, 85328280, 86895, 77870232, 4866975]] [314748120.0, [50.0, 390430, 6246800, 13150, 6246800, 390410]] [5326018216.0, [19930.5, 6635334, 106001424, 38734, 103508112, 1846382172]] [858734984, [1418, 1085830, 17373208, 75078, 7768280, 30576]] [308775901494.0, [7995.0, 383626383, 6138011769, 5340891, 6137123253, 383570187]] [1430248712.0, [670.5, 1783542, 28515872, 51230, 25504800, 1504976]]
Arch_Param: [64, 4096, 2048, 8, 512, 16]
SK_cost: [20642960988.0, [3190389.0, 12715105, 406835900, 451585, 364399292, 1346637217]] [4346648268.0, [666735.0, 2666607, 85328280, 86895, 85328280, 283119471]] [318970160, [52170, 195220, 6246800, 13140, 6246800, 12492810]] [5787400512, [891828, 3553192, 113701904, 38704, 113701904, 437444628]] [1128595592, [175110, 694278, 22167576, 9830, 22167576, 87064582]] [312613217694.0, [47953725.0, 191813655, 6138011769, 5340891, 6138011769, 21131037915]] [12049337740.0, [1866643.0, 7406651, 236846432, 329251, 225406304, 758758416]]
Model_cost: [17475737038.0, [7955.5, 11224161, 359125692, 1456929, 49399997, 203042]] [4273381068.0, [58911.0, 2666607, 85328280, 86895, 77870232, 2433543]] [313966640.0, [50.0, 195220, 6246800, 13140, 6246800, 195210]] [5312786608.0, [19930.5, 3327912, 106001424, 38704, 103508112, 1846183736]] [856583816, [1418, 548038, 17373208, 75078, 7768280, 30576]] [308008650582.0, [7995.0, 191813655, 6138011769, 5340891, 6137123253, 191785179]] [1426677852.0, [670.5, 891771, 28515872, 51171, 25504800, 756944]]
Arch_Param: [64, 4096, 2048, 8, 1024, 16]
SK_cost: [20617544284.0, [3190389.0, 6360929, 406835900, 451585, 364399292, 1346637217]] [4341315276.0, [666735.0, 1333359, 85328280, 86895, 85328280, 283119471]] [318604680, [52170, 104010, 6246800, 13130, 6246800, 12492810]] [5780318448, [891828, 1782996, 113701904, 38684, 113701904, 437444628]] [1127211144, [175110, 348166, 22167576, 9830, 22167576, 87064582]] [312229592238.0, [47953725.0, 95907291, 6138011769, 5340891, 6138011769, 21131037915]] [12034548252.0, [1866643.0, 3709727, 236846432, 329223, 225406304, 758758416]]
Model_cost: [17453302222.0, [7955.5, 5615457, 359125692, 1456929, 49399997, 198946]] [4268048076.0, [58911.0, 1333359, 85328280, 86895, 77870232, 1216827]] [313601400.0, [52.5, 104010, 6246800, 13130, 6246800, 27210]] [5306196304.0, [19933.0, 1680596, 106001424, 38684, 103508112, 1846014118]] [854960840, [1416, 273670, 17356824, 79174, 7767768, 30384]] [307625025126.0, [7995.0, 95907291, 6138011769, 5340891, 6137123253, 95892675]] [1424895724.0, [670.5, 446687, 28515872, 51143, 25504800, 382928]]
Arch_Param: [64, 4096, 2048, 16, 256, 16]
SK_cost: [11782297640.0, [1814901.0, 14471844, 231526076, 254884, 210307772, 767184289]] [4357314252.0, [666735.0, 5333103, 85328280, 86895, 85328280, 283119471]] [319751640, [52170, 390430, 6246800, 13150, 6246800, 12492810]] [5801615160, [891828, 7106374, 113701904, 38734, 113701904, 437444628]] [565683336, [87558, 693254, 11083800, 4918, 11083800, 43532294]] [313380468606.0, [47953725.0, 383626383, 6138011769, 5340891, 6138011769, 21131037915]] [11019341112.0, [1695379.0, 13498486, 215889248, 256606, 211742048, 711998480]]
Model_cost: [10007819546.0, [4471.5, 12767908, 204263100, 826404, 49399997, 211234]] [4284047052.0, [58911.0, 5333103, 85328280, 86895, 77870232, 4866975]] [314748120.0, [50.0, 390430, 6246800, 13150, 6246800, 390410]] [5326018216.0, [19930.5, 6635334, 106001424, 38734, 103508112, 1846382172]] [435449288.0, [712.0, 542918, 8686616, 11174, 7768280, 476016]] [308775901494.0, [7995.0, 383626383, 6138011769, 5340891, 6137123253, 383570187]] [1324904344.0, [528.0, 1647862, 26354976, 34590, 25504800, 1579984]]
Arch_Param: [64, 4096, 2048, 16, 512, 16]
SK_cost: [11753354844.0, [1814901.0, 7236193, 231526076, 254881, 210307772, 767184289]] [4346648268.0, [666735.0, 2666607, 85328280, 86895, 85328280, 283119471]] [318970160, [52170, 195220, 6246800, 13140, 6246800, 12492810]] [5787400512, [891828, 3553192, 113701904, 38704, 113701904, 437444628]] [564298888, [87558, 347142, 11083800, 4918, 11083800, 43532294]] [312613217694.0, [47953725.0, 191813655, 6138011769, 5340891, 6138011769, 21131037915]] [10992340364.0, [1695379.0, 6749243, 215889248, 256547, 211742048, 711998480]]
Model_cost: [9982284622.0, [4471.5, 6384225, 204263100, 826401, 49399997, 203042]] [4273381068.0, [58911.0, 2666607, 85328280, 86895, 77870232, 2433543]] [313966640.0, [50.0, 195220, 6246800, 13140, 6246800, 195210]] [5312786608.0, [19930.5, 3327912, 106001424, 38704, 103508112, 1846183736]] [434373704.0, [712.0, 274022, 8686616, 11174, 7768280, 238448]] [308008650582.0, [7995.0, 191813655, 6138011769, 5340891, 6137123253, 191785179]] [1321604844.0, [528.0, 823931, 26354976, 34531, 25504800, 790992]]
Arch_Param: [64, 4096, 2048, 16, 1024, 16]
SK_cost: [11738889820.0, [1814901.0, 3619937, 231526076, 254881, 210307772, 767184289]] [4341315276.0, [666735.0, 1333359, 85328280, 86895, 85328280, 283119471]] [318604680, [52170, 104010, 6246800, 13130, 6246800, 12492810]] [5780318448, [891828, 1782996, 113701904, 38684, 113701904, 437444628]] [563606664, [87558, 174086, 11083800, 4918, 11083800, 43532294]] [312229592238.0, [47953725.0, 95907291, 6138011769, 5340891, 6138011769, 21131037915]] [10978853404.0, [1695379.0, 3377951, 215889248, 256519, 211742048, 711998480]]
Model_cost: [9969523534.0, [4471.5, 3193953, 204263100, 826401, 49399997, 198946]] [4268048076.0, [58911.0, 1333359, 85328280, 86895, 77870232, 1216827]] [313601400.0, [52.5, 104010, 6246800, 13130, 6246800, 27210]] [5306196304.0, [19933.0, 1680596, 106001424, 38684, 103508112, 1846014118]] [433561704.0, [711.0, 136838, 8678424, 13222, 7767768, 119472]] [307625025126.0, [7995.0, 95907291, 6138011769, 5340891, 6137123253, 95892675]] [1319956860.0, [528.0, 412383, 26354976, 34503, 25504800, 396496]]
Arch_Param: [64, 4096, 2048, 32, 256, 16]
SK_cost: [5914038312.0, [910069.0, 7256228, 116083900, 128868, 108686012, 384200097]] [4357314252.0, [666735.0, 5333103, 85328280, 86895, 85328280, 283119471]] [319751640, [52170, 390430, 6246800, 13150, 6246800, 12492810]] [5801615160, [891828, 7106374, 113701904, 38734, 113701904, 437444628]] [536966792, [82694, 657926, 10522648, 4126, 10522648, 41689094]] [313380468606.0, [47953725.0, 383626383, 6138011769, 5340891, 6138011769, 21131037915]] [10798820664.0, [1656979.0, 13222006, 211505504, 228958, 209972576, 706690064]]
Model_cost: [5068912122.0, [2276.5, 6404260, 102452412, 415012, 49399997, 211234]] [4284047052.0, [58911.0, 5333103, 85328280, 86895, 77870232, 4866975]] [314748120.0, [50.0, 390430, 6246800, 13150, 6246800, 390410]] [5326018216.0, [19930.5, 6635334, 106001424, 38734, 103508112, 1846382172]] [409014120.0, [475.0, 509030, 8144408, 7254, 7768280, 476016]] [308775901494.0, [7995.0, 383626383, 6138011769, 5340891, 6137123253, 383570187]] [1298188504.0, [478.0, 1613302, 25807008, 30366, 25504800, 1579984]]
Arch_Param: [64, 4096, 2048, 32, 512, 16]
SK_cost: [5899526748.0, [910069.0, 3628385, 116083900, 128865, 108686012, 384200097]] [4346648268.0, [666735.0, 2666607, 85328280, 86895, 85328280, 283119471]] [318970160, [52170, 195220, 6246800, 13140, 6246800, 12492810]] [5787400512, [891828, 3553192, 113701904, 38704, 113701904, 437444628]] [535651976, [82694, 329222, 10522648, 4126, 10522648, 41689094]] [312613217694.0, [47953725.0, 191813655, 6138011769, 5340891, 6138011769, 21131037915]] [10772372876.0, [1656979.0, 6611003, 211505504, 228899, 209972576, 706690064]]
Model_cost: [5056104494.0, [2276.5, 3202401, 102452412, 415009, 49399997, 203042]] [4273381068.0, [58911.0, 2666607, 85328280, 86895, 77870232, 2433543]] [313966640.0, [50.0, 195220, 6246800, 13140, 6246800, 195210]] [5312786608.0, [19930.5, 3327912, 106001424, 38704, 103508112, 1846183736]] [408001192.0, [475.0, 255798, 8144408, 7254, 7768280, 238448]] [308008650582.0, [7995.0, 191813655, 6138011769, 5340891, 6137123253, 191785179]] [1294958124.0, [478.0, 806651, 25807008, 30307, 25504800, 790992]]
Arch_Param: [64, 4096, 2048, 32, 1024, 16]
SK_cost: [5892274268.0, [910069.0, 1815265, 116083900, 128865, 108686012, 384200097]] [4341315276.0, [666735.0, 1333359, 85328280, 86895, 85328280, 283119471]] [318604680, [52170, 104010, 6246800, 13130, 6246800, 12492810]] [5780318448, [891828, 1782996, 113701904, 38684, 113701904, 437444628]] [534994568, [82694, 164870, 10522648, 4126, 10522648, 41689094]] [312229592238.0, [47953725.0, 95907291, 6138011769, 5340891, 6138011769, 21131037915]] [10759156252.0, [1656979.0, 3307295, 211505504, 228871, 209972576, 706690064]]
Model_cost: [5049703982.0, [2276.5, 1602273, 102452412, 415009, 49399997, 198946]] [4268048076.0, [58911.0, 1333359, 85328280, 86895, 77870232, 1216827]] [313601400.0, [52.5, 104010, 6246800, 13130, 6246800, 27210]] [5306196304.0, [19933.0, 1680596, 106001424, 38684, 103508112, 1846014118]] [407357160.0, [475.0, 127814, 8140312, 8278, 7767768, 119472]] [307625025126.0, [7995.0, 95907291, 6138011769, 5340891, 6137123253, 95892675]] [1293343932.0, [478.0, 403551, 25807008, 30279, 25504800, 396496]]
Arch_Param: [64, 4096, 1024, 4, 256, 16]
SK_cost: [39088596392.0, [11837993.0, 47352356, 757567868, 845252, 672692924, 2505874849]] [4421310156.0, [1333359.0, 5333103, 85328280, 86895, 85328280, 283119471]] [324728280, [104010, 390430, 6246800, 13150, 6246800, 12492810]] [5887167288, [1782996, 7106374, 113701904, 38734, 113701904, 437444628]] [2295953544, [696326, 2772998, 44335128, 19654, 44335128, 174129158]] [317984010942.0, [95907291.0, 383626383, 6138011769, 5340891, 6138011769, 21131037915]] [14405976504.0, [4373279.0, 17442934, 278760800, 474718, 252734816, 852278288]]
Model_cost: [32553139370.0, [29745.0, 41814564, 668963196, 2718628, 49399997, 211234]] [4289691852.0, [117711.0, 5333103, 85328280, 86895, 77870232, 4866975]] [314751960.0, [90.0, 390430, 6246800, 13150, 6246800, 390410]] [5327928664.0, [39831.0, 6635334, 106001424, 38734, 103508112, 1846382172]] [1702202376, [5654, 2171654, 34746392, 150150, 7768280, 30576]] [308776653750.0, [15831.0, 383626383, 6138011769, 5340891, 6137123253, 383570187]] [1640616216.0, [1876.0, 2054902, 32837664, 78110, 25504800, 1504976]]
Arch_Param: [64, 4096, 1024, 4, 512, 16]
SK_cost: [38993892572.0, [11837993.0, 23676449, 757567868, 845249, 672692924, 2505874849]] [4410644172.0, [1333359.0, 2666607, 85328280, 86895, 85328280, 283119471]] [323946800, [104010, 195220, 6246800, 13140, 6246800, 12492810]] [5872952640, [1782996, 3553192, 113701904, 38704, 113701904, 437444628]] [2290415752, [696326, 1388550, 44335128, 19654, 44335128, 174129158]] [317216760030.0, [95907291.0, 191813655, 6138011769, 5340891, 6138011769, 21131037915]] [14371086860.0, [4373279.0, 8721467, 278760800, 474659, 252734816, 852278288]]
Model_cost: [32469511134.0, [29745.0, 20907553, 668963196, 2718625, 49399997, 203042]] [4279025868.0, [117711.0, 2666607, 85328280, 86895, 77870232, 2433543]] [313970480.0, [90.0, 195220, 6246800, 13140, 6246800, 195210]] [5314697056.0, [39831.0, 3327912, 106001424, 38704, 103508112, 1846183736]] [1697900040, [5654, 1096070, 34746392, 150150, 7768280, 30576]] [308009402838.0, [15831.0, 191813655, 6138011769, 5340891, 6137123253, 191785179]] [1636502636.0, [1876.0, 1027451, 32837664, 78051, 25504800, 756944]]
Arch_Param: [64, 4096, 1024, 4, 1024, 16]
SK_cost: [38946565596.0, [11837993.0, 11844705, 757567868, 845249, 672692924, 2505874849]] [4405311180.0, [1333359.0, 1333359, 85328280, 86895, 85328280, 283119471]] [323581320, [104010, 104010, 6246800, 13130, 6246800, 12492810]] [5865870576, [1782996, 1782996, 113701904, 38684, 113701904, 437444628]] [2287646856, [696326, 696326, 44335128, 19654, 44335128, 174129158]] [316833134574.0, [95907291.0, 95907291, 6138011769, 5340891, 6138011769, 21131037915]] [14353692316.0, [4373279.0, 4373279, 278760800, 474631, 252734816, 852278288]]
Model_cost: [32427721950.0, [29745.0, 10460257, 668963196, 2718625, 49399997, 198946]] [4273692876.0, [117711.0, 1333359, 85328280, 86895, 77870232, 1216827]] [313605480.0, [95.0, 104010, 6246800, 13130, 6246800, 27210]] [5308106992.0, [39836.0, 1680596, 106001424, 38684, 103508112, 1846014118]] [1694654728, [5646, 547334, 34713624, 158342, 7767768, 30384]] [307625777382.0, [15831.0, 95907291, 6138011769, 5340891, 6137123253, 95892675]] [1634452220.0, [1876.0, 515295, 32837664, 78023, 25504800, 382928]]
Arch_Param: [64, 4096, 1024, 8, 256, 16]
SK_cost: [20997844904.0, [6357321.0, 25429668, 406835900, 451588, 364399292, 1346637217]] [4421310156.0, [1333359.0, 5333103, 85328280, 86895, 85328280, 283119471]] [324728280, [104010, 390430, 6246800, 13150, 6246800, 12492810]] [5887167288, [1782996, 7106374, 113701904, 38734, 113701904, 437444628]] [1147977864, [348166, 1386502, 22167576, 9830, 22167576, 87064582]] [317984010942.0, [95907291.0, 383626383, 6138011769, 5340891, 6138011769, 21131037915]] [12255904184.0, [3709727.0, 14813302, 236846432, 329310, 225406304, 758758416]]
Model_cost: [17521388426.0, [15838.0, 22447780, 359125692, 1456932, 49399997, 211234]] [4289691852.0, [117711.0, 5333103, 85328280, 86895, 77870232, 4866975]] [314751960.0, [90.0, 390430, 6246800, 13150, 6246800, 390410]] [5327928664.0, [39831.0, 6635334, 106001424, 38734, 103508112, 1846382172]] [858870536, [2830, 1085830, 17373208, 75078, 7768280, 30576]] [308776653750.0, [15831.0, 383626383, 6138011769, 5340891, 6137123253, 383570187]] [1430311544.0, [1325.0, 1783542, 28515872, 51230, 25504800, 1504976]]
Arch_Param: [64, 4096, 1024, 8, 512, 16]
SK_cost: [20946986460.0, [6357321.0, 12715105, 406835900, 451585, 364399292, 1346637217]] [4410644172.0, [1333359.0, 2666607, 85328280, 86895, 85328280, 283119471]] [323946800, [104010, 195220, 6246800, 13140, 6246800, 12492810]] [5872952640, [1782996, 3553192, 113701904, 38704, 113701904, 437444628]] [1145208968, [348166, 694278, 22167576, 9830, 22167576, 87064582]] [317216760030.0, [95907291.0, 191813655, 6138011769, 5340891, 6138011769, 21131037915]] [12226273804.0, [3709727.0, 7406651, 236846432, 329251, 225406304, 758758416]]
Model_cost: [17476493758.0, [15838.0, 11224161, 359125692, 1456929, 49399997, 203042]] [4279025868.0, [117711.0, 2666607, 85328280, 86895, 77870232, 2433543]] [313970480.0, [90.0, 195220, 6246800, 13140, 6246800, 195210]] [5314697056.0, [39831.0, 3327912, 106001424, 38704, 103508112, 1846183736]] [856719368, [2830, 548038, 17373208, 75078, 7768280, 30576]] [308009402838.0, [15831.0, 191813655, 6138011769, 5340891, 6137123253, 191785179]] [1426740684.0, [1325.0, 891771, 28515872, 51171, 25504800, 756944]]
Arch_Param: [64, 4096, 1024, 8, 1024, 16]
SK_cost: [20921569756.0, [6357321.0, 6360929, 406835900, 451585, 364399292, 1346637217]] [4405311180.0, [1333359.0, 1333359, 85328280, 86895, 85328280, 283119471]] [323581320, [104010, 104010, 6246800, 13130, 6246800, 12492810]] [5865870576, [1782996, 1782996, 113701904, 38684, 113701904, 437444628]] [1143824520, [348166, 348166, 22167576, 9830, 22167576, 87064582]] [316833134574.0, [95907291.0, 95907291, 6138011769, 5340891, 6138011769, 21131037915]] [12211484316.0, [3709727.0, 3709727, 236846432, 329223, 225406304, 758758416]]
Model_cost: [17454058942.0, [15838.0, 5615457, 359125692, 1456929, 49399997, 198946]] [4273692876.0, [117711.0, 1333359, 85328280, 86895, 77870232, 1216827]] [313605480.0, [95.0, 104010, 6246800, 13130, 6246800, 27210]] [5308106992.0, [39836.0, 1680596, 106001424, 38684, 103508112, 1846014118]] [855096200, [2826, 273670, 17356824, 79174, 7767768, 30384]] [307625777382.0, [15831.0, 95907291, 6138011769, 5340891, 6137123253, 95892675]] [1424958556.0, [1325.0, 446687, 28515872, 51143, 25504800, 382928]]
Arch_Param: [64, 4096, 1024, 16, 256, 16]
SK_cost: [11955382184.0, [3617865.0, 14471844, 231526076, 254884, 210307772, 767184289]] [4421310156.0, [1333359.0, 5333103, 85328280, 86895, 85328280, 283119471]] [324728280, [104010, 390430, 6246800, 13150, 6246800, 12492810]] [5887167288, [1782996, 7106374, 113701904, 38734, 113701904, 437444628]] [573990024, [174086, 693254, 11083800, 4918, 11083800, 43532294]] [317984010942.0, [95907291.0, 383626383, 6138011769, 5340891, 6138011769, 21131037915]] [11180868024.0, [3377951.0, 13498486, 215889248, 256606, 211742048, 711998480]]
Model_cost: [10008244106.0, [8894.0, 12767908, 204263100, 826404, 49399997, 211234]] [4289691852.0, [117711.0, 5333103, 85328280, 86895, 77870232, 4866975]] [314751960.0, [90.0, 390430, 6246800, 13150, 6246800, 390410]] [5327928664.0, [39831.0, 6635334, 106001424, 38734, 103508112, 1846382172]] [435517064.0, [1418.0, 542918, 8686616, 11174, 7768280, 476016]] [308776653750.0, [15831.0, 383626383, 6138011769, 5340891, 6137123253, 383570187]] [1324954360.0, [1049.0, 1647862, 26354976, 34590, 25504800, 1579984]]
Arch_Param: [64, 4096, 1024, 16, 512, 16]
SK_cost: [11926439388.0, [3617865.0, 7236193, 231526076, 254881, 210307772, 767184289]] [4410644172.0, [1333359.0, 2666607, 85328280, 86895, 85328280, 283119471]] [323946800, [104010, 195220, 6246800, 13140, 6246800, 12492810]] [5872952640, [1782996, 3553192, 113701904, 38704, 113701904, 437444628]] [572605576, [174086, 347142, 11083800, 4918, 11083800, 43532294]] [317216760030.0, [95907291.0, 191813655, 6138011769, 5340891, 6138011769, 21131037915]] [11153867276.0, [3377951.0, 6749243, 215889248, 256547, 211742048, 711998480]]
Model_cost: [9982709182.0, [8894.0, 6384225, 204263100, 826401, 49399997, 203042]] [4279025868.0, [117711.0, 2666607, 85328280, 86895, 77870232, 2433543]] [313970480.0, [90.0, 195220, 6246800, 13140, 6246800, 195210]] [5314697056.0, [39831.0, 3327912, 106001424, 38704, 103508112, 1846183736]] [434441480.0, [1418.0, 274022, 8686616, 11174, 7768280, 238448]] [308009402838.0, [15831.0, 191813655, 6138011769, 5340891, 6137123253, 191785179]] [1321654860.0, [1049.0, 823931, 26354976, 34531, 25504800, 790992]]
Arch_Param: [64, 4096, 1024, 16, 1024, 16]
SK_cost: [11911974364.0, [3617865.0, 3619937, 231526076, 254881, 210307772, 767184289]] [4405311180.0, [1333359.0, 1333359, 85328280, 86895, 85328280, 283119471]] [323581320, [104010, 104010, 6246800, 13130, 6246800, 12492810]] [5865870576, [1782996, 1782996, 113701904, 38684, 113701904, 437444628]] [571913352, [174086, 174086, 11083800, 4918, 11083800, 43532294]] [316833134574.0, [95907291.0, 95907291, 6138011769, 5340891, 6138011769, 21131037915]] [11140380316.0, [3377951.0, 3377951, 215889248, 256519, 211742048, 711998480]]
Model_cost: [9969948094.0, [8894.0, 3193953, 204263100, 826401, 49399997, 198946]] [4273692876.0, [117711.0, 1333359, 85328280, 86895, 77870232, 1216827]] [313605480.0, [95.0, 104010, 6246800, 13130, 6246800, 27210]] [5308106992.0, [39836.0, 1680596, 106001424, 38684, 103508112, 1846014118]] [433629384.0, [1416.0, 136838, 8678424, 13222, 7767768, 119472]] [307625777382.0, [15831.0, 95907291, 6138011769, 5340891, 6137123253, 95892675]] [1320006876.0, [1049.0, 412383, 26354976, 34503, 25504800, 396496]]
Arch_Param: [64, 4096, 1024, 32, 256, 16]
SK_cost: [6000811944.0, [1813961.0, 7256228, 116083900, 128868, 108686012, 384200097]] [4421310156.0, [1333359.0, 5333103, 85328280, 86895, 85328280, 283119471]] [324728280, [104010, 390430, 6246800, 13150, 6246800, 12492810]] [5887167288, [1782996, 7106374, 113701904, 38734, 113701904, 437444628]] [544855688, [164870, 657926, 10522648, 4126, 10522648, 41689094]] [317984010942.0, [95907291.0, 383626383, 6138011769, 5340891, 6138011769, 21131037915]] [10957251000.0, [3307295.0, 13222006, 211505504, 228958, 209972576, 706690064]]
Model_cost: [5069125962.0, [4504.0, 6404260, 102452412, 415012, 49399997, 211234]] [4289691852.0, [117711.0, 5333103, 85328280, 86895, 77870232, 4866975]] [314751960.0, [90.0, 390430, 6246800, 13150, 6246800, 390410]] [5327928664.0, [39831.0, 6635334, 106001424, 38734, 103508112, 1846382172]] [409059144.0, [944.0, 509030, 8144408, 7254, 7768280, 476016]] [308776653750.0, [15831.0, 383626383, 6138011769, 5340891, 6137123253, 383570187]] [1298233624.0, [948.0, 1613302, 25807008, 30366, 25504800, 1579984]]
Arch_Param: [64, 4096, 1024, 32, 512, 16]
SK_cost: [5986300380.0, [1813961.0, 3628385, 116083900, 128865, 108686012, 384200097]] [4410644172.0, [1333359.0, 2666607, 85328280, 86895, 85328280, 283119471]] [323946800, [104010, 195220, 6246800, 13140, 6246800, 12492810]] [5872952640, [1782996, 3553192, 113701904, 38704, 113701904, 437444628]] [543540872, [164870, 329222, 10522648, 4126, 10522648, 41689094]] [317216760030.0, [95907291.0, 191813655, 6138011769, 5340891, 6138011769, 21131037915]] [10930803212.0, [3307295.0, 6611003, 211505504, 228899, 209972576, 706690064]]
Model_cost: [5056318334.0, [4504.0, 3202401, 102452412, 415009, 49399997, 203042]] [4279025868.0, [117711.0, 2666607, 85328280, 86895, 77870232, 2433543]] [313970480.0, [90.0, 195220, 6246800, 13140, 6246800, 195210]] [5314697056.0, [39831.0, 3327912, 106001424, 38704, 103508112, 1846183736]] [408046216.0, [944.0, 255798, 8144408, 7254, 7768280, 238448]] [308009402838.0, [15831.0, 191813655, 6138011769, 5340891, 6137123253, 191785179]] [1295003244.0, [948.0, 806651, 25807008, 30307, 25504800, 790992]]
Arch_Param: [64, 4096, 1024, 32, 1024, 16]
SK_cost: [5979047900.0, [1813961.0, 1815265, 116083900, 128865, 108686012, 384200097]] [4405311180.0, [1333359.0, 1333359, 85328280, 86895, 85328280, 283119471]] [323581320, [104010, 104010, 6246800, 13130, 6246800, 12492810]] [5865870576, [1782996, 1782996, 113701904, 38684, 113701904, 437444628]] [542883464, [164870, 164870, 10522648, 4126, 10522648, 41689094]] [316833134574.0, [95907291.0, 95907291, 6138011769, 5340891, 6138011769, 21131037915]] [10917586588.0, [3307295.0, 3307295, 211505504, 228871, 209972576, 706690064]]
Model_cost: [5049917822.0, [4504.0, 1602273, 102452412, 415009, 49399997, 198946]] [4273692876.0, [117711.0, 1333359, 85328280, 86895, 77870232, 1216827]] [313605480.0, [95.0, 104010, 6246800, 13130, 6246800, 27210]] [5308106992.0, [39836.0, 1680596, 106001424, 38684, 103508112, 1846014118]] [407402088.0, [943.0, 127814, 8140312, 8278, 7767768, 119472]] [307625777382.0, [15831.0, 95907291, 6138011769, 5340891, 6137123253, 95892675]] [1293389052.0, [948.0, 403551, 25807008, 30279, 25504800, 396496]]
