[[0, 0, 0, 0, 0, 0, 0, 0, 0, 0, 0], [0, 0, 0, 0, 0, 0, 0, 0, 0, 0, 0], [0, 0, 0, 0, 0, 0, 0, 0, 0, 0, 0], [0, 0, 0, 0, 0, 0, 0, 0, 0, 0, 0]]
Arch_Param: [64, 2048, 32768, 4, 256, 16]
SK_cost: [38142037332.479996, [372370.79666666663, 47352356, 757567868, 845252, 749763260, 5151415969]] [4298202828.0, [50991.0, 5333103, 85328280, 86895, 85328280, 566627439]] [315056600.0, [3263.333333333285, 390430, 6246800, 13150, 6246800, 24883210]] [5721352184.0, [55755.33333333302, 7106374, 113701904, 38734, 113701904, 874356756]] [2231188411.2, [21689.199999999997, 2772998, 44335128, 19654, 44335128, 348258310]] [309118080190.8014, [3553845.675000043, 383626383, 6138011769, 5340891, 6138011769, 42262374363]] [14025422025.23077, [137297.84615384653, 17442934, 278760800, 474718, 265784672, 1747480083]]
Model_cost: [32717112257.605713, [963.9125595238095, 41814564, 668963196, 5323876, 49399997, 401314]] [4278755052.0, [3786.0, 5333103, 85328280, 86895, 77870232, 4866975]] [314744520.0, [12.5, 390430, 6246800, 13150, 6246800, 390410]] [5324226871.0, [1270.65625, 6635334, 106001424, 38734, 103508112, 3692367452]] [1709975786.1333332, [184.35555555555555, 2171654, 34746392, 279814, 7768280, 60826]] [308775194410.8, [629.5500000000001, 383626383, 6138011769, 5340891, 6137123253, 383574903]] [1642890590.5604396, [74.06833791208791, 2054902, 32837664, 102238, 25956384, 2431059]]
Arch_Param: [64, 2048, 32768, 4, 512, 16]
SK_cost: [38047333512.479996, [372370.79666666663, 23676449, 757567868, 845249, 749763260, 5151415969]] [4287536844.0, [50991.0, 2666607, 85328280, 86895, 85328280, 566627439]] [314275120.0, [3263.333333333285, 195220, 6246800, 13140, 6246800, 24883210]] [5707137536.0, [55755.33333333302, 3553192, 113701904, 38704, 113701904, 874356756]] [2225650619.2, [21689.199999999997, 1388550, 44335128, 19654, 44335128, 348258310]] [308350829278.8014, [3553845.675000043, 191813655, 6138011769, 5340891, 6138011769, 42262374363]] [13990532381.23077, [137297.84615384653, 8721467, 278760800, 474659, 265784672, 1747480083]]
Model_cost: [32633484021.605713, [963.9125595238095, 20907553, 668963196, 5323873, 49399997, 393122]] [4268089068.0, [3786.0, 2666607, 85328280, 86895, 77870232, 2433543]] [313963040.0, [12.5, 195220, 6246800, 13140, 6246800, 195210]] [5310995263.0, [1270.65625, 3327912, 106001424, 38704, 103508112, 3692169016]] [1705684202.1333332, [184.35555555555555, 1098758, 34746392, 279814, 7768280, 60826]] [308007943498.8, [629.5500000000001, 191813655, 6138011769, 5340891, 6137123253, 191789895]] [1638676680.7142859, [74.29910714285714, 1027451, 32837664, 114723, 25504800, 761171]]
Arch_Param: [64, 2048, 32768, 4, 1024, 16]
SK_cost: [38000006536.479996, [372370.79666666663, 11844705, 757567868, 845249, 749763260, 5151415969]] [4282203852.0, [50991.0, 1333359, 85328280, 86895, 85328280, 566627439]] [313909640.0, [3263.333333333285, 104010, 6246800, 13130, 6246800, 24883210]] [5700055472.0, [55755.33333333302, 1782996, 113701904, 38684, 113701904, 874356756]] [2222881723.2, [21689.199999999997, 696326, 44335128, 19654, 44335128, 348258310]] [307967203822.8014, [3553845.675000043, 95907291, 6138011769, 5340891, 6138011769, 42262374363]] [13973137837.23077, [137297.84615384653, 4373279, 278760800, 474631, 265784672, 1747480083]]
Model_cost: [32592254709.605713, [963.9125595238095, 10600225, 668963196, 5323873, 49399997, 389026]] [4262756076.0, [3786.0, 1333359, 85328280, 86895, 77870232, 1216827]] [313597575.0, [12.65625, 104010, 6246800, 13130, 6246800, 12289610]] [5304404734.0, [1270.8125, 1680596, 106001424, 38684, 103508112, 3704261798]] [1702428925.3333333, [184.55555555555554, 547334, 34713624, 288006, 7767768, 60762]] [307624318042.8, [629.5500000000001, 95907291, 6138011769, 5340891, 6137123253, 95897391]] [1636254808.7142859, [74.29910714285714, 522783, 32837664, 108423, 25504800, 387155]]
Arch_Param: [64, 2048, 32768, 8, 256, 16]
SK_cost: [20483803210.239998, [199904.02333333332, 25429668, 406835900, 451588, 402934460, 2769252001]] [4298202828.0, [50991.0, 5333103, 85328280, 86895, 85328280, 566627439]] [315056600.0, [3263.333333333285, 390430, 6246800, 13150, 6246800, 24883210]] [5721352184.0, [55755.33333333302, 7106374, 113701904, 38734, 113701904, 874356756]] [1115595297.6, [10847.599999999999, 1386502, 22167576, 9830, 22167576, 174129158]] [309118080190.8014, [3553845.675000043, 383626383, 6138011769, 5340891, 6138011769, 42262374363]] [11922935379.076923, [116288.61538461514, 14813302, 236846432, 329310, 231406944, 1551650323]]
Model_cost: [17609350741.445717, [528.1192261904762, 22447780, 359125692, 2854308, 49399997, 401314]] [4278755052.0, [3786.0, 5333103, 85328280, 86895, 77870232, 4866975]] [314744520.0, [12.5, 390430, 6246800, 13150, 6246800, 390410]] [5324226871.0, [1270.65625, 6635334, 106001424, 38734, 103508112, 3692367452]] [862757241.0666666, [95.17777777777778, 1085830, 17373208, 139910, 7768280, 60826]] [308775194410.8, [629.5500000000001, 383626383, 6138011769, 5340891, 6137123253, 383574903]] [1431440085.6153846, [56.64182692307692, 1783542, 28515872, 63710, 25730592, 1979475]]
Arch_Param: [64, 2048, 32768, 8, 512, 16]
SK_cost: [20432944766.239998, [199904.02333333332, 12715105, 406835900, 451585, 402934460, 2769252001]] [4287536844.0, [50991.0, 2666607, 85328280, 86895, 85328280, 566627439]] [314275120.0, [3263.333333333285, 195220, 6246800, 13140, 6246800, 24883210]] [5707137536.0, [55755.33333333302, 3553192, 113701904, 38704, 113701904, 874356756]] [1112826401.6, [10847.599999999999, 694278, 22167576, 9830, 22167576, 174129158]] [308350829278.8014, [3553845.675000043, 191813655, 6138011769, 5340891, 6138011769, 42262374363]] [11893304999.076923, [116288.61538461514, 7406651, 236846432, 329251, 231406944, 1551650323]]
Model_cost: [17564456073.445717, [528.1192261904762, 11224161, 359125692, 2854305, 49399997, 393122]] [4268089068.0, [3786.0, 2666607, 85328280, 86895, 77870232, 2433543]] [313963040.0, [12.5, 195220, 6246800, 13140, 6246800, 195210]] [5310995263.0, [1270.65625, 3327912, 106001424, 38704, 103508112, 3692169016]] [860611449.0666666, [95.17777777777778, 549382, 17373208, 139910, 7768280, 60826]] [308007943498.8, [629.5500000000001, 191813655, 6138011769, 5340891, 6137123253, 191789895]] [1427827249.0, [56.71875, 891771, 28515872, 70051, 25504800, 761171]]
Arch_Param: [64, 2048, 32768, 8, 1024, 16]
SK_cost: [20407528062.239998, [199904.02333333332, 6360929, 406835900, 451585, 402934460, 2769252001]] [4282203852.0, [50991.0, 1333359, 85328280, 86895, 85328280, 566627439]] [313909640.0, [3263.333333333285, 104010, 6246800, 13130, 6246800, 24883210]] [5700055472.0, [55755.33333333302, 1782996, 113701904, 38684, 113701904, 874356756]] [1111441953.6, [10847.599999999999, 348166, 22167576, 9830, 22167576, 174129158]] [307967203822.8014, [3553845.675000043, 95907291, 6138011769, 5340891, 6138011769, 42262374363]] [11878515511.076923, [116288.61538461514, 3709727, 236846432, 329223, 231406944, 1551650323]]
Model_cost: [17542302345.445717, [528.1192261904762, 5685729, 359125692, 2854305, 49399997, 389026]] [4262756076.0, [3786.0, 1333359, 85328280, 86895, 77870232, 1216827]] [313597575.0, [12.65625, 104010, 6246800, 13130, 6246800, 12289610]] [5304404734.0, [1270.8125, 1680596, 106001424, 38684, 103508112, 3704261798]] [858983346.6666666, [95.77777777777777, 273670, 17356824, 144006, 7767768, 60762]] [307624318042.8, [629.5500000000001, 95907291, 6138011769, 5340891, 6137123253, 95897391]] [1425856449.0, [56.71875, 450719, 28515872, 66823, 25504800, 387155]]
Arch_Param: [64, 2048, 32768, 16, 256, 16]
SK_cost: [11657517806.08, [113703.06333333332, 14471844, 231526076, 254884, 229575356, 1578446497]] [4298202828.0, [50991.0, 5333103, 85328280, 86895, 85328280, 566627439]] [315056600.0, [3263.333333333285, 390430, 6246800, 13150, 6246800, 24883210]] [5721352184.0, [55755.33333333302, 7106374, 113701904, 38734, 113701904, 874356756]] [557798740.8, [5426.799999999999, 693254, 11083800, 4918, 11083800, 87064582]] [309118080190.8014, [3553845.675000043, 383626383, 6138011769, 5340891, 6138011769, 42262374363]] [10871692056.0, [105784.00000000015, 13498486, 215889248, 256606, 214218080, 1453735443]]
Model_cost: [10058218683.434286, [310.5149404761905, 12767908, 204263100, 1620132, 49399997, 401314]] [4278755052.0, [3786.0, 5333103, 85328280, 86895, 77870232, 4866975]] [314744520.0, [12.5, 390430, 6246800, 13150, 6246800, 390410]] [5324226871.0, [1270.65625, 6635334, 106001424, 38734, 103508112, 3692367452]] [435559872.5333333, [50.58888888888889, 542918, 8686616, 13894, 7768280, 476570]] [308775194410.8, [629.5500000000001, 383626383, 6138011769, 5340891, 6137123253, 383574903]] [1325297041.142857, [47.92857142857143, 1647862, 26354976, 37918, 25617696, 1825363]]
Arch_Param: [64, 2048, 32768, 16, 512, 16]
SK_cost: [11628575010.08, [113703.06333333332, 7236193, 231526076, 254881, 229575356, 1578446497]] [4287536844.0, [50991.0, 2666607, 85328280, 86895, 85328280, 566627439]] [314275120.0, [3263.333333333285, 195220, 6246800, 13140, 6246800, 24883210]] [5707137536.0, [55755.33333333302, 3553192, 113701904, 38704, 113701904, 874356756]] [556414292.8, [5426.799999999999, 347142, 11083800, 4918, 11083800, 87064582]] [308350829278.8014, [3553845.675000043, 191813655, 6138011769, 5340891, 6138011769, 42262374363]] [10844691308.0, [105784.00000000015, 6749243, 215889248, 256547, 214218080, 1453735443]]
Model_cost: [10032683759.434286, [310.5149404761905, 6384225, 204263100, 1620129, 49399997, 393122]] [4268089068.0, [3786.0, 2666607, 85328280, 86895, 77870232, 2433543]] [313963040.0, [12.5, 195220, 6246800, 13140, 6246800, 195210]] [5310995263.0, [1270.65625, 3327912, 106001424, 38704, 103508112, 3692169016]] [434486976.5333333, [50.58888888888889, 274694, 8686616, 13894, 7768280, 239002]] [308007943498.8, [629.5500000000001, 191813655, 6138011769, 5340891, 6137123253, 191789895]] [1321984741.142857, [47.92857142857143, 823931, 26354976, 41187, 25504800, 791891]]
Arch_Param: [64, 2048, 32768, 16, 1024, 16]
SK_cost: [11614109986.08, [113703.06333333332, 3619937, 231526076, 254881, 229575356, 1578446497]] [4282203852.0, [50991.0, 1333359, 85328280, 86895, 85328280, 566627439]] [313909640.0, [3263.333333333285, 104010, 6246800, 13130, 6246800, 24883210]] [5700055472.0, [55755.33333333302, 1782996, 113701904, 38684, 113701904, 874356756]] [555722068.8, [5426.799999999999, 174086, 11083800, 4918, 11083800, 87064582]] [307967203822.8014, [3553845.675000043, 95907291, 6138011769, 5340891, 6138011769, 42262374363]] [10831204348.0, [105784.00000000015, 3377951, 215889248, 256519, 214218080, 1453735443]]
Model_cost: [10020065519.434286, [310.5149404761905, 3229665, 204263100, 1620129, 49399997, 389026]] [4262756076.0, [3786.0, 1333359, 85328280, 86895, 77870232, 1216827]] [313597575.0, [12.65625, 104010, 6246800, 13130, 6246800, 12289610]] [5304404734.0, [1270.8125, 1680596, 106001424, 38684, 103508112, 3704261798]] [433672461.3333333, [51.388888888888886, 136838, 8678424, 15942, 7767768, 120154]] [307624318042.8, [629.5500000000001, 95907291, 6138011769, 5340891, 6137123253, 95897391]] [1320239477.142857, [47.92857142857143, 414687, 26354976, 39495, 25504800, 397395]]
Arch_Param: [64, 2048, 32768, 32, 256, 16]
SK_cost: [5845254208.0, [57034.58333333334, 7256228, 116083900, 128868, 115239612, 790367905]] [4298202828.0, [50991.0, 5333103, 85328280, 86895, 85328280, 566627439]] [315056600.0, [3263.333333333285, 390430, 6246800, 13150, 6246800, 24883210]] [5721352184.0, [55755.33333333302, 7106374, 113701904, 38734, 113701904, 874356756]] [529522414.4, [5148.4, 657926, 10522648, 4126, 10522648, 83378182]] [309118080190.8014, [3553845.675000043, 383626383, 6138011769, 5340891, 6138011769, 42262374363]] [10651635322.461538, [103467.69230769238, 13222006, 211505504, 228958, 210948448, 1441887763]]
Model_cost: [5094154540.428572, [173.02529761904762, 6404260, 102452412, 812580, 49399997, 401314]] [4278755052.0, [3786.0, 5333103, 85328280, 86895, 77870232, 4866975]] [314744520.0, [12.5, 390430, 6246800, 13150, 6246800, 390410]] [5324226871.0, [1270.65625, 6635334, 106001424, 38734, 103508112, 3692367452]] [409058972.2666667, [35.544444444444444, 509030, 8144408, 8614, 7768280, 476570]] [308775194410.8, [629.5500000000001, 383626383, 6138011769, 5340891, 6137123253, 383574903]] [1298366298.2637362, [44.690247252747255, 1613302, 25807008, 32030, 25561248, 1712467]]
Arch_Param: [64, 2048, 32768, 32, 512, 16]
SK_cost: [5830742644.0, [57034.58333333334, 3628385, 116083900, 128865, 115239612, 790367905]] [4287536844.0, [50991.0, 2666607, 85328280, 86895, 85328280, 566627439]] [314275120.0, [3263.333333333285, 195220, 6246800, 13140, 6246800, 24883210]] [5707137536.0, [55755.33333333302, 3553192, 113701904, 38704, 113701904, 874356756]] [528207598.4, [5148.4, 329222, 10522648, 4126, 10522648, 83378182]] [308350829278.8014, [3553845.675000043, 191813655, 6138011769, 5340891, 6138011769, 42262374363]] [10625187534.461538, [103467.69230769238, 6611003, 211505504, 228899, 210948448, 1441887763]]
Model_cost: [5081346912.428572, [173.02529761904762, 3202401, 102452412, 812577, 49399997, 393122]] [4268089068.0, [3786.0, 2666607, 85328280, 86895, 77870232, 2433543]] [313963040.0, [12.5, 195220, 6246800, 13140, 6246800, 195210]] [5310995263.0, [1270.65625, 3327912, 106001424, 38704, 103508112, 3692169016]] [408047388.2666667, [35.544444444444444, 256134, 8144408, 8614, 7768280, 239002]] [308007943498.8, [629.5500000000001, 191813655, 6138011769, 5340891, 6137123253, 191789895]] [1295135918.2637362, [44.690247252747255, 806651, 25807008, 31971, 25561248, 923475]]
Arch_Param: [64, 2048, 32768, 32, 1024, 16]
SK_cost: [5823490164.0, [57034.58333333334, 1815265, 116083900, 128865, 115239612, 790367905]] [4282203852.0, [50991.0, 1333359, 85328280, 86895, 85328280, 566627439]] [313909640.0, [3263.333333333285, 104010, 6246800, 13130, 6246800, 24883210]] [5700055472.0, [55755.33333333302, 1782996, 113701904, 38684, 113701904, 874356756]] [527550190.4, [5148.4, 164870, 10522648, 4126, 10522648, 83378182]] [307967203822.8014, [3553845.675000043, 95907291, 6138011769, 5340891, 6138011769, 42262374363]] [10611970910.461538, [103467.69230769238, 3307295, 211505504, 228871, 210948448, 1441887763]]
Model_cost: [5075020128.428572, [173.02529761904762, 1620705, 102452412, 812577, 49399997, 389026]] [4262756076.0, [3786.0, 1333359, 85328280, 86895, 77870232, 1216827]] [313597575.0, [12.65625, 104010, 6246800, 13130, 6246800, 12289610]] [5304404734.0, [1270.8125, 1680596, 106001424, 38684, 103508112, 3704261798]] [407402050.6666667, [35.94444444444444, 127814, 8140312, 9638, 7767768, 120154]] [307624318042.8, [629.5500000000001, 95907291, 6138011769, 5340891, 6137123253, 95897391]] [1293470826.5714285, [45.151785714285715, 404703, 25807008, 32839, 25504800, 397395]]
Arch_Param: [64, 2048, 16384, 4, 256, 16]
SK_cost: [38179275182.48649, [760265.0675675676, 47352356, 757567868, 845252, 749763260, 5151415969]] [4303087308.0, [101871.0, 5333103, 85328280, 86895, 85328280, 566627439]] [315368920.0, [6516.66666666657, 390430, 6246800, 13150, 6246800, 24883210]] [5726719160.0, [111661.33333333023, 7106374, 113701904, 38734, 113701904, 874356756]] [2233309320.0, [43782.0, 2772998, 44335128, 19654, 44335128, 348258310]] [309459234111.60394, [7107532.350000086, 383626383, 6138011769, 5340891, 6138011769, 42262374363]] [14039270936.0, [281557.3333333333, 17442934, 278760800, 474718, 265784672, 1747480083]]
Model_cost: [32717202638.551353, [1905.3807432432432, 41814564, 668963196, 5323876, 49399997, 401314]] [4279107852.0, [7461.0, 5333103, 85328280, 86895, 77870232, 4866975]] [314744760.0, [15.0, 390430, 6246800, 13150, 6246800, 390410]] [5324345974.0, [2511.3125, 6635334, 106001424, 38734, 103508112, 3692367452]] [1709992552.0, [359.0, 2171654, 34746392, 279814, 7768280, 60826]] [308775239583.5999, [1100.1000000000001, 383626383, 6138011769, 5340891, 6137123253, 383574903]] [1642896316.4, [133.7125, 2054902, 32837664, 102238, 25956384, 1527891]]
Arch_Param: [64, 2048, 16384, 4, 512, 16]
SK_cost: [38084571362.48649, [760265.0675675676, 23676449, 757567868, 845249, 749763260, 5151415969]] [4292421324.0, [101871.0, 2666607, 85328280, 86895, 85328280, 566627439]] [314587440.0, [6516.66666666657, 195220, 6246800, 13140, 6246800, 24883210]] [5712504512.0, [111661.33333333023, 3553192, 113701904, 38704, 113701904, 874356756]] [2227771528.0, [43782.0, 1388550, 44335128, 19654, 44335128, 348258310]] [308691983199.60394, [7107532.350000086, 191813655, 6138011769, 5340891, 6138011769, 42262374363]] [14004381292.0, [281557.3333333333, 8721467, 278760800, 474659, 265784672, 1747480083]]
Model_cost: [32633574402.551353, [1905.3807432432432, 20907553, 668963196, 5323873, 49399997, 393122]] [4268441868.0, [7461.0, 2666607, 85328280, 86895, 77870232, 2433543]] [313963280.0, [15.0, 195220, 6246800, 13140, 6246800, 195210]] [5311114366.0, [2511.3125, 3327912, 106001424, 38704, 103508112, 3692169016]] [1705700968.0, [359.0, 1098758, 34746392, 279814, 7768280, 60826]] [308007988671.5999, [1100.1000000000001, 191813655, 6138011769, 5340891, 6137123253, 191789895]] [1638682384.4, [133.7125, 1027451, 32837664, 114723, 25504800, 761171]]
Arch_Param: [64, 2048, 16384, 4, 1024, 16]
SK_cost: [38037244386.48649, [760265.0675675676, 11844705, 757567868, 845249, 749763260, 5151415969]] [4287088332.0, [101871.0, 1333359, 85328280, 86895, 85328280, 566627439]] [314221960.0, [6516.66666666657, 104010, 6246800, 13130, 6246800, 24883210]] [5705422448.0, [111661.33333333023, 1782996, 113701904, 38684, 113701904, 874356756]] [2225002632.0, [43782.0, 696326, 44335128, 19654, 44335128, 348258310]] [308308357743.60394, [7107532.350000086, 95907291, 6138011769, 5340891, 6138011769, 42262374363]] [13986986748.0, [281557.3333333333, 4373279, 278760800, 474631, 265784672, 1747480083]]
Model_cost: [32592345090.551353, [1905.3807432432432, 10600225, 668963196, 5323873, 49399997, 389026]] [4263108876.0, [7461.0, 1333359, 85328280, 86895, 77870232, 1216827]] [313597830.0, [15.3125, 104010, 6246800, 13130, 6246800, 12289610]] [5304523852.0, [2511.625, 1680596, 106001424, 38684, 103508112, 3704261798]] [1702445672.0, [359.0, 547334, 34713624, 288006, 7767768, 60762]] [307624363215.5999, [1100.1000000000001, 95907291, 6138011769, 5340891, 6137123253, 95897391]] [1636260512.4, [133.7125, 522783, 32837664, 108423, 25504800, 387155]]
Arch_Param: [64, 2048, 16384, 8, 256, 16]
SK_cost: [20503740611.243244, [407585.2837837838, 25429668, 406835900, 451588, 402934460, 2769252001]] [4303087308.0, [101871.0, 5333103, 85328280, 86895, 85328280, 566627439]] [315368920.0, [6516.66666666657, 390430, 6246800, 13150, 6246800, 24883210]] [5726719160.0, [111661.33333333023, 7106374, 113701904, 38734, 113701904, 874356756]] [1116655752.0, [21894.0, 1386502, 22167576, 9830, 22167576, 174129158]] [309459234111.60394, [7107532.350000086, 383626383, 6138011769, 5340891, 6138011769, 42262374363]] [11934457368.0, [236309.33333333334, 14813302, 236846432, 329310, 231406944, 1551650323]]
Model_cost: [17609399014.075676, [1030.9591216216218, 22447780, 359125692, 2854308, 49399997, 401314]] [4279107852.0, [7461.0, 5333103, 85328280, 86895, 77870232, 4866975]] [314744760.0, [15.0, 390430, 6246800, 13150, 6246800, 390410]] [5324345974.0, [2511.3125, 6635334, 106001424, 38734, 103508112, 3692367452]] [862765853.3333334, [184.8888888888889, 1085830, 17373208, 139910, 7768280, 60826]] [308775239583.5999, [1100.1000000000001, 383626383, 6138011769, 5340891, 6137123253, 383574903]] [1431444059.6, [98.0375, 1783542, 28515872, 63710, 25730592, 1527891]]
Arch_Param: [64, 2048, 16384, 8, 512, 16]
SK_cost: [20452882167.243244, [407585.2837837838, 12715105, 406835900, 451585, 402934460, 2769252001]] [4292421324.0, [101871.0, 2666607, 85328280, 86895, 85328280, 566627439]] [314587440.0, [6516.66666666657, 195220, 6246800, 13140, 6246800, 24883210]] [5712504512.0, [111661.33333333023, 3553192, 113701904, 38704, 113701904, 874356756]] [1113886856.0, [21894.0, 694278, 22167576, 9830, 22167576, 174129158]] [308691983199.60394, [7107532.350000086, 191813655, 6138011769, 5340891, 6138011769, 42262374363]] [11904826988.0, [236309.33333333334, 7406651, 236846432, 329251, 231406944, 1551650323]]
Model_cost: [17564504346.075676, [1030.9591216216218, 11224161, 359125692, 2854305, 49399997, 393122]] [4268441868.0, [7461.0, 2666607, 85328280, 86895, 77870232, 2433543]] [313963280.0, [15.0, 195220, 6246800, 13140, 6246800, 195210]] [5311114366.0, [2511.3125, 3327912, 106001424, 38704, 103508112, 3692169016]] [860620061.3333334, [184.8888888888889, 549382, 17373208, 139910, 7768280, 60826]] [308007988671.5999, [1100.1000000000001, 191813655, 6138011769, 5340891, 6137123253, 191789895]] [1427831215.6, [98.0375, 891771, 28515872, 70051, 25504800, 761171]]
Arch_Param: [64, 2048, 16384, 8, 1024, 16]
SK_cost: [20427465463.243244, [407585.2837837838, 6360929, 406835900, 451585, 402934460, 2769252001]] [4287088332.0, [101871.0, 1333359, 85328280, 86895, 85328280, 566627439]] [314221960.0, [6516.66666666657, 104010, 6246800, 13130, 6246800, 24883210]] [5705422448.0, [111661.33333333023, 1782996, 113701904, 38684, 113701904, 874356756]] [1112502408.0, [21894.0, 348166, 22167576, 9830, 22167576, 174129158]] [308308357743.60394, [7107532.350000086, 95907291, 6138011769, 5340891, 6138011769, 42262374363]] [11890037500.0, [236309.33333333334, 3709727, 236846432, 329223, 231406944, 1551650323]]
Model_cost: [17542350618.075676, [1030.9591216216218, 5685729, 359125692, 2854305, 49399997, 389026]] [4263108876.0, [7461.0, 1333359, 85328280, 86895, 77870232, 1216827]] [313597830.0, [15.3125, 104010, 6246800, 13130, 6246800, 12289610]] [5304523852.0, [2511.625, 1680596, 106001424, 38684, 103508112, 3704261798]] [858991869.3333334, [184.55555555555554, 273670, 17356824, 144006, 7767768, 60762]] [307624363215.5999, [1100.1000000000001, 95907291, 6138011769, 5340891, 6137123253, 95897391]] [1425860415.6, [98.0375, 450719, 28515872, 66823, 25504800, 387155]]
Arch_Param: [64, 2048, 16384, 16, 256, 16]
SK_cost: [11668811168.64865, [231342.25675675675, 14471844, 231526076, 254884, 229575356, 1578446497]] [4303087308.0, [101871.0, 5333103, 85328280, 86895, 85328280, 566627439]] [315368920.0, [6516.66666666657, 390430, 6246800, 13150, 6246800, 24883210]] [5726719160.0, [111661.33333333023, 7106374, 113701904, 38734, 113701904, 874356756]] [558328968.0, [10950.0, 693254, 11083800, 4918, 11083800, 87064582]] [309459234111.60394, [7107532.350000086, 383626383, 6138011769, 5340891, 6138011769, 42262374363]] [10882050584.0, [213685.3333333333, 13498486, 215889248, 256606, 214218080, 1453735443]]
Model_cost: [10058245702.335136, [591.9618243243243, 12767908, 204263100, 1620132, 49399997, 401314]] [4279107852.0, [7461.0, 5333103, 85328280, 86895, 77870232, 4866975]] [314744760.0, [15.0, 390430, 6246800, 13150, 6246800, 390410]] [5324345974.0, [2511.3125, 6635334, 106001424, 38734, 103508112, 3692367452]] [435564178.6666667, [95.44444444444446, 542918, 8686616, 13894, 7768280, 476570]] [308775239583.5999, [1100.1000000000001, 383626383, 6138011769, 5340891, 6137123253, 383574903]] [1325300139.2, [80.2, 1647862, 26354976, 37918, 25617696, 1599571]]
Arch_Param: [64, 2048, 16384, 16, 512, 16]
SK_cost: [11639868372.64865, [231342.25675675675, 7236193, 231526076, 254881, 229575356, 1578446497]] [4292421324.0, [101871.0, 2666607, 85328280, 86895, 85328280, 566627439]] [314587440.0, [6516.66666666657, 195220, 6246800, 13140, 6246800, 24883210]] [5712504512.0, [111661.33333333023, 3553192, 113701904, 38704, 113701904, 874356756]] [556944520.0, [10950.0, 347142, 11083800, 4918, 11083800, 87064582]] [308691983199.60394, [7107532.350000086, 191813655, 6138011769, 5340891, 6138011769, 42262374363]] [10855049836.0, [213685.3333333333, 6749243, 215889248, 256547, 214218080, 1453735443]]
Model_cost: [10032710778.335136, [591.9618243243243, 6384225, 204263100, 1620129, 49399997, 393122]] [4268441868.0, [7461.0, 2666607, 85328280, 86895, 77870232, 2433543]] [313963280.0, [15.0, 195220, 6246800, 13140, 6246800, 195210]] [5311114366.0, [2511.3125, 3327912, 106001424, 38704, 103508112, 3692169016]] [434491282.6666667, [95.44444444444446, 274694, 8686616, 13894, 7768280, 239002]] [308007988671.5999, [1100.1000000000001, 191813655, 6138011769, 5340891, 6137123253, 191789895]] [1321987839.2, [80.2, 823931, 26354976, 41187, 25504800, 791891]]
Arch_Param: [64, 2048, 16384, 16, 1024, 16]
SK_cost: [11625403348.64865, [231342.25675675675, 3619937, 231526076, 254881, 229575356, 1578446497]] [4287088332.0, [101871.0, 1333359, 85328280, 86895, 85328280, 566627439]] [314221960.0, [6516.66666666657, 104010, 6246800, 13130, 6246800, 24883210]] [5705422448.0, [111661.33333333023, 1782996, 113701904, 38684, 113701904, 874356756]] [556252296.0, [10950.0, 174086, 11083800, 4918, 11083800, 87064582]] [308308357743.60394, [7107532.350000086, 95907291, 6138011769, 5340891, 6138011769, 42262374363]] [10841562876.0, [213685.3333333333, 3377951, 215889248, 256519, 214218080, 1453735443]]
Model_cost: [10020092538.335136, [591.9618243243243, 3229665, 204263100, 1620129, 49399997, 389026]] [4263108876.0, [7461.0, 1333359, 85328280, 86895, 77870232, 1216827]] [313597830.0, [15.3125, 104010, 6246800, 13130, 6246800, 12289610]] [5304523852.0, [2511.625, 1680596, 106001424, 38684, 103508112, 3704261798]] [433676722.6666667, [95.77777777777777, 136838, 8678424, 15942, 7767768, 120154]] [307624363215.5999, [1100.1000000000001, 95907291, 6138011769, 5340891, 6137123253, 95897391]] [1320242575.2, [80.2, 414687, 26354976, 39495, 25504800, 397395]]
Arch_Param: [64, 2048, 16384, 32, 256, 16]
SK_cost: [5850923023.351351, [116084.74324324324, 7256228, 116083900, 128868, 115239612, 790367905]] [4303087308.0, [101871.0, 5333103, 85328280, 86895, 85328280, 566627439]] [315368920.0, [6516.66666666657, 390430, 6246800, 13150, 6246800, 24883210]] [5726719160.0, [111661.33333333023, 7106374, 113701904, 38734, 113701904, 874356756]] [530021000.0, [10342.0, 657926, 10522648, 4126, 10522648, 83378182]] [309459234111.60394, [7107532.350000086, 383626383, 6138011769, 5340891, 6138011769, 42262374363]] [10661669400.0, [207989.33333333334, 13222006, 211505504, 228958, 210948448, 1441887763]]
Model_cost: [5094168178.464865, [315.0881756756757, 6404260, 102452412, 812580, 49399997, 401314]] [4279107852.0, [7461.0, 5333103, 85328280, 86895, 77870232, 4866975]] [314744760.0, [15.0, 390430, 6246800, 13150, 6246800, 390410]] [5324345974.0, [2511.3125, 6635334, 106001424, 38734, 103508112, 3692367452]] [409061821.3333333, [65.22222222222223, 509030, 8144408, 8614, 7768280, 476570]] [308775239583.5999, [1100.1000000000001, 383626383, 6138011769, 5340891, 6137123253, 383574903]] [1298369077.6, [73.64166666666667, 1613302, 25807008, 32030, 25561248, 1712467]]
Arch_Param: [64, 2048, 16384, 32, 512, 16]
SK_cost: [5836411459.351351, [116084.74324324324, 3628385, 116083900, 128865, 115239612, 790367905]] [4292421324.0, [101871.0, 2666607, 85328280, 86895, 85328280, 566627439]] [314587440.0, [6516.66666666657, 195220, 6246800, 13140, 6246800, 24883210]] [5712504512.0, [111661.33333333023, 3553192, 113701904, 38704, 113701904, 874356756]] [528706184.0, [10342.0, 329222, 10522648, 4126, 10522648, 83378182]] [308691983199.60394, [7107532.350000086, 191813655, 6138011769, 5340891, 6138011769, 42262374363]] [10635221612.0, [207989.33333333334, 6611003, 211505504, 228899, 210948448, 1441887763]]
Model_cost: [5081360550.464865, [315.0881756756757, 3202401, 102452412, 812577, 49399997, 393122]] [4268441868.0, [7461.0, 2666607, 85328280, 86895, 77870232, 2433543]] [313963280.0, [15.0, 195220, 6246800, 13140, 6246800, 195210]] [5311114366.0, [2511.3125, 3327912, 106001424, 38704, 103508112, 3692169016]] [408050237.3333333, [65.22222222222223, 256134, 8144408, 8614, 7768280, 239002]] [308007988671.5999, [1100.1000000000001, 191813655, 6138011769, 5340891, 6137123253, 191789895]] [1295138697.6, [73.64166666666667, 806651, 25807008, 31971, 25561248, 923475]]
Arch_Param: [64, 2048, 16384, 32, 1024, 16]
SK_cost: [5829158979.351351, [116084.74324324324, 1815265, 116083900, 128865, 115239612, 790367905]] [4287088332.0, [101871.0, 1333359, 85328280, 86895, 85328280, 566627439]] [314221960.0, [6516.66666666657, 104010, 6246800, 13130, 6246800, 24883210]] [5705422448.0, [111661.33333333023, 1782996, 113701904, 38684, 113701904, 874356756]] [528048776.0, [10342.0, 164870, 10522648, 4126, 10522648, 83378182]] [308308357743.60394, [7107532.350000086, 95907291, 6138011769, 5340891, 6138011769, 42262374363]] [10622004988.0, [207989.33333333334, 3307295, 211505504, 228871, 210948448, 1441887763]]
Model_cost: [5075033766.464865, [315.0881756756757, 1620705, 102452412, 812577, 49399997, 389026]] [4263108876.0, [7461.0, 1333359, 85328280, 86895, 77870232, 1216827]] [313597830.0, [15.3125, 104010, 6246800, 13130, 6246800, 12289610]] [5304523852.0, [2511.625, 1680596, 106001424, 38684, 103508112, 3704261798]] [407404925.3333333, [65.88888888888889, 127814, 8140312, 9638, 7767768, 120154]] [307624363215.5999, [1100.1000000000001, 95907291, 6138011769, 5340891, 6137123253, 95897391]] [1293473641.6, [74.475, 404703, 25807008, 32839, 25504800, 397395]]
Arch_Param: [64, 2048, 8192, 4, 256, 16]
SK_cost: [38252259250.666664, [1520515.7777777778, 47352356, 757567868, 845252, 749763260, 5151415969]] [4312856268.0, [203631.0, 5333103, 85328280, 86895, 85328280, 566627439]] [316003800.0, [13130.0, 390430, 6246800, 13150, 6246800, 24883210]] [5737457208.0, [223516.0, 7106374, 113701904, 38734, 113701904, 874356756]] [2237511816.0, [87558.0, 2772998, 44335128, 19654, 44335128, 348258310]] [310141549326.0, [14214982.5, 383626383, 6138011769, 5340891, 6138011769, 42262374363]] [14066298904.0, [563098.6666666666, 17442934, 278760800, 474718, 265784672, 1747480083]]
Model_cost: [32717381263.066666, [3766.052777777778, 41814564, 668963196, 5323876, 49399997, 401314]] [4279813452.0, [14811.0, 5333103, 85328280, 86895, 77870232, 4866975]] [314745240.0, [20.0, 390430, 6246800, 13150, 6246800, 390410]] [5324585140.0, [5002.625, 6635334, 106001424, 38734, 103508112, 3692367452]] [1710026440.0, [712.0, 2171654, 34746392, 279814, 7768280, 60826]] [308775337302.0, [2118.0, 383626383, 6138011769, 5340891, 6137123253, 383574903]] [1642907520.8, [250.425, 2054902, 32837664, 102238, 25956384, 1527891]]
Arch_Param: [64, 2048, 8192, 4, 512, 16]
SK_cost: [38157555430.666664, [1520515.7777777778, 23676449, 757567868, 845249, 749763260, 5151415969]] [4302190284.0, [203631.0, 2666607, 85328280, 86895, 85328280, 566627439]] [315222320.0, [13130.0, 195220, 6246800, 13140, 6246800, 24883210]] [5723242560.0, [223516.0, 3553192, 113701904, 38704, 113701904, 874356756]] [2231974024.0, [87558.0, 1388550, 44335128, 19654, 44335128, 348258310]] [309374298414.0, [14214982.5, 191813655, 6138011769, 5340891, 6138011769, 42262374363]] [14031409260.0, [563098.6666666666, 8721467, 278760800, 474659, 265784672, 1747480083]]
Model_cost: [32633753027.066666, [3766.052777777778, 20907553, 668963196, 5323873, 49399997, 393122]] [4269147468.0, [14811.0, 2666607, 85328280, 86895, 77870232, 2433543]] [313963760.0, [20.0, 195220, 6246800, 13140, 6246800, 195210]] [5311353532.0, [5002.625, 3327912, 106001424, 38704, 103508112, 3692169016]] [1705734856.0, [712.0, 1098758, 34746392, 279814, 7768280, 60826]] [308008086390.0, [2118.0, 191813655, 6138011769, 5340891, 6137123253, 191789895]] [1638693588.8, [250.425, 1027451, 32837664, 114723, 25504800, 761171]]
Arch_Param: [64, 2048, 8192, 4, 1024, 16]
SK_cost: [38110228454.666664, [1520515.7777777778, 11844705, 757567868, 845249, 749763260, 5151415969]] [4296857292.0, [203631.0, 1333359, 85328280, 86895, 85328280, 566627439]] [314856840.0, [13130.0, 104010, 6246800, 13130, 6246800, 24883210]] [5716160496.0, [223516.0, 1782996, 113701904, 38684, 113701904, 874356756]] [2229205128.0, [87558.0, 696326, 44335128, 19654, 44335128, 348258310]] [308990672958.0, [14214982.5, 95907291, 6138011769, 5340891, 6138011769, 42262374363]] [14014014716.0, [563098.6666666666, 4373279, 278760800, 474631, 265784672, 1747480083]]
Model_cost: [32592523715.066666, [3766.052777777778, 10600225, 668963196, 5323873, 49399997, 389026]] [4263814476.0, [14811.0, 1333359, 85328280, 86895, 77870232, 1216827]] [313598340.0, [20.625, 104010, 6246800, 13130, 6246800, 12289610]] [5304763048.0, [5003.25, 1680596, 106001424, 38684, 103508112, 3704261798]] [1702479464.0, [711.0, 547334, 34713624, 288006, 7767768, 60762]] [307624460934.0, [2118.0, 95907291, 6138011769, 5340891, 6137123253, 95897391]] [1636271716.8, [250.425, 522783, 32837664, 108423, 25504800, 387155]]
Arch_Param: [64, 2048, 8192, 8, 256, 16]
SK_cost: [20542866525.333332, [815146.8888888889, 25429668, 406835900, 451588, 402934460, 2769252001]] [4312856268.0, [203631.0, 5333103, 85328280, 86895, 85328280, 566627439]] [316003800.0, [13130.0, 390430, 6246800, 13150, 6246800, 24883210]] [5737457208.0, [223516.0, 7106374, 113701904, 38734, 113701904, 874356756]] [1118757000.0, [43782.0, 1386502, 22167576, 9830, 22167576, 174129158]] [310141549326.0, [14214982.5, 383626383, 6138011769, 5340891, 6138011769, 42262374363]] [11957141528.0, [472602.6666666667, 14813302, 236846432, 329310, 231406944, 1551650323]]
Model_cost: [17609494371.333336, [2024.263888888889, 22447780, 359125692, 2854308, 49399997, 401314]] [4279813452.0, [14811.0, 5333103, 85328280, 86895, 77870232, 4866975]] [314745240.0, [20.0, 390430, 6246800, 13150, 6246800, 390410]] [5324585140.0, [5002.625, 6635334, 106001424, 38734, 103508112, 3692367452]] [862782568.0, [359.0, 1085830, 17373208, 139910, 7768280, 60826]] [308775337302.0, [2118.0, 383626383, 6138011769, 5340891, 6137123253, 383574903]] [1431451935.2, [180.075, 1783542, 28515872, 63710, 25730592, 1527891]]
Arch_Param: [64, 2048, 8192, 8, 512, 16]
SK_cost: [20492008081.333332, [815146.8888888889, 12715105, 406835900, 451585, 402934460, 2769252001]] [4302190284.0, [203631.0, 2666607, 85328280, 86895, 85328280, 566627439]] [315222320.0, [13130.0, 195220, 6246800, 13140, 6246800, 24883210]] [5723242560.0, [223516.0, 3553192, 113701904, 38704, 113701904, 874356756]] [1115988104.0, [43782.0, 694278, 22167576, 9830, 22167576, 174129158]] [309374298414.0, [14214982.5, 191813655, 6138011769, 5340891, 6138011769, 42262374363]] [11927511148.0, [472602.6666666667, 7406651, 236846432, 329251, 231406944, 1551650323]]
Model_cost: [17564599703.333336, [2024.263888888889, 11224161, 359125692, 2854305, 49399997, 393122]] [4269147468.0, [14811.0, 2666607, 85328280, 86895, 77870232, 2433543]] [313963760.0, [20.0, 195220, 6246800, 13140, 6246800, 195210]] [5311353532.0, [5002.625, 3327912, 106001424, 38704, 103508112, 3692169016]] [860636776.0, [359.0, 549382, 17373208, 139910, 7768280, 60826]] [308008086390.0, [2118.0, 191813655, 6138011769, 5340891, 6137123253, 191789895]] [1427839091.2, [180.075, 891771, 28515872, 70051, 25504800, 761171]]
Arch_Param: [64, 2048, 8192, 8, 1024, 16]
SK_cost: [20466591377.333332, [815146.8888888889, 6360929, 406835900, 451585, 402934460, 2769252001]] [4296857292.0, [203631.0, 1333359, 85328280, 86895, 85328280, 566627439]] [314856840.0, [13130.0, 104010, 6246800, 13130, 6246800, 24883210]] [5716160496.0, [223516.0, 1782996, 113701904, 38684, 113701904, 874356756]] [1114603656.0, [43782.0, 348166, 22167576, 9830, 22167576, 174129158]] [308990672958.0, [14214982.5, 95907291, 6138011769, 5340891, 6138011769, 42262374363]] [11912721660.0, [472602.6666666667, 3709727, 236846432, 329223, 231406944, 1551650323]]
Model_cost: [17542445975.333336, [2024.263888888889, 5685729, 359125692, 2854305, 49399997, 389026]] [4263814476.0, [14811.0, 1333359, 85328280, 86895, 77870232, 1216827]] [313598340.0, [20.625, 104010, 6246800, 13130, 6246800, 12289610]] [5304763048.0, [5003.25, 1680596, 106001424, 38684, 103508112, 3704261798]] [859008616.0, [359.0, 273670, 17356824, 144006, 7767768, 60762]] [307624460934.0, [2118.0, 95907291, 6138011769, 5340891, 6137123253, 95897391]] [1425868291.2, [180.075, 450719, 28515872, 66823, 25504800, 387155]]
Arch_Param: [64, 2048, 8192, 16, 256, 16]
SK_cost: [11691017309.333334, [462656.22222222225, 14471844, 231526076, 254884, 229575356, 1578446497]] [4312856268.0, [203631.0, 5333103, 85328280, 86895, 85328280, 566627439]] [316003800.0, [13130.0, 390430, 6246800, 13150, 6246800, 24883210]] [5737457208.0, [223516.0, 7106374, 113701904, 38734, 113701904, 874356756]] [559379592.0, [21894.0, 693254, 11083800, 4918, 11083800, 87064582]] [310141549326.0, [14214982.5, 383626383, 6138011769, 5340891, 6138011769, 42262374363]] [10902562840.0, [427354.6666666666, 13498486, 215889248, 256606, 214218080, 1453735443]]
Model_cost: [10058299369.733334, [1150.9972222222223, 12767908, 204263100, 1620132, 49399997, 401314]] [4279813452.0, [14811.0, 5333103, 85328280, 86895, 77870232, 4866975]] [314745240.0, [20.0, 390430, 6246800, 13150, 6246800, 390410]] [5324585140.0, [5002.625, 6635334, 106001424, 38734, 103508112, 3692367452]] [435573960.0, [197.33333333333334, 542918, 8686616, 13894, 7768280, 476570]] [308775337302.0, [2118.0, 383626383, 6138011769, 5340891, 6137123253, 383574903]] [1325306302.4, [144.4, 1647862, 26354976, 37918, 25617696, 1599571]]
Arch_Param: [64, 2048, 8192, 16, 512, 16]
SK_cost: [11662074513.333334, [462656.22222222225, 7236193, 231526076, 254881, 229575356, 1578446497]] [4302190284.0, [203631.0, 2666607, 85328280, 86895, 85328280, 566627439]] [315222320.0, [13130.0, 195220, 6246800, 13140, 6246800, 24883210]] [5723242560.0, [223516.0, 3553192, 113701904, 38704, 113701904, 874356756]] [557995144.0, [21894.0, 347142, 11083800, 4918, 11083800, 87064582]] [309374298414.0, [14214982.5, 191813655, 6138011769, 5340891, 6138011769, 42262374363]] [10875562092.0, [427354.6666666666, 6749243, 215889248, 256547, 214218080, 1453735443]]
Model_cost: [10032764445.733334, [1150.9972222222223, 6384225, 204263100, 1620129, 49399997, 393122]] [4269147468.0, [14811.0, 2666607, 85328280, 86895, 77870232, 2433543]] [313963760.0, [20.0, 195220, 6246800, 13140, 6246800, 195210]] [5311353532.0, [5002.625, 3327912, 106001424, 38704, 103508112, 3692169016]] [434501064.0, [197.33333333333334, 274694, 8686616, 13894, 7768280, 239002]] [308008086390.0, [2118.0, 191813655, 6138011769, 5340891, 6137123253, 191789895]] [1321994002.4, [144.4, 823931, 26354976, 41187, 25504800, 791891]]
Arch_Param: [64, 2048, 8192, 16, 1024, 16]
SK_cost: [11647609489.333334, [462656.22222222225, 3619937, 231526076, 254881, 229575356, 1578446497]] [4296857292.0, [203631.0, 1333359, 85328280, 86895, 85328280, 566627439]] [314856840.0, [13130.0, 104010, 6246800, 13130, 6246800, 24883210]] [5716160496.0, [223516.0, 1782996, 113701904, 38684, 113701904, 874356756]] [557302920.0, [21894.0, 174086, 11083800, 4918, 11083800, 87064582]] [308990672958.0, [14214982.5, 95907291, 6138011769, 5340891, 6138011769, 42262374363]] [10862075132.0, [427354.6666666666, 3377951, 215889248, 256519, 214218080, 1453735443]]
Model_cost: [10020146205.733334, [1150.9972222222223, 3229665, 204263100, 1620129, 49399997, 389026]] [4263814476.0, [14811.0, 1333359, 85328280, 86895, 77870232, 1216827]] [313598340.0, [20.625, 104010, 6246800, 13130, 6246800, 12289610]] [5304763048.0, [5003.25, 1680596, 106001424, 38684, 103508112, 3704261798]] [433686440.0, [197.0, 136838, 8678424, 15942, 7767768, 120154]] [307624460934.0, [2118.0, 95907291, 6138011769, 5340891, 6137123253, 95897391]] [1320248738.4, [144.4, 414687, 26354976, 39495, 25504800, 397395]]
Arch_Param: [64, 2048, 8192, 32, 256, 16]
SK_cost: [5862064221.333333, [232138.88888888888, 7256228, 116083900, 128868, 115239612, 790367905]] [4312856268.0, [203631.0, 5333103, 85328280, 86895, 85328280, 566627439]] [316003800.0, [13130.0, 390430, 6246800, 13150, 6246800, 24883210]] [5737457208.0, [223516.0, 7106374, 113701904, 38734, 113701904, 874356756]] [531013256.0, [20678.0, 657926, 10522648, 4126, 10522648, 83378182]] [310141549326.0, [14214982.5, 383626383, 6138011769, 5340891, 6138011769, 42262374363]] [10681634840.0, [415962.6666666667, 13222006, 211505504, 228958, 210948448, 1441887763]]
Model_cost: [5094195262.533333, [597.213888888889, 6404260, 102452412, 812580, 49399997, 401314]] [4279813452.0, [14811.0, 5333103, 85328280, 86895, 77870232, 4866975]] [314745240.0, [20.0, 390430, 6246800, 13150, 6246800, 390410]] [5324585140.0, [5002.625, 6635334, 106001424, 38734, 103508112, 3692367452]] [409068104.0, [130.66666666666669, 509030, 8144408, 8614, 7768280, 476570]] [308775337302.0, [2118.0, 383626383, 6138011769, 5340891, 6137123253, 383574903]] [1298374611.2, [131.28333333333333, 1613302, 25807008, 32030, 25561248, 1712467]]
Arch_Param: [64, 2048, 8192, 32, 512, 16]
SK_cost: [5847552657.333333, [232138.88888888888, 3628385, 116083900, 128865, 115239612, 790367905]] [4302190284.0, [203631.0, 2666607, 85328280, 86895, 85328280, 566627439]] [315222320.0, [13130.0, 195220, 6246800, 13140, 6246800, 24883210]] [5723242560.0, [223516.0, 3553192, 113701904, 38704, 113701904, 874356756]] [529698440.0, [20678.0, 329222, 10522648, 4126, 10522648, 83378182]] [309374298414.0, [14214982.5, 191813655, 6138011769, 5340891, 6138011769, 42262374363]] [10655187052.0, [415962.6666666667, 6611003, 211505504, 228899, 210948448, 1441887763]]
Model_cost: [5081387634.533333, [597.213888888889, 3202401, 102452412, 812577, 49399997, 393122]] [4269147468.0, [14811.0, 2666607, 85328280, 86895, 77870232, 2433543]] [313963760.0, [20.0, 195220, 6246800, 13140, 6246800, 195210]] [5311353532.0, [5002.625, 3327912, 106001424, 38704, 103508112, 3692169016]] [408056520.0, [130.66666666666669, 256134, 8144408, 8614, 7768280, 239002]] [308008086390.0, [2118.0, 191813655, 6138011769, 5340891, 6137123253, 191789895]] [1295144231.2, [131.28333333333333, 806651, 25807008, 31971, 25561248, 923475]]
Arch_Param: [64, 2048, 8192, 32, 1024, 16]
SK_cost: [5840300177.333333, [232138.88888888888, 1815265, 116083900, 128865, 115239612, 790367905]] [4296857292.0, [203631.0, 1333359, 85328280, 86895, 85328280, 566627439]] [314856840.0, [13130.0, 104010, 6246800, 13130, 6246800, 24883210]] [5716160496.0, [223516.0, 1782996, 113701904, 38684, 113701904, 874356756]] [529041032.0, [20678.0, 164870, 10522648, 4126, 10522648, 83378182]] [308990672958.0, [14214982.5, 95907291, 6138011769, 5340891, 6138011769, 42262374363]] [10641970428.0, [415962.6666666667, 3307295, 211505504, 228871, 210948448, 1441887763]]
Model_cost: [5075060850.533333, [597.213888888889, 1620705, 102452412, 812577, 49399997, 389026]] [4263814476.0, [14811.0, 1333359, 85328280, 86895, 77870232, 1216827]] [313598340.0, [20.625, 104010, 6246800, 13130, 6246800, 12289610]] [5304763048.0, [5003.25, 1680596, 106001424, 38684, 103508112, 3704261798]] [407411176.0, [131.0, 127814, 8140312, 9638, 7767768, 120154]] [307624460934.0, [2118.0, 95907291, 6138011769, 5340891, 6137123253, 95897391]] [1293479159.2, [131.95, 404703, 25807008, 32839, 25504800, 397395]]
Arch_Param: [64, 2048, 4096, 4, 256, 16]
SK_cost: [38393746621.333336, [2994342.5555555555, 47352356, 757567868, 845252, 749763260, 5151415969]] [4325316300.0, [333423.0, 5333103, 85328280, 86895, 85328280, 566627439]] [317263320, [26250, 390430, 6246800, 13150, 6246800, 24883210]] [5758863672, [446500, 7106374, 113701904, 38734, 113701904, 874356756]] [2245916808, [175110, 2772998, 44335128, 19654, 44335128, 348258310]] [311078697438.0, [23976942.0, 383626383, 6138011769, 5340891, 6138011769, 42262374363]] [14119240728.0, [1114576.0, 17442934, 278760800, 474718, 265784672, 1747480083]]
Model_cost: [32717737394.0, [7475.75, 41814564, 668963196, 5323876, 49399997, 401314]] [4281224652.0, [29511.0, 5333103, 85328280, 86895, 77870232, 4866975]] [314746200.0, [30.0, 390430, 6246800, 13150, 6246800, 390410]] [5325062512.0, [9975.25, 6635334, 106001424, 38734, 103508112, 3692367452]] [1710094216.0, [1418.0, 2171654, 34746392, 279814, 7768280, 60826]] [308775525366.0, [4077.0, 383626383, 6138011769, 5340891, 6137123253, 383574903]] [1642929584.0, [480.25, 2054902, 32837664, 102238, 25956384, 1527891]]
Arch_Param: [64, 2048, 4096, 4, 512, 16]
SK_cost: [38299042801.333336, [2994342.5555555555, 23676449, 757567868, 845249, 749763260, 5151415969]] [4314650316.0, [333423.0, 2666607, 85328280, 86895, 85328280, 566627439]] [316481840, [26250, 195220, 6246800, 13140, 6246800, 24883210]] [5744649024, [446500, 3553192, 113701904, 38704, 113701904, 874356756]] [2240379016, [175110, 1388550, 44335128, 19654, 44335128, 348258310]] [310311446526.0, [23976942.0, 191813655, 6138011769, 5340891, 6138011769, 42262374363]] [14084351084.0, [1114576.0, 8721467, 278760800, 474659, 265784672, 1747480083]]
Model_cost: [32634109158.0, [7475.75, 20907553, 668963196, 5323873, 49399997, 393122]] [4270558668.0, [29511.0, 2666607, 85328280, 86895, 77870232, 2433543]] [313964720.0, [30.0, 195220, 6246800, 13140, 6246800, 195210]] [5311830904.0, [9975.25, 3327912, 106001424, 38704, 103508112, 3692169016]] [1705802632.0, [1418.0, 1098758, 34746392, 279814, 7768280, 60826]] [308008274454.0, [4077.0, 191813655, 6138011769, 5340891, 6137123253, 191789895]] [1638715652.0, [480.25, 1027451, 32837664, 114723, 25504800, 761171]]
Arch_Param: [64, 2048, 4096, 4, 1024, 16]
SK_cost: [38251715825.333336, [2994342.5555555555, 11844705, 757567868, 845249, 749763260, 5151415969]] [4309317324.0, [333423.0, 1333359, 85328280, 86895, 85328280, 566627439]] [316116360, [26250, 104010, 6246800, 13130, 6246800, 24883210]] [5737566960, [446500, 1782996, 113701904, 38684, 113701904, 874356756]] [2237610120, [175110, 696326, 44335128, 19654, 44335128, 348258310]] [309927821070.0, [23976942.0, 95907291, 6138011769, 5340891, 6138011769, 42262374363]] [14066956540.0, [1114576.0, 4373279, 278760800, 474631, 265784672, 1747480083]]
Model_cost: [32592879846.0, [7475.75, 10600225, 668963196, 5323873, 49399997, 389026]] [4265225676.0, [29511.0, 1333359, 85328280, 86895, 77870232, 1216827]] [313599360.0, [31.25, 104010, 6246800, 13130, 6246800, 12289610]] [5305240480.0, [9976.5, 1680596, 106001424, 38684, 103508112, 3704261798]] [1702547144.0, [1416.0, 547334, 34713624, 288006, 7767768, 60762]] [307624648998.0, [4077.0, 95907291, 6138011769, 5340891, 6137123253, 95897391]] [1636293780.0, [480.25, 522783, 32837664, 108423, 25504800, 387155]]
Arch_Param: [64, 2048, 4096, 8, 256, 16]
SK_cost: [20618868754.666668, [1606836.7777777778, 25429668, 406835900, 451588, 402934460, 2769252001]] [4325316300.0, [333423.0, 5333103, 85328280, 86895, 85328280, 566627439]] [317263320, [26250, 390430, 6246800, 13150, 6246800, 24883210]] [5758863672, [446500, 7106374, 113701904, 38734, 113701904, 874356756]] [1122959496, [87558, 1386502, 22167576, 9830, 22167576, 174129158]] [311078697438.0, [23976942.0, 383626383, 6138011769, 5340891, 6138011769, 42262374363]] [12001887256.0, [938704.0, 14813302, 236846432, 329310, 231406944, 1551650323]]
Model_cost: [17609684380.666664, [4003.527777777778, 22447780, 359125692, 2854308, 49399997, 401314]] [4281224652.0, [29511.0, 5333103, 85328280, 86895, 77870232, 4866975]] [314746200.0, [30.0, 390430, 6246800, 13150, 6246800, 390410]] [5325062512.0, [9975.25, 6635334, 106001424, 38734, 103508112, 3692367452]] [862816456.0, [712.0, 1085830, 17373208, 139910, 7768280, 60826]] [308775525366.0, [4077.0, 383626383, 6138011769, 5340891, 6137123253, 383574903]] [1431467936.0, [346.75, 1783542, 28515872, 63710, 25730592, 1603155]]
Arch_Param: [64, 2048, 4096, 8, 512, 16]
SK_cost: [20568010310.666668, [1606836.7777777778, 12715105, 406835900, 451585, 402934460, 2769252001]] [4314650316.0, [333423.0, 2666607, 85328280, 86895, 85328280, 566627439]] [316481840, [26250, 195220, 6246800, 13140, 6246800, 24883210]] [5744649024, [446500, 3553192, 113701904, 38704, 113701904, 874356756]] [1120190600, [87558, 694278, 22167576, 9830, 22167576, 174129158]] [310311446526.0, [23976942.0, 191813655, 6138011769, 5340891, 6138011769, 42262374363]] [11972256876.0, [938704.0, 7406651, 236846432, 329251, 231406944, 1551650323]]
Model_cost: [17564789712.666664, [4003.527777777778, 11224161, 359125692, 2854305, 49399997, 393122]] [4270558668.0, [29511.0, 2666607, 85328280, 86895, 77870232, 2433543]] [313964720.0, [30.0, 195220, 6246800, 13140, 6246800, 195210]] [5311830904.0, [9975.25, 3327912, 106001424, 38704, 103508112, 3692169016]] [860670664.0, [712.0, 549382, 17373208, 139910, 7768280, 60826]] [308008274454.0, [4077.0, 191813655, 6138011769, 5340891, 6137123253, 191789895]] [1427855092.0, [346.75, 891771, 28515872, 70051, 25504800, 761171]]
Arch_Param: [64, 2048, 4096, 8, 1024, 16]
SK_cost: [20542593606.666668, [1606836.7777777778, 6360929, 406835900, 451585, 402934460, 2769252001]] [4309317324.0, [333423.0, 1333359, 85328280, 86895, 85328280, 566627439]] [316116360, [26250, 104010, 6246800, 13130, 6246800, 24883210]] [5737566960, [446500, 1782996, 113701904, 38684, 113701904, 874356756]] [1118806152, [87558, 348166, 22167576, 9830, 22167576, 174129158]] [309927821070.0, [23976942.0, 95907291, 6138011769, 5340891, 6138011769, 42262374363]] [11957467388.0, [938704.0, 3709727, 236846432, 329223, 231406944, 1551650323]]
Model_cost: [17542635984.666664, [4003.527777777778, 5685729, 359125692, 2854305, 49399997, 389026]] [4265225676.0, [29511.0, 1333359, 85328280, 86895, 77870232, 1216827]] [313599360.0, [31.25, 104010, 6246800, 13130, 6246800, 12289610]] [5305240480.0, [9976.5, 1680596, 106001424, 38684, 103508112, 3704261798]] [859042408.0, [711.0, 273670, 17356824, 144006, 7767768, 60762]] [307624648998.0, [4077.0, 95907291, 6138011769, 5340891, 6137123253, 95897391]] [1425884292.0, [346.75, 450719, 28515872, 66823, 25504800, 387155]]
Arch_Param: [64, 2048, 4096, 16, 256, 16]
SK_cost: [11734286354.666666, [913375.4444444445, 14471844, 231526076, 254884, 229575356, 1578446497]] [4325316300.0, [333423.0, 5333103, 85328280, 86895, 85328280, 566627439]] [317263320, [26250, 390430, 6246800, 13150, 6246800, 24883210]] [5758863672, [446500, 7106374, 113701904, 38734, 113701904, 874356756]] [561480840, [43782, 693254, 11083800, 4918, 11083800, 87064582]] [311078697438.0, [23976942.0, 383626383, 6138011769, 5340891, 6138011769, 42262374363]] [10943210520.0, [850768.0, 13498486, 215889248, 256606, 214218080, 1453735443]]
Model_cost: [10058405660.666668, [2258.1944444444443, 12767908, 204263100, 1620132, 49399997, 401314]] [4281224652.0, [29511.0, 5333103, 85328280, 86895, 77870232, 4866975]] [314746200.0, [30.0, 390430, 6246800, 13150, 6246800, 390410]] [5325062512.0, [9975.25, 6635334, 106001424, 38734, 103508112, 3692367452]] [435589480.0, [359.0, 542918, 8686616, 13894, 7768280, 476570]] [308775525366.0, [4077.0, 383626383, 6138011769, 5340891, 6137123253, 383574903]] [1325319320.0, [280.0, 1647862, 26354976, 37918, 25617696, 1599571]]
Arch_Param: [64, 2048, 4096, 16, 512, 16]
SK_cost: [11705343558.666666, [913375.4444444445, 7236193, 231526076, 254881, 229575356, 1578446497]] [4314650316.0, [333423.0, 2666607, 85328280, 86895, 85328280, 566627439]] [316481840, [26250, 195220, 6246800, 13140, 6246800, 24883210]] [5744649024, [446500, 3553192, 113701904, 38704, 113701904, 874356756]] [560096392, [43782, 347142, 11083800, 4918, 11083800, 87064582]] [310311446526.0, [23976942.0, 191813655, 6138011769, 5340891, 6138011769, 42262374363]] [10916209772.0, [850768.0, 6749243, 215889248, 256547, 214218080, 1453735443]]
Model_cost: [10032870736.666668, [2258.1944444444443, 6384225, 204263100, 1620129, 49399997, 393122]] [4270558668.0, [29511.0, 2666607, 85328280, 86895, 77870232, 2433543]] [313964720.0, [30.0, 195220, 6246800, 13140, 6246800, 195210]] [5311830904.0, [9975.25, 3327912, 106001424, 38704, 103508112, 3692169016]] [434516584.0, [359.0, 274694, 8686616, 13894, 7768280, 239002]] [308008274454.0, [4077.0, 191813655, 6138011769, 5340891, 6137123253, 191789895]] [1322007020.0, [280.0, 823931, 26354976, 41187, 25504800, 791891]]
Arch_Param: [64, 2048, 4096, 16, 1024, 16]
SK_cost: [11690878534.666666, [913375.4444444445, 3619937, 231526076, 254881, 229575356, 1578446497]] [4309317324.0, [333423.0, 1333359, 85328280, 86895, 85328280, 566627439]] [316116360, [26250, 104010, 6246800, 13130, 6246800, 24883210]] [5737566960, [446500, 1782996, 113701904, 38684, 113701904, 874356756]] [559404168, [43782, 174086, 11083800, 4918, 11083800, 87064582]] [309927821070.0, [23976942.0, 95907291, 6138011769, 5340891, 6138011769, 42262374363]] [10902722812.0, [850768.0, 3377951, 215889248, 256519, 214218080, 1453735443]]
Model_cost: [10020252496.666668, [2258.1944444444443, 3229665, 204263100, 1620129, 49399997, 389026]] [4265225676.0, [29511.0, 1333359, 85328280, 86895, 77870232, 1216827]] [313599360.0, [31.25, 104010, 6246800, 13130, 6246800, 12289610]] [5305240480.0, [9976.5, 1680596, 106001424, 38684, 103508112, 3704261798]] [433701992.0, [359.0, 136838, 8678424, 15942, 7767768, 120154]] [307624648998.0, [4077.0, 95907291, 6138011769, 5340891, 6137123253, 95897391]] [1320261756.0, [280.0, 414687, 26354976, 39495, 25504800, 397395]]
Arch_Param: [64, 2048, 4096, 32, 256, 16]
SK_cost: [5883756562.666667, [458100.77777777775, 7256228, 116083900, 128868, 115239612, 790367905]] [4325316300.0, [333423.0, 5333103, 85328280, 86895, 85328280, 566627439]] [317263320, [26250, 390430, 6246800, 13150, 6246800, 24883210]] [5758863672, [446500, 7106374, 113701904, 38734, 113701904, 874356756]] [532997768, [41350, 657926, 10522648, 4126, 10522648, 83378182]] [311078697438.0, [23976942.0, 383626383, 6138011769, 5340891, 6138011769, 42262374363]] [10721385496.0, [830032.0, 13222006, 211505504, 228958, 210948448, 1441887763]]
Model_cost: [5094249772.666666, [1165.0277777777778, 6404260, 102452412, 812580, 49399997, 401314]] [4281224652.0, [29511.0, 5333103, 85328280, 86895, 77870232, 4866975]] [314746200.0, [30.0, 390430, 6246800, 13150, 6246800, 390410]] [5325062512.0, [9975.25, 6635334, 106001424, 38734, 103508112, 3692367452]] [409080072.0, [255.33333333333334, 509030, 8144408, 8614, 7768280, 476570]] [308775525366.0, [4077.0, 383626383, 6138011769, 5340891, 6137123253, 383574903]] [1298386056.0, [250.5, 1613302, 25807008, 32030, 25561248, 1599571]]
Arch_Param: [64, 2048, 4096, 32, 512, 16]
SK_cost: [5869244998.666667, [458100.77777777775, 3628385, 116083900, 128865, 115239612, 790367905]] [4314650316.0, [333423.0, 2666607, 85328280, 86895, 85328280, 566627439]] [316481840, [26250, 195220, 6246800, 13140, 6246800, 24883210]] [5744649024, [446500, 3553192, 113701904, 38704, 113701904, 874356756]] [531682952, [41350, 329222, 10522648, 4126, 10522648, 83378182]] [310311446526.0, [23976942.0, 191813655, 6138011769, 5340891, 6138011769, 42262374363]] [10694937708.0, [830032.0, 6611003, 211505504, 228899, 210948448, 1441887763]]
Model_cost: [5081442144.666666, [1165.0277777777778, 3202401, 102452412, 812577, 49399997, 393122]] [4270558668.0, [29511.0, 2666607, 85328280, 86895, 77870232, 2433543]] [313964720.0, [30.0, 195220, 6246800, 13140, 6246800, 195210]] [5311830904.0, [9975.25, 3327912, 106001424, 38704, 103508112, 3692169016]] [408068488.0, [255.33333333333334, 256134, 8144408, 8614, 7768280, 239002]] [308008274454.0, [4077.0, 191813655, 6138011769, 5340891, 6137123253, 191789895]] [1295155676.0, [250.5, 806651, 25807008, 31971, 25561248, 810579]]
Arch_Param: [64, 2048, 4096, 32, 1024, 16]
SK_cost: [5861992518.666667, [458100.77777777775, 1815265, 116083900, 128865, 115239612, 790367905]] [4309317324.0, [333423.0, 1333359, 85328280, 86895, 85328280, 566627439]] [316116360, [26250, 104010, 6246800, 13130, 6246800, 24883210]] [5737566960, [446500, 1782996, 113701904, 38684, 113701904, 874356756]] [531025544, [41350, 164870, 10522648, 4126, 10522648, 83378182]] [309927821070.0, [23976942.0, 95907291, 6138011769, 5340891, 6138011769, 42262374363]] [10681721084.0, [830032.0, 3307295, 211505504, 228871, 210948448, 1441887763]]
Model_cost: [5075115360.666666, [1165.0277777777778, 1620705, 102452412, 812577, 49399997, 389026]] [4265225676.0, [29511.0, 1333359, 85328280, 86895, 77870232, 1216827]] [313599360.0, [31.25, 104010, 6246800, 13130, 6246800, 12289610]] [5305240480.0, [9976.5, 1680596, 106001424, 38684, 103508112, 3704261798]] [407423080.0, [255.0, 127814, 8140312, 9638, 7767768, 120154]] [307624648998.0, [4077.0, 95907291, 6138011769, 5340891, 6137123253, 95897391]] [1293490540.0, [250.5, 404703, 25807008, 32839, 25504800, 397395]]
Arch_Param: [64, 2048, 2048, 4, 256, 16]
SK_cost: [38676754472.0, [5942341.0, 47352356, 757567868, 845252, 749763260, 5151415969]] [4357314252.0, [666735.0, 5333103, 85328280, 86895, 85328280, 566627439]] [319751640, [52170, 390430, 6246800, 13150, 6246800, 24883210]] [5801615160, [891828, 7106374, 113701904, 38734, 113701904, 874356756]] [2262726792, [350214, 2772998, 44335128, 19654, 44335128, 348258310]] [313380468606.0, [47953725.0, 383626383, 6138011769, 5340891, 6138011769, 42262374363]] [14224321848.0, [2209171.0, 17442934, 278760800, 474718, 265784672, 1747480083]]
Model_cost: [32718450074.0, [14899.5, 41814564, 668963196, 5323876, 49399997, 401314]] [4284047052.0, [58911.0, 5333103, 85328280, 86895, 77870232, 4866975]] [314748120.0, [50.0, 390430, 6246800, 13150, 6246800, 390410]] [5326018216.0, [19930.5, 6635334, 106001424, 38734, 103508112, 3692367452]] [1710229768.0, [2830.0, 2171654, 34746392, 279814, 7768280, 60826]] [308775901494.0, [7995.0, 383626383, 6138011769, 5340891, 6137123253, 383574903]] [1642974344.0, [946.5, 2054902, 32837664, 102238, 25956384, 1527891]]
Arch_Param: [64, 2048, 2048, 4, 512, 16]
SK_cost: [38582050652.0, [5942341.0, 23676449, 757567868, 845249, 749763260, 5151415969]] [4346648268.0, [666735.0, 2666607, 85328280, 86895, 85328280, 566627439]] [318970160, [52170, 195220, 6246800, 13140, 6246800, 24883210]] [5787400512, [891828, 3553192, 113701904, 38704, 113701904, 874356756]] [2257189000, [350214, 1388550, 44335128, 19654, 44335128, 348258310]] [312613217694.0, [47953725.0, 191813655, 6138011769, 5340891, 6138011769, 42262374363]] [14189432204.0, [2209171.0, 8721467, 278760800, 474659, 265784672, 1747480083]]
Model_cost: [32634821838.0, [14899.5, 20907553, 668963196, 5323873, 49399997, 393122]] [4273381068.0, [58911.0, 2666607, 85328280, 86895, 77870232, 2433543]] [313966640.0, [50.0, 195220, 6246800, 13140, 6246800, 195210]] [5312786608.0, [19930.5, 3327912, 106001424, 38704, 103508112, 3692169016]] [1705938184.0, [2830.0, 1098758, 34746392, 279814, 7768280, 60826]] [308008650582.0, [7995.0, 191813655, 6138011769, 5340891, 6137123253, 191789895]] [1638760412.0, [946.5, 1027451, 32837664, 114723, 25504800, 761171]]
Arch_Param: [64, 2048, 2048, 4, 1024, 16]
SK_cost: [38534723676.0, [5942341.0, 11844705, 757567868, 845249, 749763260, 5151415969]] [4341315276.0, [666735.0, 1333359, 85328280, 86895, 85328280, 566627439]] [318604680, [52170, 104010, 6246800, 13130, 6246800, 24883210]] [5780318448, [891828, 1782996, 113701904, 38684, 113701904, 874356756]] [2254420104, [350214, 696326, 44335128, 19654, 44335128, 348258310]] [312229592238.0, [47953725.0, 95907291, 6138011769, 5340891, 6138011769, 42262374363]] [14172037660.0, [2209171.0, 4373279, 278760800, 474631, 265784672, 1747480083]]
Model_cost: [32593592526.0, [14899.5, 10600225, 668963196, 5323873, 49399997, 389026]] [4268048076.0, [58911.0, 1333359, 85328280, 86895, 77870232, 1216827]] [313601400.0, [52.5, 104010, 6246800, 13130, 6246800, 12289610]] [5306196304.0, [19933.0, 1680596, 106001424, 38684, 103508112, 3704261798]] [1702682504.0, [2826.0, 547334, 34713624, 288006, 7767768, 60762]] [307625025126.0, [7995.0, 95907291, 6138011769, 5340891, 6137123253, 95897391]] [1636338540.0, [946.5, 522783, 32837664, 108423, 25504800, 387155]]
Arch_Param: [64, 2048, 2048, 8, 256, 16]
SK_cost: [20770889768.0, [3190389.0, 25429668, 406835900, 451588, 402934460, 2769252001]] [4357314252.0, [666735.0, 5333103, 85328280, 86895, 85328280, 566627439]] [319751640, [52170, 390430, 6246800, 13150, 6246800, 24883210]] [5801615160, [891828, 7106374, 113701904, 38734, 113701904, 874356756]] [1131364488, [175110, 1386502, 22167576, 9830, 22167576, 174129158]] [313380468606.0, [47953725.0, 383626383, 6138011769, 5340891, 6138011769, 42262374363]] [12090969400.0, [1866643.0, 14813302, 236846432, 329310, 231406944, 1551650323]]
Model_cost: [17610062618.0, [7943.5, 22447780, 359125692, 2854308, 49399997, 401314]] [4284047052.0, [58911.0, 5333103, 85328280, 86895, 77870232, 4866975]] [314748120.0, [50.0, 390430, 6246800, 13150, 6246800, 390410]] [5326018216.0, [19930.5, 6635334, 106001424, 38734, 103508112, 3692367452]] [862884232.0, [1418.0, 1085830, 17373208, 139910, 7768280, 60826]] [308775901494.0, [7995.0, 383626383, 6138011769, 5340891, 6137123253, 383574903]] [1431499880.0, [679.5, 1783542, 28515872, 63710, 25730592, 1527891]]
Arch_Param: [64, 2048, 2048, 8, 512, 16]
SK_cost: [20720031324.0, [3190389.0, 12715105, 406835900, 451585, 402934460, 2769252001]] [4346648268.0, [666735.0, 2666607, 85328280, 86895, 85328280, 566627439]] [318970160, [52170, 195220, 6246800, 13140, 6246800, 24883210]] [5787400512, [891828, 3553192, 113701904, 38704, 113701904, 874356756]] [1128595592, [175110, 694278, 22167576, 9830, 22167576, 174129158]] [312613217694.0, [47953725.0, 191813655, 6138011769, 5340891, 6138011769, 42262374363]] [12061339020.0, [1866643.0, 7406651, 236846432, 329251, 231406944, 1551650323]]
Model_cost: [17565167950.0, [7943.5, 11224161, 359125692, 2854305, 49399997, 393122]] [4273381068.0, [58911.0, 2666607, 85328280, 86895, 77870232, 2433543]] [313966640.0, [50.0, 195220, 6246800, 13140, 6246800, 195210]] [5312786608.0, [19930.5, 3327912, 106001424, 38704, 103508112, 3692169016]] [860738440.0, [1418.0, 549382, 17373208, 139910, 7768280, 60826]] [308008650582.0, [7995.0, 191813655, 6138011769, 5340891, 6137123253, 191789895]] [1427887036.0, [679.5, 891771, 28515872, 70051, 25504800, 761171]]
Arch_Param: [64, 2048, 2048, 8, 1024, 16]
SK_cost: [20694614620.0, [3190389.0, 6360929, 406835900, 451585, 402934460, 2769252001]] [4341315276.0, [666735.0, 1333359, 85328280, 86895, 85328280, 566627439]] [318604680, [52170, 104010, 6246800, 13130, 6246800, 24883210]] [5780318448, [891828, 1782996, 113701904, 38684, 113701904, 874356756]] [1127211144, [175110, 348166, 22167576, 9830, 22167576, 174129158]] [312229592238.0, [47953725.0, 95907291, 6138011769, 5340891, 6138011769, 42262374363]] [12046549532.0, [1866643.0, 3709727, 236846432, 329223, 231406944, 1551650323]]
Model_cost: [17543014222.0, [7943.5, 5685729, 359125692, 2854305, 49399997, 389026]] [4268048076.0, [58911.0, 1333359, 85328280, 86895, 77870232, 1216827]] [313601400.0, [52.5, 104010, 6246800, 13130, 6246800, 12289610]] [5306196304.0, [19933.0, 1680596, 106001424, 38684, 103508112, 3704261798]] [859110088.0, [1416.0, 273670, 17356824, 144006, 7767768, 60762]] [307625025126.0, [7995.0, 95907291, 6138011769, 5340891, 6137123253, 95897391]] [1425916236.0, [679.5, 450719, 28515872, 66823, 25504800, 387155]]
Arch_Param: [64, 2048, 2048, 16, 256, 16]
SK_cost: [11820832808.0, [1814901.0, 14471844, 231526076, 254884, 229575356, 1578446497]] [4357314252.0, [666735.0, 5333103, 85328280, 86895, 85328280, 566627439]] [319751640, [52170, 390430, 6246800, 13150, 6246800, 24883210]] [5801615160, [891828, 7106374, 113701904, 38734, 113701904, 874356756]] [565683336, [87558, 693254, 11083800, 4918, 11083800, 87064582]] [313380468606.0, [47953725.0, 383626383, 6138011769, 5340891, 6138011769, 42262374363]] [11024293176.0, [1695379.0, 13498486, 215889248, 256606, 214218080, 1453735443]]
Model_cost: [10058618138.0, [4471.5, 12767908, 204263100, 1620132, 49399997, 401314]] [4284047052.0, [58911.0, 5333103, 85328280, 86895, 77870232, 4866975]] [314748120.0, [50.0, 390430, 6246800, 13150, 6246800, 390410]] [5326018216.0, [19930.5, 6635334, 106001424, 38734, 103508112, 3692367452]] [435623368.0, [712.0, 542918, 8686616, 13894, 7768280, 476570]] [308775901494.0, [7995.0, 383626383, 6138011769, 5340891, 6137123253, 383574903]] [1325343128.0, [528.0, 1647862, 26354976, 37918, 25617696, 1599571]]
Arch_Param: [64, 2048, 2048, 16, 512, 16]
SK_cost: [11791890012.0, [1814901.0, 7236193, 231526076, 254881, 229575356, 1578446497]] [4346648268.0, [666735.0, 2666607, 85328280, 86895, 85328280, 566627439]] [318970160, [52170, 195220, 6246800, 13140, 6246800, 24883210]] [5787400512, [891828, 3553192, 113701904, 38704, 113701904, 874356756]] [564298888, [87558, 347142, 11083800, 4918, 11083800, 87064582]] [312613217694.0, [47953725.0, 191813655, 6138011769, 5340891, 6138011769, 42262374363]] [10997292428.0, [1695379.0, 6749243, 215889248, 256547, 214218080, 1453735443]]
Model_cost: [10033083214.0, [4471.5, 6384225, 204263100, 1620129, 49399997, 393122]] [4273381068.0, [58911.0, 2666607, 85328280, 86895, 77870232, 2433543]] [313966640.0, [50.0, 195220, 6246800, 13140, 6246800, 195210]] [5312786608.0, [19930.5, 3327912, 106001424, 38704, 103508112, 3692169016]] [434550472.0, [712.0, 274694, 8686616, 13894, 7768280, 239002]] [308008650582.0, [7995.0, 191813655, 6138011769, 5340891, 6137123253, 191789895]] [1322030828.0, [528.0, 823931, 26354976, 41187, 25504800, 791891]]
Arch_Param: [64, 2048, 2048, 16, 1024, 16]
SK_cost: [11777424988.0, [1814901.0, 3619937, 231526076, 254881, 229575356, 1578446497]] [4341315276.0, [666735.0, 1333359, 85328280, 86895, 85328280, 566627439]] [318604680, [52170, 104010, 6246800, 13130, 6246800, 24883210]] [5780318448, [891828, 1782996, 113701904, 38684, 113701904, 874356756]] [563606664, [87558, 174086, 11083800, 4918, 11083800, 87064582]] [312229592238.0, [47953725.0, 95907291, 6138011769, 5340891, 6138011769, 42262374363]] [10983805468.0, [1695379.0, 3377951, 215889248, 256519, 214218080, 1453735443]]
Model_cost: [10020464974.0, [4471.5, 3229665, 204263100, 1620129, 49399997, 389026]] [4268048076.0, [58911.0, 1333359, 85328280, 86895, 77870232, 1216827]] [313601400.0, [52.5, 104010, 6246800, 13130, 6246800, 12289610]] [5306196304.0, [19933.0, 1680596, 106001424, 38684, 103508112, 3704261798]] [433735784.0, [711.0, 136838, 8678424, 15942, 7767768, 120154]] [307625025126.0, [7995.0, 95907291, 6138011769, 5340891, 6137123253, 95897391]] [1320285564.0, [528.0, 414687, 26354976, 39495, 25504800, 397395]]
Arch_Param: [64, 2048, 2048, 32, 256, 16]
SK_cost: [5927145512.0, [910069.0, 7256228, 116083900, 128868, 115239612, 790367905]] [4357314252.0, [666735.0, 5333103, 85328280, 86895, 85328280, 566627439]] [319751640, [52170, 390430, 6246800, 13150, 6246800, 24883210]] [5801615160, [891828, 7106374, 113701904, 38734, 113701904, 874356756]] [536966792, [82694, 657926, 10522648, 4126, 10522648, 83378182]] [313380468606.0, [47953725.0, 383626383, 6138011769, 5340891, 6138011769, 42262374363]] [10800772408.0, [1656979.0, 13222006, 211505504, 228958, 210948448, 1441887763]]
Model_cost: [5094357338.0, [2285.5, 6404260, 102452412, 812580, 49399997, 401314]] [4284047052.0, [58911.0, 5333103, 85328280, 86895, 77870232, 4866975]] [314748120.0, [50.0, 390430, 6246800, 13150, 6246800, 390410]] [5326018216.0, [19930.5, 6635334, 106001424, 38734, 103508112, 3692367452]] [409101160.0, [475.0, 509030, 8144408, 8614, 7768280, 476570]] [308775901494.0, [7995.0, 383626383, 6138011769, 5340891, 6137123253, 383574903]] [1298408760.0, [487.0, 1613302, 25807008, 32030, 25561248, 1599571]]
Arch_Param: [64, 2048, 2048, 32, 512, 16]
SK_cost: [5912633948.0, [910069.0, 3628385, 116083900, 128865, 115239612, 790367905]] [4346648268.0, [666735.0, 2666607, 85328280, 86895, 85328280, 566627439]] [318970160, [52170, 195220, 6246800, 13140, 6246800, 24883210]] [5787400512, [891828, 3553192, 113701904, 38704, 113701904, 874356756]] [535651976, [82694, 329222, 10522648, 4126, 10522648, 83378182]] [312613217694.0, [47953725.0, 191813655, 6138011769, 5340891, 6138011769, 42262374363]] [10774324620.0, [1656979.0, 6611003, 211505504, 228899, 210948448, 1441887763]]
Model_cost: [5081549710.0, [2285.5, 3202401, 102452412, 812577, 49399997, 393122]] [4273381068.0, [58911.0, 2666607, 85328280, 86895, 77870232, 2433543]] [313966640.0, [50.0, 195220, 6246800, 13140, 6246800, 195210]] [5312786608.0, [19930.5, 3327912, 106001424, 38704, 103508112, 3692169016]] [408089576.0, [475.0, 256134, 8144408, 8614, 7768280, 239002]] [308008650582.0, [7995.0, 191813655, 6138011769, 5340891, 6137123253, 191789895]] [1295178380.0, [487.0, 806651, 25807008, 31971, 25561248, 810579]]
Arch_Param: [64, 2048, 2048, 32, 1024, 16]
SK_cost: [5905381468.0, [910069.0, 1815265, 116083900, 128865, 115239612, 790367905]] [4341315276.0, [666735.0, 1333359, 85328280, 86895, 85328280, 566627439]] [318604680, [52170, 104010, 6246800, 13130, 6246800, 24883210]] [5780318448, [891828, 1782996, 113701904, 38684, 113701904, 874356756]] [534994568, [82694, 164870, 10522648, 4126, 10522648, 83378182]] [312229592238.0, [47953725.0, 95907291, 6138011769, 5340891, 6138011769, 42262374363]] [10761107996.0, [1656979.0, 3307295, 211505504, 228871, 210948448, 1441887763]]
Model_cost: [5075222926.0, [2285.5, 1620705, 102452412, 812577, 49399997, 389026]] [4268048076.0, [58911.0, 1333359, 85328280, 86895, 77870232, 1216827]] [313601400.0, [52.5, 104010, 6246800, 13130, 6246800, 12289610]] [5306196304.0, [19933.0, 1680596, 106001424, 38684, 103508112, 3704261798]] [407444200.0, [475.0, 127814, 8140312, 9638, 7767768, 120154]] [307625025126.0, [7995.0, 95907291, 6138011769, 5340891, 6137123253, 95897391]] [1293513244.0, [487.0, 404703, 25807008, 32839, 25504800, 397395]]
Arch_Param: [64, 2048, 1024, 4, 256, 16]
SK_cost: [39242737064.0, [11837993.0, 47352356, 757567868, 845252, 749763260, 5151415969]] [4421310156.0, [1333359.0, 5333103, 85328280, 86895, 85328280, 566627439]] [324728280, [104010, 390430, 6246800, 13150, 6246800, 24883210]] [5887167288, [1782996, 7106374, 113701904, 38734, 113701904, 874356756]] [2295953544, [696326, 2772998, 44335128, 19654, 44335128, 348258310]] [317984010942.0, [95907291.0, 383626383, 6138011769, 5340891, 6138011769, 42262374363]] [14432076216.0, [4373279.0, 17442934, 278760800, 474718, 265784672, 1747480083]]
Model_cost: [32719876106.0, [29754.0, 41814564, 668963196, 5323876, 49399997, 401314]] [4289691852.0, [117711.0, 5333103, 85328280, 86895, 77870232, 4866975]] [314751960.0, [90.0, 390430, 6246800, 13150, 6246800, 390410]] [5327928664.0, [39831.0, 6635334, 106001424, 38734, 103508112, 3692367452]] [1710500872, [5654, 2171654, 34746392, 279814, 7768280, 60826]] [308776653750.0, [15831.0, 383626383, 6138011769, 5340891, 6137123253, 383574903]] [1643064440.0, [1885.0, 2054902, 32837664, 102238, 25956384, 1527891]]
Arch_Param: [64, 2048, 1024, 4, 512, 16]
SK_cost: [39148033244.0, [11837993.0, 23676449, 757567868, 845249, 749763260, 5151415969]] [4410644172.0, [1333359.0, 2666607, 85328280, 86895, 85328280, 566627439]] [323946800, [104010, 195220, 6246800, 13140, 6246800, 24883210]] [5872952640, [1782996, 3553192, 113701904, 38704, 113701904, 874356756]] [2290415752, [696326, 1388550, 44335128, 19654, 44335128, 348258310]] [317216760030.0, [95907291.0, 191813655, 6138011769, 5340891, 6138011769, 42262374363]] [14397186572.0, [4373279.0, 8721467, 278760800, 474659, 265784672, 1747480083]]
Model_cost: [32636247870.0, [29754.0, 20907553, 668963196, 5323873, 49399997, 393122]] [4279025868.0, [117711.0, 2666607, 85328280, 86895, 77870232, 2433543]] [313970480.0, [90.0, 195220, 6246800, 13140, 6246800, 195210]] [5314697056.0, [39831.0, 3327912, 106001424, 38704, 103508112, 3692169016]] [1706209288, [5654, 1098758, 34746392, 279814, 7768280, 60826]] [308009402838.0, [15831.0, 191813655, 6138011769, 5340891, 6137123253, 191789895]] [1638850508.0, [1885.0, 1027451, 32837664, 114723, 25504800, 761171]]
Arch_Param: [64, 2048, 1024, 4, 1024, 16]
SK_cost: [39100706268.0, [11837993.0, 11844705, 757567868, 845249, 749763260, 5151415969]] [4405311180.0, [1333359.0, 1333359, 85328280, 86895, 85328280, 566627439]] [323581320, [104010, 104010, 6246800, 13130, 6246800, 24883210]] [5865870576, [1782996, 1782996, 113701904, 38684, 113701904, 874356756]] [2287646856, [696326, 696326, 44335128, 19654, 44335128, 348258310]] [316833134574.0, [95907291.0, 95907291, 6138011769, 5340891, 6138011769, 42262374363]] [14379792028.0, [4373279.0, 4373279, 278760800, 474631, 265784672, 1747480083]]
Model_cost: [32595018558.0, [29754.0, 10600225, 668963196, 5323873, 49399997, 389026]] [4273692876.0, [117711.0, 1333359, 85328280, 86895, 77870232, 1216827]] [313605480.0, [95.0, 104010, 6246800, 13130, 6246800, 12289610]] [5308106992.0, [39836.0, 1680596, 106001424, 38684, 103508112, 3704261798]] [1702953224, [5646, 547334, 34713624, 288006, 7767768, 60762]] [307625777382.0, [15831.0, 95907291, 6138011769, 5340891, 6137123253, 95897391]] [1636428636.0, [1885.0, 522783, 32837664, 108423, 25504800, 387155]]
Arch_Param: [64, 2048, 1024, 8, 256, 16]
SK_cost: [21074915240.0, [6357321.0, 25429668, 406835900, 451588, 402934460, 2769252001]] [4421310156.0, [1333359.0, 5333103, 85328280, 86895, 85328280, 566627439]] [324728280, [104010, 390430, 6246800, 13150, 6246800, 24883210]] [5887167288, [1782996, 7106374, 113701904, 38734, 113701904, 874356756]] [1147977864, [348166, 1386502, 22167576, 9830, 22167576, 174129158]] [317984010942.0, [95907291.0, 383626383, 6138011769, 5340891, 6138011769, 42262374363]] [12267905464.0, [3709727.0, 14813302, 236846432, 329310, 231406944, 1551650323]]
Model_cost: [17610821930.0, [15853.0, 22447780, 359125692, 2854308, 49399997, 401314]] [4289691852.0, [117711.0, 5333103, 85328280, 86895, 77870232, 4866975]] [314751960.0, [90.0, 390430, 6246800, 13150, 6246800, 390410]] [5327928664.0, [39831.0, 6635334, 106001424, 38734, 103508112, 3692367452]] [863019784, [2830, 1085830, 17373208, 139910, 7768280, 60826]] [308776653750.0, [15831.0, 383626383, 6138011769, 5340891, 6137123253, 383574903]] [1431562712.0, [1334.0, 1783542, 28515872, 63710, 25730592, 1527891]]
Arch_Param: [64, 2048, 1024, 8, 512, 16]
SK_cost: [21024056796.0, [6357321.0, 12715105, 406835900, 451585, 402934460, 2769252001]] [4410644172.0, [1333359.0, 2666607, 85328280, 86895, 85328280, 566627439]] [323946800, [104010, 195220, 6246800, 13140, 6246800, 24883210]] [5872952640, [1782996, 3553192, 113701904, 38704, 113701904, 874356756]] [1145208968, [348166, 694278, 22167576, 9830, 22167576, 174129158]] [317216760030.0, [95907291.0, 191813655, 6138011769, 5340891, 6138011769, 42262374363]] [12238275084.0, [3709727.0, 7406651, 236846432, 329251, 231406944, 1551650323]]
Model_cost: [17565927262.0, [15853.0, 11224161, 359125692, 2854305, 49399997, 393122]] [4279025868.0, [117711.0, 2666607, 85328280, 86895, 77870232, 2433543]] [313970480.0, [90.0, 195220, 6246800, 13140, 6246800, 195210]] [5314697056.0, [39831.0, 3327912, 106001424, 38704, 103508112, 3692169016]] [860873992, [2830, 549382, 17373208, 139910, 7768280, 60826]] [308009402838.0, [15831.0, 191813655, 6138011769, 5340891, 6137123253, 191789895]] [1427949868.0, [1334.0, 891771, 28515872, 70051, 25504800, 761171]]
Arch_Param: [64, 2048, 1024, 8, 1024, 16]
SK_cost: [20998640092.0, [6357321.0, 6360929, 406835900, 451585, 402934460, 2769252001]] [4405311180.0, [1333359.0, 1333359, 85328280, 86895, 85328280, 566627439]] [323581320, [104010, 104010, 6246800, 13130, 6246800, 24883210]] [5865870576, [1782996, 1782996, 113701904, 38684, 113701904, 874356756]] [1143824520, [348166, 348166, 22167576, 9830, 22167576, 174129158]] [316833134574.0, [95907291.0, 95907291, 6138011769, 5340891, 6138011769, 42262374363]] [12223485596.0, [3709727.0, 3709727, 236846432, 329223, 231406944, 1551650323]]
Model_cost: [17543773534.0, [15853.0, 5685729, 359125692, 2854305, 49399997, 389026]] [4273692876.0, [117711.0, 1333359, 85328280, 86895, 77870232, 1216827]] [313605480.0, [95.0, 104010, 6246800, 13130, 6246800, 12289610]] [5308106992.0, [39836.0, 1680596, 106001424, 38684, 103508112, 3704261798]] [859245448, [2826, 273670, 17356824, 144006, 7767768, 60762]] [307625777382.0, [15831.0, 95907291, 6138011769, 5340891, 6137123253, 95897391]] [1425979068.0, [1334.0, 450719, 28515872, 66823, 25504800, 387155]]
Arch_Param: [64, 2048, 1024, 16, 256, 16]
SK_cost: [11993917352.0, [3617865.0, 14471844, 231526076, 254884, 229575356, 1578446497]] [4421310156.0, [1333359.0, 5333103, 85328280, 86895, 85328280, 566627439]] [324728280, [104010, 390430, 6246800, 13150, 6246800, 24883210]] [5887167288, [1782996, 7106374, 113701904, 38734, 113701904, 874356756]] [573990024, [174086, 693254, 11083800, 4918, 11083800, 87064582]] [317984010942.0, [95907291.0, 383626383, 6138011769, 5340891, 6138011769, 42262374363]] [11185820088.0, [3377951.0, 13498486, 215889248, 256606, 214218080, 1453735443]]
Model_cost: [10059044138.0, [8909.0, 12767908, 204263100, 1620132, 49399997, 401314]] [4289691852.0, [117711.0, 5333103, 85328280, 86895, 77870232, 4866975]] [314751960.0, [90.0, 390430, 6246800, 13150, 6246800, 390410]] [5327928664.0, [39831.0, 6635334, 106001424, 38734, 103508112, 3692367452]] [435691144.0, [1418.0, 542918, 8686616, 13894, 7768280, 476570]] [308776653750.0, [15831.0, 383626383, 6138011769, 5340891, 6137123253, 383574903]] [1325393144.0, [1049.0, 1647862, 26354976, 37918, 25617696, 1599571]]
Arch_Param: [64, 2048, 1024, 16, 512, 16]
SK_cost: [11964974556.0, [3617865.0, 7236193, 231526076, 254881, 229575356, 1578446497]] [4410644172.0, [1333359.0, 2666607, 85328280, 86895, 85328280, 566627439]] [323946800, [104010, 195220, 6246800, 13140, 6246800, 24883210]] [5872952640, [1782996, 3553192, 113701904, 38704, 113701904, 874356756]] [572605576, [174086, 347142, 11083800, 4918, 11083800, 87064582]] [317216760030.0, [95907291.0, 191813655, 6138011769, 5340891, 6138011769, 42262374363]] [11158819340.0, [3377951.0, 6749243, 215889248, 256547, 214218080, 1453735443]]
Model_cost: [10033509214.0, [8909.0, 6384225, 204263100, 1620129, 49399997, 393122]] [4279025868.0, [117711.0, 2666607, 85328280, 86895, 77870232, 2433543]] [313970480.0, [90.0, 195220, 6246800, 13140, 6246800, 195210]] [5314697056.0, [39831.0, 3327912, 106001424, 38704, 103508112, 3692169016]] [434618248.0, [1418.0, 274694, 8686616, 13894, 7768280, 239002]] [308009402838.0, [15831.0, 191813655, 6138011769, 5340891, 6137123253, 191789895]] [1322080844.0, [1049.0, 823931, 26354976, 41187, 25504800, 791891]]
Arch_Param: [64, 2048, 1024, 16, 1024, 16]
SK_cost: [11950509532.0, [3617865.0, 3619937, 231526076, 254881, 229575356, 1578446497]] [4405311180.0, [1333359.0, 1333359, 85328280, 86895, 85328280, 566627439]] [323581320, [104010, 104010, 6246800, 13130, 6246800, 24883210]] [5865870576, [1782996, 1782996, 113701904, 38684, 113701904, 874356756]] [571913352, [174086, 174086, 11083800, 4918, 11083800, 87064582]] [316833134574.0, [95907291.0, 95907291, 6138011769, 5340891, 6138011769, 42262374363]] [11145332380.0, [3377951.0, 3377951, 215889248, 256519, 214218080, 1453735443]]
Model_cost: [10020890974.0, [8909.0, 3229665, 204263100, 1620129, 49399997, 389026]] [4273692876.0, [117711.0, 1333359, 85328280, 86895, 77870232, 1216827]] [313605480.0, [95.0, 104010, 6246800, 13130, 6246800, 12289610]] [5308106992.0, [39836.0, 1680596, 106001424, 38684, 103508112, 3704261798]] [433803464.0, [1416.0, 136838, 8678424, 15942, 7767768, 120154]] [307625777382.0, [15831.0, 95907291, 6138011769, 5340891, 6137123253, 95897391]] [1320335580.0, [1049.0, 414687, 26354976, 39495, 25504800, 397395]]
Arch_Param: [64, 2048, 1024, 32, 256, 16]
SK_cost: [6013919144.0, [1813961.0, 7256228, 116083900, 128868, 115239612, 790367905]] [4421310156.0, [1333359.0, 5333103, 85328280, 86895, 85328280, 566627439]] [324728280, [104010, 390430, 6246800, 13150, 6246800, 24883210]] [5887167288, [1782996, 7106374, 113701904, 38734, 113701904, 874356756]] [544855688, [164870, 657926, 10522648, 4126, 10522648, 83378182]] [317984010942.0, [95907291.0, 383626383, 6138011769, 5340891, 6138011769, 42262374363]] [10959202744.0, [3307295.0, 13222006, 211505504, 228958, 210948448, 1441887763]]
Model_cost: [5094571754.0, [4519.0, 6404260, 102452412, 812580, 49399997, 401314]] [4289691852.0, [117711.0, 5333103, 85328280, 86895, 77870232, 4866975]] [314751960.0, [90.0, 390430, 6246800, 13150, 6246800, 390410]] [5327928664.0, [39831.0, 6635334, 106001424, 38734, 103508112, 3692367452]] [409146184.0, [944.0, 509030, 8144408, 8614, 7768280, 476570]] [308776653750.0, [15831.0, 383626383, 6138011769, 5340891, 6137123253, 383574903]] [1298453016.0, [948.0, 1613302, 25807008, 32030, 25561248, 1599571]]
Arch_Param: [64, 2048, 1024, 32, 512, 16]
SK_cost: [5999407580.0, [1813961.0, 3628385, 116083900, 128865, 115239612, 790367905]] [4410644172.0, [1333359.0, 2666607, 85328280, 86895, 85328280, 566627439]] [323946800, [104010, 195220, 6246800, 13140, 6246800, 24883210]] [5872952640, [1782996, 3553192, 113701904, 38704, 113701904, 874356756]] [543540872, [164870, 329222, 10522648, 4126, 10522648, 83378182]] [317216760030.0, [95907291.0, 191813655, 6138011769, 5340891, 6138011769, 42262374363]] [10932754956.0, [3307295.0, 6611003, 211505504, 228899, 210948448, 1441887763]]
Model_cost: [5081764126.0, [4519.0, 3202401, 102452412, 812577, 49399997, 393122]] [4279025868.0, [117711.0, 2666607, 85328280, 86895, 77870232, 2433543]] [313970480.0, [90.0, 195220, 6246800, 13140, 6246800, 195210]] [5314697056.0, [39831.0, 3327912, 106001424, 38704, 103508112, 3692169016]] [408134600.0, [944.0, 256134, 8144408, 8614, 7768280, 239002]] [308009402838.0, [15831.0, 191813655, 6138011769, 5340891, 6137123253, 191789895]] [1295222636.0, [948.0, 806651, 25807008, 31971, 25561248, 810579]]
Arch_Param: [64, 2048, 1024, 32, 1024, 16]
SK_cost: [5992155100.0, [1813961.0, 1815265, 116083900, 128865, 115239612, 790367905]] [4405311180.0, [1333359.0, 1333359, 85328280, 86895, 85328280, 566627439]] [323581320, [104010, 104010, 6246800, 13130, 6246800, 24883210]] [5865870576, [1782996, 1782996, 113701904, 38684, 113701904, 874356756]] [542883464, [164870, 164870, 10522648, 4126, 10522648, 83378182]] [316833134574.0, [95907291.0, 95907291, 6138011769, 5340891, 6138011769, 42262374363]] [10919538332.0, [3307295.0, 3307295, 211505504, 228871, 210948448, 1441887763]]
Model_cost: [5075437342.0, [4519.0, 1620705, 102452412, 812577, 49399997, 389026]] [4273692876.0, [117711.0, 1333359, 85328280, 86895, 77870232, 1216827]] [313605480.0, [95.0, 104010, 6246800, 13130, 6246800, 12289610]] [5308106992.0, [39836.0, 1680596, 106001424, 38684, 103508112, 3704261798]] [407489128.0, [943.0, 127814, 8140312, 9638, 7767768, 120154]] [307625777382.0, [15831.0, 95907291, 6138011769, 5340891, 6137123253, 95897391]] [1293557500.0, [948.0, 404703, 25807008, 32839, 25504800, 397395]]
