[[0, 0, 0, 0, 0, 0, 0, 0, 0, 0, 0], [0, 0, 0, 0, 0, 0, 0, 0, 0, 0, 0], [0, 0, 0, 0, 0, 0, 0, 0, 0, 0, 0], [0, 0, 0, 0, 0, 0, 0, 0, 0, 0, 0]]
Arch_Param: [32, 2048, 32768, 4, 256, 16]
SK_cost: [73471843028.95999, [717444.3433333333, 91214401, 1459298552, 1634145, 1443597496, 9916427937]] [8239297572.0, [97263.0, 10223727, 163578660, 164463, 163382052, 1090784367]] [315077960.0, [3263.333333333285, 390450, 6247200, 13170, 6247200, 24883210]] [5721408264.0, [55755.33333333302, 7106434, 113702944, 38794, 113702944, 874356756]] [4462375838.4, [43372.399999999994, 5545990, 88670256, 39302, 88670256, 696516614]] [618206099091.6028, [7107148.350000086, 767215743, 12275433555, 10680855, 12275282259, 84521207259]] [21010840722.46154, [206235.69230769158, 26148076, 417716928, 820436, 391764672, 2520971807]]
Model_cost: [62945685009.211426, [1836.950119047619, 80564801, 1288904952, 10265793, 49400505, 401314]] [8127747684.0, [4005.0, 10223727, 163578660, 1233519, 77873700, 609339]] [314765880.0, [12.5, 390450, 6247200, 13170, 6247200, 390410]] [5324282951.0, [1270.65625, 6635394, 106002464, 38794, 103509152, 3692367452]] [3404413720.0, [359.0, 4343302, 69492784, 559622, 7768304, 60826]] [610701582699.6, [812.1000000000001, 767215743, 12275433555, 95899671, 6137126091, 47955915]] [2369754299.835165, [116.12328296703296, 2983404, 47652928, 275476, 26419264, 2944479]]
Arch_Param: [32, 2048, 32768, 4, 512, 16]
SK_cost: [73289413408.95999, [717444.3433333333, 45607460, 1459298552, 1634116, 1443597496, 9916427937]] [8218850340.0, [97263.0, 5111919, 163578660, 164463, 163382052, 1090784367]] [314295800.0, [3263.333333333285, 195230, 6247200, 13150, 6247200, 24883210]] [5707191576.0, [55755.33333333302, 3553222, 113702944, 38734, 113702944, 874356756]] [4451300254.4, [43372.399999999994, 2777094, 88670256, 39302, 88670256, 696516614]] [616671670995.6028, [7107148.350000086, 383608719, 12275433555, 10680855, 12275282259, 84521207259]] [20958537018.46154, [206235.69230769158, 13074038, 417716928, 820318, 391764672, 2520971807]]
Model_cost: [62784554589.211426, [1836.950119047619, 40282660, 1288904952, 10265764, 49400505, 393122]] [8107300452.0, [4005.0, 5111919, 163578660, 1233519, 77873700, 608859]] [313983720.0, [12.5, 195230, 6247200, 13150, 6247200, 195210]] [5311049303.0, [1270.65625, 3327942, 106002464, 38734, 103509152, 3692169016]] [3395830552.0, [359.0, 2197510, 69492784, 559622, 7768304, 60826]] [609167154603.6, [812.1000000000001, 383608719, 12275433555, 95899671, 6137126091, 47955891]] [2363560464.142857, [116.58482142857143, 1491702, 47652928, 300446, 25506688, 586079]]
Arch_Param: [32, 2048, 32768, 4, 1024, 16]
SK_cost: [73198249044.95999, [717444.3433333333, 22816417, 1459298552, 1634113, 1443597496, 9916427937]] [8208626724.0, [97263.0, 2556015, 163578660, 164463, 163382052, 1090784367]] [313930320.0, [3263.333333333285, 104020, 6247200, 13140, 6247200, 24883210]] [5700108832.0, [55755.33333333302, 1783016, 113702944, 38704, 113702944, 874356756]] [4445762462.4, [43372.399999999994, 1392646, 88670256, 39302, 88670256, 696516614]] [615904456947.6028, [7107148.350000086, 191805207, 12275433555, 10680855, 12275282259, 84521207259]] [20932485518.46154, [206235.69230769158, 6562107, 417716928, 820259, 391764672, 2520971807]]
Model_cost: [62705159569.211426, [1836.950119047619, 20433953, 1288904952, 10265761, 49400505, 389026]] [8097076836.0, [4005.0, 2556015, 163578660, 1233519, 77873700, 608619]] [313618255.0, [12.65625, 104020, 6247200, 13140, 6247200, 12289610]] [5304458094.0, [1270.8125, 1680616, 106002464, 38704, 103509152, 3704261798]] [3389320984.0, [359.0, 1094662, 69427248, 576006, 7767792, 60762]] [608399940555.6, [812.1000000000001, 191805207, 12275433555, 95899671, 6137126091, 47955879]] [2359840612.142857, [116.58482142857143, 763387, 47652928, 287843, 25506688, 328799]]
Arch_Param: [32, 2048, 32768, 8, 256, 16]
SK_cost: [38142064704.479996, [372370.79666666663, 47352385, 757568376, 845281, 749763768, 5151415969]] [4298222628.0, [50991.0, 5333103, 85328676, 86895, 85328676, 566627439]] [315077960.0, [3263.333333333285, 390450, 6247200, 13170, 6247200, 24883210]] [5721408264.0, [55755.33333333302, 7106434, 113702944, 38794, 113702944, 874356756]] [2231189611.2, [21689.199999999997, 2772998, 44335152, 19654, 44335152, 348258310]] [309118103890.8014, [3553845.675000043, 383626383, 6138012243, 5340891, 6138012243, 42262374363]] [14025524449.23077, [137297.84615384653, 17443052, 278762688, 474836, 265786560, 1747480095]]
Model_cost: [32717139629.605713, [963.9125595238095, 41814593, 668963704, 5323905, 49400505, 401314]] [4278774852.0, [3786.0, 5333103, 85328676, 86895, 77870628, 4866975]] [314765880.0, [12.5, 390450, 6247200, 13170, 6247200, 390410]] [5324282951.0, [1270.65625, 6635394, 106002464, 38794, 103509152, 3692367452]] [1709976986.1333332, [184.35555555555555, 2171654, 34746416, 279814, 7768304, 60826]] [308775218110.8, [629.5500000000001, 383626383, 6138012243, 5340891, 6137123727, 383574903]] [1642993014.5604396, [74.06833791208791, 2055020, 32839552, 102356, 25958272, 2431071]]
Arch_Param: [32, 2048, 32768, 8, 512, 16]
SK_cost: [38047359116.479996, [372370.79666666663, 23676452, 757568376, 845252, 749763768, 5151415969]] [4287556644.0, [50991.0, 2666607, 85328676, 86895, 85328676, 566627439]] [314295800.0, [3263.333333333285, 195230, 6247200, 13150, 6247200, 24883210]] [5707191576.0, [55755.33333333302, 3553222, 113702944, 38734, 113702944, 874356756]] [2225651819.2, [21689.199999999997, 1388550, 44335152, 19654, 44335152, 348258310]] [308350852978.8014, [3553845.675000043, 191813655, 6138012243, 5340891, 6138012243, 42262374363]] [13990630793.23077, [137297.84615384653, 8721526, 278762688, 474718, 265786560, 1747480095]]
Model_cost: [32633509625.605713, [963.9125595238095, 20907556, 668963704, 5323876, 49400505, 393122]] [4268108868.0, [3786.0, 2666607, 85328676, 86895, 77870628, 2433543]] [313983720.0, [12.5, 195230, 6247200, 13150, 6247200, 195210]] [5311049303.0, [1270.65625, 3327942, 106002464, 38734, 103509152, 3692169016]] [1705685402.1333332, [184.35555555555555, 1098758, 34746416, 279814, 7768304, 60826]] [308007967198.8, [629.5500000000001, 191813655, 6138012243, 5340891, 6137123727, 191789895]] [1638775092.7142859, [74.29910714285714, 1027510, 32839552, 114782, 25506688, 761183]]
Arch_Param: [32, 2048, 32768, 8, 1024, 16]
SK_cost: [38000031936.479996, [372370.79666666663, 11844705, 757568376, 845249, 749763768, 5151415969]] [4282223652.0, [50991.0, 1333359, 85328676, 86895, 85328676, 566627439]] [313930320.0, [3263.333333333285, 104020, 6247200, 13140, 6247200, 24883210]] [5700108832.0, [55755.33333333302, 1783016, 113702944, 38704, 113702944, 874356756]] [2222882923.2, [21689.199999999997, 696326, 44335152, 19654, 44335152, 348258310]] [307967227522.8014, [3553845.675000043, 95907291, 6138012243, 5340891, 6138012243, 42262374363]] [13973234141.23077, [137297.84615384653, 4373307, 278762688, 474659, 265786560, 1747480095]]
Model_cost: [32592280109.605713, [963.9125595238095, 10600225, 668963704, 5323873, 49400505, 389026]] [4262775876.0, [3786.0, 1333359, 85328676, 86895, 77870628, 1216827]] [313618255.0, [12.65625, 104020, 6247200, 13140, 6247200, 12289610]] [5304458094.0, [1270.8125, 1680616, 106002464, 38704, 103509152, 3704261798]] [1702430125.3333333, [184.55555555555554, 547334, 34713648, 288006, 7767792, 60762]] [307624341742.8, [629.5500000000001, 95907291, 6138012243, 5340891, 6137123727, 95897391]] [1636351112.7142859, [74.29910714285714, 522811, 32839552, 108451, 25506688, 387167]]
Arch_Param: [32, 2048, 32768, 16, 256, 16]
SK_cost: [20483830582.239998, [199904.02333333332, 25429697, 406836408, 451617, 402934968, 2769252001]] [4298222628.0, [50991.0, 5333103, 85328676, 86895, 85328676, 566627439]] [315077960.0, [3263.333333333285, 390450, 6247200, 13170, 6247200, 24883210]] [5721408264.0, [55755.33333333302, 7106434, 113702944, 38794, 113702944, 874356756]] [1115596497.6, [10847.599999999999, 1386502, 22167600, 9830, 22167600, 174129158]] [309118103890.8014, [3553845.675000043, 383626383, 6138012243, 5340891, 6138012243, 42262374363]] [11923037803.076923, [116288.61538461514, 14813420, 236848320, 329428, 231408832, 1551650335]]
Model_cost: [17609378113.445717, [528.1192261904762, 22447809, 359126200, 2854337, 49400505, 401314]] [4278774852.0, [3786.0, 5333103, 85328676, 86895, 77870628, 4866975]] [314765880.0, [12.5, 390450, 6247200, 13170, 6247200, 390410]] [5324282951.0, [1270.65625, 6635394, 106002464, 38794, 103509152, 3692367452]] [862758441.0666666, [95.17777777777778, 1085830, 17373232, 139910, 7768304, 60826]] [308775218110.8, [629.5500000000001, 383626383, 6138012243, 5340891, 6137123727, 383574903]] [1431542509.6153846, [56.64182692307692, 1783660, 28517760, 63828, 25732480, 1979487]]
Arch_Param: [32, 2048, 32768, 16, 512, 16]
SK_cost: [20432970370.239998, [199904.02333333332, 12715108, 406836408, 451588, 402934968, 2769252001]] [4287556644.0, [50991.0, 2666607, 85328676, 86895, 85328676, 566627439]] [314295800.0, [3263.333333333285, 195230, 6247200, 13150, 6247200, 24883210]] [5707191576.0, [55755.33333333302, 3553222, 113702944, 38734, 113702944, 874356756]] [1112827601.6, [10847.599999999999, 694278, 22167600, 9830, 22167600, 174129158]] [308350852978.8014, [3553845.675000043, 191813655, 6138012243, 5340891, 6138012243, 42262374363]] [11893403411.076923, [116288.61538461514, 7406710, 236848320, 329310, 231408832, 1551650335]]
Model_cost: [17564481677.445717, [528.1192261904762, 11224164, 359126200, 2854308, 49400505, 393122]] [4268108868.0, [3786.0, 2666607, 85328676, 86895, 77870628, 2433543]] [313983720.0, [12.5, 195230, 6247200, 13150, 6247200, 195210]] [5311049303.0, [1270.65625, 3327942, 106002464, 38734, 103509152, 3692169016]] [860612649.0666666, [95.17777777777778, 549382, 17373232, 139910, 7768304, 60826]] [308007967198.8, [629.5500000000001, 191813655, 6138012243, 5340891, 6137123727, 191789895]] [1427925661.0, [56.71875, 891830, 28517760, 70110, 25506688, 761183]]
Arch_Param: [32, 2048, 32768, 16, 1024, 16]
SK_cost: [20407553462.239998, [199904.02333333332, 6360929, 406836408, 451585, 402934968, 2769252001]] [4282223652.0, [50991.0, 1333359, 85328676, 86895, 85328676, 566627439]] [313930320.0, [3263.333333333285, 104020, 6247200, 13140, 6247200, 24883210]] [5700108832.0, [55755.33333333302, 1783016, 113702944, 38704, 113702944, 874356756]] [1111443153.6, [10847.599999999999, 348166, 22167600, 9830, 22167600, 174129158]] [307967227522.8014, [3553845.675000043, 95907291, 6138012243, 5340891, 6138012243, 42262374363]] [11878611815.076923, [116288.61538461514, 3709755, 236848320, 329251, 231408832, 1551650335]]
Model_cost: [17542327745.445717, [528.1192261904762, 5685729, 359126200, 2854305, 49400505, 389026]] [4262775876.0, [3786.0, 1333359, 85328676, 86895, 77870628, 1216827]] [313618255.0, [12.65625, 104020, 6247200, 13140, 6247200, 12289610]] [5304458094.0, [1270.8125, 1680616, 106002464, 38704, 103509152, 3704261798]] [858984546.6666666, [95.77777777777777, 273670, 17356848, 144006, 7767792, 60762]] [307624341742.8, [629.5500000000001, 95907291, 6138012243, 5340891, 6137123727, 95897391]] [1425952753.0, [56.71875, 450747, 28517760, 66851, 25506688, 387167]]
Arch_Param: [32, 2048, 32768, 32, 256, 16]
SK_cost: [11657545178.08, [113703.06333333332, 14471873, 231526584, 254913, 229575864, 1578446497]] [4298222628.0, [50991.0, 5333103, 85328676, 86895, 85328676, 566627439]] [315077960.0, [3263.333333333285, 390450, 6247200, 13170, 6247200, 24883210]] [5721408264.0, [55755.33333333302, 7106434, 113702944, 38794, 113702944, 874356756]] [557799940.8, [5426.799999999999, 693254, 11083824, 4918, 11083824, 87064582]] [309118103890.8014, [3553845.675000043, 383626383, 6138012243, 5340891, 6138012243, 42262374363]] [10871794480.0, [105784.00000000015, 13498604, 215891136, 256724, 214219968, 1453735455]]
Model_cost: [10058246055.434286, [310.5149404761905, 12767937, 204263608, 1620161, 49400505, 401314]] [4278774852.0, [3786.0, 5333103, 85328676, 86895, 77870628, 4866975]] [314765880.0, [12.5, 390450, 6247200, 13170, 6247200, 390410]] [5324282951.0, [1270.65625, 6635394, 106002464, 38794, 103509152, 3692367452]] [435561072.5333333, [50.58888888888889, 542918, 8686640, 13894, 7768304, 476570]] [308775218110.8, [629.5500000000001, 383626383, 6138012243, 5340891, 6137123727, 383574903]] [1325399465.142857, [47.92857142857143, 1647980, 26356864, 38036, 25619584, 1825375]]
Arch_Param: [32, 2048, 32768, 32, 512, 16]
SK_cost: [11628600614.08, [113703.06333333332, 7236196, 231526584, 254884, 229575864, 1578446497]] [4287556644.0, [50991.0, 2666607, 85328676, 86895, 85328676, 566627439]] [314295800.0, [3263.333333333285, 195230, 6247200, 13150, 6247200, 24883210]] [5707191576.0, [55755.33333333302, 3553222, 113702944, 38734, 113702944, 874356756]] [556415492.8, [5426.799999999999, 347142, 11083824, 4918, 11083824, 87064582]] [308350852978.8014, [3553845.675000043, 191813655, 6138012243, 5340891, 6138012243, 42262374363]] [10844789720.0, [105784.00000000015, 6749302, 215891136, 256606, 214219968, 1453735455]]
Model_cost: [10032709363.434286, [310.5149404761905, 6384228, 204263608, 1620132, 49400505, 393122]] [4268108868.0, [3786.0, 2666607, 85328676, 86895, 77870628, 2433543]] [313983720.0, [12.5, 195230, 6247200, 13150, 6247200, 195210]] [5311049303.0, [1270.65625, 3327942, 106002464, 38734, 103509152, 3692169016]] [434488176.5333333, [50.58888888888889, 274694, 8686640, 13894, 7768304, 239002]] [308007967198.8, [629.5500000000001, 191813655, 6138012243, 5340891, 6137123727, 191789895]] [1322083153.142857, [47.92857142857143, 823990, 26356864, 41246, 25506688, 791903]]
Arch_Param: [32, 2048, 32768, 32, 1024, 16]
SK_cost: [11614135386.08, [113703.06333333332, 3619937, 231526584, 254881, 229575864, 1578446497]] [4282223652.0, [50991.0, 1333359, 85328676, 86895, 85328676, 566627439]] [313930320.0, [3263.333333333285, 104020, 6247200, 13140, 6247200, 24883210]] [5700108832.0, [55755.33333333302, 1783016, 113702944, 38704, 113702944, 874356756]] [555723268.8, [5426.799999999999, 174086, 11083824, 4918, 11083824, 87064582]] [307967227522.8014, [3553845.675000043, 95907291, 6138012243, 5340891, 6138012243, 42262374363]] [10831300652.0, [105784.00000000015, 3377979, 215891136, 256547, 214219968, 1453735455]]
Model_cost: [10020090919.434286, [310.5149404761905, 3229665, 204263608, 1620129, 49400505, 389026]] [4262775876.0, [3786.0, 1333359, 85328676, 86895, 77870628, 1216827]] [313618255.0, [12.65625, 104020, 6247200, 13140, 6247200, 12289610]] [5304458094.0, [1270.8125, 1680616, 106002464, 38704, 103509152, 3704261798]] [433673661.3333333, [51.388888888888886, 136838, 8678448, 15942, 7767792, 120154]] [307624341742.8, [629.5500000000001, 95907291, 6138012243, 5340891, 6137123727, 95897391]] [1320335781.142857, [47.92857142857143, 414715, 26356864, 39523, 25506688, 397407]]
Arch_Param: [32, 2048, 16384, 4, 256, 16]
SK_cost: [73543701360.97298, [1465968.6351351351, 91214401, 1459298552, 1634145, 1443597496, 9916427937]] [8248624164.0, [194415.0, 10223727, 163578660, 164463, 163382052, 1090784367]] [315390280.0, [6516.66666666657, 390450, 6247200, 13170, 6247200, 24883210]] [5726775240.0, [111661.33333333023, 7106434, 113702944, 38794, 113702944, 874356756]] [4466617656.0, [87558.0, 5545990, 88670256, 39302, 88670256, 696516614]] [618888370069.2079, [14214137.700000172, 767215743, 12275433555, 10680855, 12275282259, 84521207259]] [21031928368.0, [425898.6666666666, 26148076, 417716928, 820436, 391764672, 2520971807]]
Model_cost: [62945859063.10271, [3650.0114864864863, 80564801, 1288904952, 10265793, 49400505, 401314]] [8128121508.0, [7899.0, 10223727, 163578660, 1233519, 77873700, 609339]] [314766120.0, [15.0, 390450, 6247200, 13170, 6247200, 390410]] [5324402054.0, [2511.3125, 6635394, 106002464, 38794, 103509152, 3692367452]] [3404447608.0, [712.0, 4343302, 69492784, 559622, 7768304, 60826]] [610701645397.1998, [1465.2000000000003, 767215743, 12275433555, 95899671, 6137126091, 47955915]] [2369764110.0, [218.3125, 2983404, 47652928, 275476, 26419264, 1119327]]
Arch_Param: [32, 2048, 16384, 4, 512, 16]
SK_cost: [73361271740.97298, [1465968.6351351351, 45607460, 1459298552, 1634116, 1443597496, 9916427937]] [8228176932.0, [194415.0, 5111919, 163578660, 164463, 163382052, 1090784367]] [314608120.0, [6516.66666666657, 195230, 6247200, 13150, 6247200, 24883210]] [5712558552.0, [111661.33333333023, 3553222, 113702944, 38734, 113702944, 874356756]] [4455542072.0, [87558.0, 2777094, 88670256, 39302, 88670256, 696516614]] [617353941973.2079, [14214137.700000172, 383608719, 12275433555, 10680855, 12275282259, 84521207259]] [20979624664.0, [425898.6666666666, 13074038, 417716928, 820318, 391764672, 2520971807]]
Model_cost: [62784728643.10271, [3650.0114864864863, 40282660, 1288904952, 10265764, 49400505, 393122]] [8107674276.0, [7899.0, 5111919, 163578660, 1233519, 77873700, 608859]] [313983960.0, [15.0, 195230, 6247200, 13150, 6247200, 195210]] [5311168406.0, [2511.3125, 3327942, 106002464, 38734, 103509152, 3692169016]] [3395864440.0, [712.0, 2197510, 69492784, 559622, 7768304, 60826]] [609167217301.1998, [1465.2000000000003, 383608719, 12275433555, 95899671, 6137126091, 47955891]] [2363570230.0, [218.3125, 1491702, 47652928, 300446, 25506688, 586079]]
Arch_Param: [32, 2048, 16384, 4, 1024, 16]
SK_cost: [73270107376.97298, [1465968.6351351351, 22816417, 1459298552, 1634113, 1443597496, 9916427937]] [8217953316.0, [194415.0, 2556015, 163578660, 164463, 163382052, 1090784367]] [314242640.0, [6516.66666666657, 104020, 6247200, 13140, 6247200, 24883210]] [5705475808.0, [111661.33333333023, 1783016, 113702944, 38704, 113702944, 874356756]] [4450004280.0, [87558.0, 1392646, 88670256, 39302, 88670256, 696516614]] [616586727925.2079, [14214137.700000172, 191805207, 12275433555, 10680855, 12275282259, 84521207259]] [20953573164.0, [425898.6666666666, 6562107, 417716928, 820259, 391764672, 2520971807]]
Model_cost: [62705333623.10271, [3650.0114864864863, 20433953, 1288904952, 10265761, 49400505, 389026]] [8097450660.0, [7899.0, 2556015, 163578660, 1233519, 77873700, 608619]] [313618510.0, [15.3125, 104020, 6247200, 13140, 6247200, 12289610]] [5304577212.0, [2511.625, 1680616, 106002464, 38704, 103509152, 3704261798]] [3389354776.0, [711.0, 1094662, 69427248, 576006, 7767792, 60762]] [608400003253.1998, [1465.2000000000003, 191805207, 12275433555, 95899671, 6137126091, 47955879]] [2359850378.0, [218.3125, 763387, 47652928, 287843, 25506688, 328799]]
Arch_Param: [32, 2048, 16384, 8, 256, 16]
SK_cost: [38179302554.48649, [760265.0675675676, 47352385, 757568376, 845281, 749763768, 5151415969]] [4303107108.0, [101871.0, 5333103, 85328676, 86895, 85328676, 566627439]] [315390280.0, [6516.66666666657, 390450, 6247200, 13170, 6247200, 24883210]] [5726775240.0, [111661.33333333023, 7106434, 113702944, 38794, 113702944, 874356756]] [2233310520.0, [43782.0, 2772998, 44335152, 19654, 44335152, 348258310]] [309459257811.60394, [7107532.350000086, 383626383, 6138012243, 5340891, 6138012243, 42262374363]] [14039373360.0, [281557.3333333333, 17443052, 278762688, 474836, 265786560, 1747480095]]
Model_cost: [32717230010.551353, [1905.3807432432432, 41814593, 668963704, 5323905, 49400505, 401314]] [4279127652.0, [7461.0, 5333103, 85328676, 86895, 77870628, 4866975]] [314766120.0, [15.0, 390450, 6247200, 13170, 6247200, 390410]] [5324402054.0, [2511.3125, 6635394, 106002464, 38794, 103509152, 3692367452]] [1709993752.0, [359.0, 2171654, 34746416, 279814, 7768304, 60826]] [308775263283.5999, [1100.1000000000001, 383626383, 6138012243, 5340891, 6137123727, 383574903]] [1642998740.4, [133.7125, 2055020, 32839552, 102356, 25958272, 1527903]]
Arch_Param: [32, 2048, 16384, 8, 512, 16]
SK_cost: [38084596966.48649, [760265.0675675676, 23676452, 757568376, 845252, 749763768, 5151415969]] [4292441124.0, [101871.0, 2666607, 85328676, 86895, 85328676, 566627439]] [314608120.0, [6516.66666666657, 195230, 6247200, 13150, 6247200, 24883210]] [5712558552.0, [111661.33333333023, 3553222, 113702944, 38734, 113702944, 874356756]] [2227772728.0, [43782.0, 1388550, 44335152, 19654, 44335152, 348258310]] [308692006899.60394, [7107532.350000086, 191813655, 6138012243, 5340891, 6138012243, 42262374363]] [14004479704.0, [281557.3333333333, 8721526, 278762688, 474718, 265786560, 1747480095]]
Model_cost: [32633600006.551353, [1905.3807432432432, 20907556, 668963704, 5323876, 49400505, 393122]] [4268461668.0, [7461.0, 2666607, 85328676, 86895, 77870628, 2433543]] [313983960.0, [15.0, 195230, 6247200, 13150, 6247200, 195210]] [5311168406.0, [2511.3125, 3327942, 106002464, 38734, 103509152, 3692169016]] [1705702168.0, [359.0, 1098758, 34746416, 279814, 7768304, 60826]] [308008012371.5999, [1100.1000000000001, 191813655, 6138012243, 5340891, 6137123727, 191789895]] [1638780796.4, [133.7125, 1027510, 32839552, 114782, 25506688, 761183]]
Arch_Param: [32, 2048, 16384, 8, 1024, 16]
SK_cost: [38037269786.48649, [760265.0675675676, 11844705, 757568376, 845249, 749763768, 5151415969]] [4287108132.0, [101871.0, 1333359, 85328676, 86895, 85328676, 566627439]] [314242640.0, [6516.66666666657, 104020, 6247200, 13140, 6247200, 24883210]] [5705475808.0, [111661.33333333023, 1783016, 113702944, 38704, 113702944, 874356756]] [2225003832.0, [43782.0, 696326, 44335152, 19654, 44335152, 348258310]] [308308381443.60394, [7107532.350000086, 95907291, 6138012243, 5340891, 6138012243, 42262374363]] [13987083052.0, [281557.3333333333, 4373307, 278762688, 474659, 265786560, 1747480095]]
Model_cost: [32592370490.551353, [1905.3807432432432, 10600225, 668963704, 5323873, 49400505, 389026]] [4263128676.0, [7461.0, 1333359, 85328676, 86895, 77870628, 1216827]] [313618510.0, [15.3125, 104020, 6247200, 13140, 6247200, 12289610]] [5304577212.0, [2511.625, 1680616, 106002464, 38704, 103509152, 3704261798]] [1702446872.0, [359.0, 547334, 34713648, 288006, 7767792, 60762]] [307624386915.5999, [1100.1000000000001, 95907291, 6138012243, 5340891, 6137123727, 95897391]] [1636356816.4, [133.7125, 522811, 32839552, 108451, 25506688, 387167]]
Arch_Param: [32, 2048, 16384, 16, 256, 16]
SK_cost: [20503767983.243244, [407585.2837837838, 25429697, 406836408, 451617, 402934968, 2769252001]] [4303107108.0, [101871.0, 5333103, 85328676, 86895, 85328676, 566627439]] [315390280.0, [6516.66666666657, 390450, 6247200, 13170, 6247200, 24883210]] [5726775240.0, [111661.33333333023, 7106434, 113702944, 38794, 113702944, 874356756]] [1116656952.0, [21894.0, 1386502, 22167600, 9830, 22167600, 174129158]] [309459257811.60394, [7107532.350000086, 383626383, 6138012243, 5340891, 6138012243, 42262374363]] [11934559792.0, [236309.33333333334, 14813420, 236848320, 329428, 231408832, 1551650335]]
Model_cost: [17609426386.075676, [1030.9591216216218, 22447809, 359126200, 2854337, 49400505, 401314]] [4279127652.0, [7461.0, 5333103, 85328676, 86895, 77870628, 4866975]] [314766120.0, [15.0, 390450, 6247200, 13170, 6247200, 390410]] [5324402054.0, [2511.3125, 6635394, 106002464, 38794, 103509152, 3692367452]] [862767053.3333334, [184.8888888888889, 1085830, 17373232, 139910, 7768304, 60826]] [308775263283.5999, [1100.1000000000001, 383626383, 6138012243, 5340891, 6137123727, 383574903]] [1431546483.6, [98.0375, 1783660, 28517760, 63828, 25732480, 1527903]]
Arch_Param: [32, 2048, 16384, 16, 512, 16]
SK_cost: [20452907771.243244, [407585.2837837838, 12715108, 406836408, 451588, 402934968, 2769252001]] [4292441124.0, [101871.0, 2666607, 85328676, 86895, 85328676, 566627439]] [314608120.0, [6516.66666666657, 195230, 6247200, 13150, 6247200, 24883210]] [5712558552.0, [111661.33333333023, 3553222, 113702944, 38734, 113702944, 874356756]] [1113888056.0, [21894.0, 694278, 22167600, 9830, 22167600, 174129158]] [308692006899.60394, [7107532.350000086, 191813655, 6138012243, 5340891, 6138012243, 42262374363]] [11904925400.0, [236309.33333333334, 7406710, 236848320, 329310, 231408832, 1551650335]]
Model_cost: [17564529950.075676, [1030.9591216216218, 11224164, 359126200, 2854308, 49400505, 393122]] [4268461668.0, [7461.0, 2666607, 85328676, 86895, 77870628, 2433543]] [313983960.0, [15.0, 195230, 6247200, 13150, 6247200, 195210]] [5311168406.0, [2511.3125, 3327942, 106002464, 38734, 103509152, 3692169016]] [860621261.3333334, [184.8888888888889, 549382, 17373232, 139910, 7768304, 60826]] [308008012371.5999, [1100.1000000000001, 191813655, 6138012243, 5340891, 6137123727, 191789895]] [1427929627.6, [98.0375, 891830, 28517760, 70110, 25506688, 761183]]
Arch_Param: [32, 2048, 16384, 16, 1024, 16]
SK_cost: [20427490863.243244, [407585.2837837838, 6360929, 406836408, 451585, 402934968, 2769252001]] [4287108132.0, [101871.0, 1333359, 85328676, 86895, 85328676, 566627439]] [314242640.0, [6516.66666666657, 104020, 6247200, 13140, 6247200, 24883210]] [5705475808.0, [111661.33333333023, 1783016, 113702944, 38704, 113702944, 874356756]] [1112503608.0, [21894.0, 348166, 22167600, 9830, 22167600, 174129158]] [308308381443.60394, [7107532.350000086, 95907291, 6138012243, 5340891, 6138012243, 42262374363]] [11890133804.0, [236309.33333333334, 3709755, 236848320, 329251, 231408832, 1551650335]]
Model_cost: [17542376018.075676, [1030.9591216216218, 5685729, 359126200, 2854305, 49400505, 389026]] [4263128676.0, [7461.0, 1333359, 85328676, 86895, 77870628, 1216827]] [313618510.0, [15.3125, 104020, 6247200, 13140, 6247200, 12289610]] [5304577212.0, [2511.625, 1680616, 106002464, 38704, 103509152, 3704261798]] [858993069.3333334, [184.55555555555554, 273670, 17356848, 144006, 7767792, 60762]] [307624386915.5999, [1100.1000000000001, 95907291, 6138012243, 5340891, 6137123727, 95897391]] [1425956719.6, [98.0375, 450747, 28517760, 66851, 25506688, 387167]]
Arch_Param: [32, 2048, 16384, 32, 256, 16]
SK_cost: [11668838540.64865, [231342.25675675675, 14471873, 231526584, 254913, 229575864, 1578446497]] [4303107108.0, [101871.0, 5333103, 85328676, 86895, 85328676, 566627439]] [315390280.0, [6516.66666666657, 390450, 6247200, 13170, 6247200, 24883210]] [5726775240.0, [111661.33333333023, 7106434, 113702944, 38794, 113702944, 874356756]] [558330168.0, [10950.0, 693254, 11083824, 4918, 11083824, 87064582]] [309459257811.60394, [7107532.350000086, 383626383, 6138012243, 5340891, 6138012243, 42262374363]] [10882153008.0, [213685.3333333333, 13498604, 215891136, 256724, 214219968, 1453735455]]
Model_cost: [10058273074.335136, [591.9618243243243, 12767937, 204263608, 1620161, 49400505, 401314]] [4279127652.0, [7461.0, 5333103, 85328676, 86895, 77870628, 4866975]] [314766120.0, [15.0, 390450, 6247200, 13170, 6247200, 390410]] [5324402054.0, [2511.3125, 6635394, 106002464, 38794, 103509152, 3692367452]] [435565378.6666667, [95.44444444444446, 542918, 8686640, 13894, 7768304, 476570]] [308775263283.5999, [1100.1000000000001, 383626383, 6138012243, 5340891, 6137123727, 383574903]] [1325402563.2, [80.2, 1647980, 26356864, 38036, 25619584, 1599583]]
Arch_Param: [32, 2048, 16384, 32, 512, 16]
SK_cost: [11639893976.64865, [231342.25675675675, 7236196, 231526584, 254884, 229575864, 1578446497]] [4292441124.0, [101871.0, 2666607, 85328676, 86895, 85328676, 566627439]] [314608120.0, [6516.66666666657, 195230, 6247200, 13150, 6247200, 24883210]] [5712558552.0, [111661.33333333023, 3553222, 113702944, 38734, 113702944, 874356756]] [556945720.0, [10950.0, 347142, 11083824, 4918, 11083824, 87064582]] [308692006899.60394, [7107532.350000086, 191813655, 6138012243, 5340891, 6138012243, 42262374363]] [10855148248.0, [213685.3333333333, 6749302, 215891136, 256606, 214219968, 1453735455]]
Model_cost: [10032736382.335136, [591.9618243243243, 6384228, 204263608, 1620132, 49400505, 393122]] [4268461668.0, [7461.0, 2666607, 85328676, 86895, 77870628, 2433543]] [313983960.0, [15.0, 195230, 6247200, 13150, 6247200, 195210]] [5311168406.0, [2511.3125, 3327942, 106002464, 38734, 103509152, 3692169016]] [434492482.6666667, [95.44444444444446, 274694, 8686640, 13894, 7768304, 239002]] [308008012371.5999, [1100.1000000000001, 191813655, 6138012243, 5340891, 6137123727, 191789895]] [1322086251.2, [80.2, 823990, 26356864, 41246, 25506688, 791903]]
Arch_Param: [32, 2048, 16384, 32, 1024, 16]
SK_cost: [11625428748.64865, [231342.25675675675, 3619937, 231526584, 254881, 229575864, 1578446497]] [4287108132.0, [101871.0, 1333359, 85328676, 86895, 85328676, 566627439]] [314242640.0, [6516.66666666657, 104020, 6247200, 13140, 6247200, 24883210]] [5705475808.0, [111661.33333333023, 1783016, 113702944, 38704, 113702944, 874356756]] [556253496.0, [10950.0, 174086, 11083824, 4918, 11083824, 87064582]] [308308381443.60394, [7107532.350000086, 95907291, 6138012243, 5340891, 6138012243, 42262374363]] [10841659180.0, [213685.3333333333, 3377979, 215891136, 256547, 214219968, 1453735455]]
Model_cost: [10020117938.335136, [591.9618243243243, 3229665, 204263608, 1620129, 49400505, 389026]] [4263128676.0, [7461.0, 1333359, 85328676, 86895, 77870628, 1216827]] [313618510.0, [15.3125, 104020, 6247200, 13140, 6247200, 12289610]] [5304577212.0, [2511.625, 1680616, 106002464, 38704, 103509152, 3704261798]] [433677922.6666667, [95.77777777777777, 136838, 8678448, 15942, 7767792, 120154]] [307624386915.5999, [1100.1000000000001, 95907291, 6138012243, 5340891, 6137123727, 95897391]] [1320338879.2, [80.2, 414715, 26356864, 39523, 25506688, 397407]]
Arch_Param: [32, 2048, 8192, 4, 256, 16]
SK_cost: [73684434761.33333, [2931941.5555555555, 91214401, 1459298552, 1634145, 1443597496, 9916427937]] [8267277348.0, [388719.0, 10223727, 163578660, 164463, 163382052, 1090784367]] [316025160.0, [13130.0, 390450, 6247200, 13170, 6247200, 24883210]] [5737513288.0, [223516.0, 7106434, 113702944, 38794, 113702944, 874356756]] [4475022648.0, [175110.0, 5545990, 88670256, 39302, 88670256, 696516614]] [620252926770.0, [28428270.0, 767215743, 12275433555, 10680855, 12275282259, 84521207259]] [21072813104.0, [851781.3333333333, 26148076, 417716928, 820436, 391764672, 2520971807]]
Model_cost: [62946204110.0, [7244.25, 80564801, 1288904952, 10265793, 49400505, 401314]] [8128869156.0, [15687.0, 10223727, 163578660, 1233519, 77873700, 609339]] [314766600.0, [20.0, 390450, 6247200, 13170, 6247200, 390410]] [5324641220.0, [5002.625, 6635394, 106002464, 38794, 103509152, 3692367452]] [3404515384.0, [1418.0, 4343302, 69492784, 559622, 7768304, 60826]] [610701785538.0, [2925.0, 767215743, 12275433555, 95899671, 6137126091, 47955915]] [2369783436.0, [419.625, 2983404, 47652928, 275476, 26419264, 1119327]]
Arch_Param: [32, 2048, 8192, 4, 512, 16]
SK_cost: [73502005141.33333, [2931941.5555555555, 45607460, 1459298552, 1634116, 1443597496, 9916427937]] [8246830116.0, [388719.0, 5111919, 163578660, 164463, 163382052, 1090784367]] [315243000.0, [13130.0, 195230, 6247200, 13150, 6247200, 24883210]] [5723296600.0, [223516.0, 3553222, 113702944, 38734, 113702944, 874356756]] [4463947064.0, [175110.0, 2777094, 88670256, 39302, 88670256, 696516614]] [618718498674.0, [28428270.0, 383608719, 12275433555, 10680855, 12275282259, 84521207259]] [21020509400.0, [851781.3333333333, 13074038, 417716928, 820318, 391764672, 2520971807]]
Model_cost: [62785073690.0, [7244.25, 40282660, 1288904952, 10265764, 49400505, 393122]] [8108421924.0, [15687.0, 5111919, 163578660, 1233519, 77873700, 608859]] [313984440.0, [20.0, 195230, 6247200, 13150, 6247200, 195210]] [5311407572.0, [5002.625, 3327942, 106002464, 38734, 103509152, 3692169016]] [3395932216.0, [1418.0, 2197510, 69492784, 559622, 7768304, 60826]] [609167357442.0, [2925.0, 383608719, 12275433555, 95899671, 6137126091, 47955891]] [2363589556.0, [419.625, 1491702, 47652928, 300446, 25506688, 586079]]
Arch_Param: [32, 2048, 8192, 4, 1024, 16]
SK_cost: [73410840777.33333, [2931941.5555555555, 22816417, 1459298552, 1634113, 1443597496, 9916427937]] [8236606500.0, [388719.0, 2556015, 163578660, 164463, 163382052, 1090784367]] [314877520.0, [13130.0, 104020, 6247200, 13140, 6247200, 24883210]] [5716213856.0, [223516.0, 1783016, 113702944, 38704, 113702944, 874356756]] [4458409272.0, [175110.0, 1392646, 88670256, 39302, 88670256, 696516614]] [617951284626.0, [28428270.0, 191805207, 12275433555, 10680855, 12275282259, 84521207259]] [20994457900.0, [851781.3333333333, 6562107, 417716928, 820259, 391764672, 2520971807]]
Model_cost: [62705678670.0, [7244.25, 20433953, 1288904952, 10265761, 49400505, 389026]] [8098198308.0, [15687.0, 2556015, 163578660, 1233519, 77873700, 608619]] [313619020.0, [20.625, 104020, 6247200, 13140, 6247200, 12289610]] [5304816408.0, [5003.25, 1680616, 106002464, 38704, 103509152, 3704261798]] [3389422456.0, [1416.0, 1094662, 69427248, 576006, 7767792, 60762]] [608400143394.0, [2925.0, 191805207, 12275433555, 95899671, 6137126091, 47955879]] [2359869704.0, [419.625, 763387, 47652928, 287843, 25506688, 328799]]
Arch_Param: [32, 2048, 8192, 8, 256, 16]
SK_cost: [38252286622.666664, [1520515.7777777778, 47352385, 757568376, 845281, 749763768, 5151415969]] [4312876068.0, [203631.0, 5333103, 85328676, 86895, 85328676, 566627439]] [316025160.0, [13130.0, 390450, 6247200, 13170, 6247200, 24883210]] [5737513288.0, [223516.0, 7106434, 113702944, 38794, 113702944, 874356756]] [2237513016.0, [87558.0, 2772998, 44335152, 19654, 44335152, 348258310]] [310141573026.0, [14214982.5, 383626383, 6138012243, 5340891, 6138012243, 42262374363]] [14066401328.0, [563098.6666666666, 17443052, 278762688, 474836, 265786560, 1747480095]]
Model_cost: [32717408635.066666, [3766.052777777778, 41814593, 668963704, 5323905, 49400505, 401314]] [4279833252.0, [14811.0, 5333103, 85328676, 86895, 77870628, 4866975]] [314766600.0, [20.0, 390450, 6247200, 13170, 6247200, 390410]] [5324641220.0, [5002.625, 6635394, 106002464, 38794, 103509152, 3692367452]] [1710027640.0, [712.0, 2171654, 34746416, 279814, 7768304, 60826]] [308775361002.0, [2118.0, 383626383, 6138012243, 5340891, 6137123727, 383574903]] [1643009944.8, [250.425, 2055020, 32839552, 102356, 25958272, 1527903]]
Arch_Param: [32, 2048, 8192, 8, 512, 16]
SK_cost: [38157581034.666664, [1520515.7777777778, 23676452, 757568376, 845252, 749763768, 5151415969]] [4302210084.0, [203631.0, 2666607, 85328676, 86895, 85328676, 566627439]] [315243000.0, [13130.0, 195230, 6247200, 13150, 6247200, 24883210]] [5723296600.0, [223516.0, 3553222, 113702944, 38734, 113702944, 874356756]] [2231975224.0, [87558.0, 1388550, 44335152, 19654, 44335152, 348258310]] [309374322114.0, [14214982.5, 191813655, 6138012243, 5340891, 6138012243, 42262374363]] [14031507672.0, [563098.6666666666, 8721526, 278762688, 474718, 265786560, 1747480095]]
Model_cost: [32633778631.066666, [3766.052777777778, 20907556, 668963704, 5323876, 49400505, 393122]] [4269167268.0, [14811.0, 2666607, 85328676, 86895, 77870628, 2433543]] [313984440.0, [20.0, 195230, 6247200, 13150, 6247200, 195210]] [5311407572.0, [5002.625, 3327942, 106002464, 38734, 103509152, 3692169016]] [1705736056.0, [712.0, 1098758, 34746416, 279814, 7768304, 60826]] [308008110090.0, [2118.0, 191813655, 6138012243, 5340891, 6137123727, 191789895]] [1638792000.8, [250.425, 1027510, 32839552, 114782, 25506688, 761183]]
Arch_Param: [32, 2048, 8192, 8, 1024, 16]
SK_cost: [38110253854.666664, [1520515.7777777778, 11844705, 757568376, 845249, 749763768, 5151415969]] [4296877092.0, [203631.0, 1333359, 85328676, 86895, 85328676, 566627439]] [314877520.0, [13130.0, 104020, 6247200, 13140, 6247200, 24883210]] [5716213856.0, [223516.0, 1783016, 113702944, 38704, 113702944, 874356756]] [2229206328.0, [87558.0, 696326, 44335152, 19654, 44335152, 348258310]] [308990696658.0, [14214982.5, 95907291, 6138012243, 5340891, 6138012243, 42262374363]] [14014111020.0, [563098.6666666666, 4373307, 278762688, 474659, 265786560, 1747480095]]
Model_cost: [32592549115.066666, [3766.052777777778, 10600225, 668963704, 5323873, 49400505, 389026]] [4263834276.0, [14811.0, 1333359, 85328676, 86895, 77870628, 1216827]] [313619020.0, [20.625, 104020, 6247200, 13140, 6247200, 12289610]] [5304816408.0, [5003.25, 1680616, 106002464, 38704, 103509152, 3704261798]] [1702480664.0, [711.0, 547334, 34713648, 288006, 7767792, 60762]] [307624484634.0, [2118.0, 95907291, 6138012243, 5340891, 6137123727, 95897391]] [1636368020.8, [250.425, 522811, 32839552, 108451, 25506688, 387167]]
Arch_Param: [32, 2048, 8192, 16, 256, 16]
SK_cost: [20542893897.333332, [815146.8888888889, 25429697, 406836408, 451617, 402934968, 2769252001]] [4312876068.0, [203631.0, 5333103, 85328676, 86895, 85328676, 566627439]] [316025160.0, [13130.0, 390450, 6247200, 13170, 6247200, 24883210]] [5737513288.0, [223516.0, 7106434, 113702944, 38794, 113702944, 874356756]] [1118758200.0, [43782.0, 1386502, 22167600, 9830, 22167600, 174129158]] [310141573026.0, [14214982.5, 383626383, 6138012243, 5340891, 6138012243, 42262374363]] [11957243952.0, [472602.6666666667, 14813420, 236848320, 329428, 231408832, 1551650335]]
Model_cost: [17609521743.333336, [2024.263888888889, 22447809, 359126200, 2854337, 49400505, 401314]] [4279833252.0, [14811.0, 5333103, 85328676, 86895, 77870628, 4866975]] [314766600.0, [20.0, 390450, 6247200, 13170, 6247200, 390410]] [5324641220.0, [5002.625, 6635394, 106002464, 38794, 103509152, 3692367452]] [862783768.0, [359.0, 1085830, 17373232, 139910, 7768304, 60826]] [308775361002.0, [2118.0, 383626383, 6138012243, 5340891, 6137123727, 383574903]] [1431554359.2, [180.075, 1783660, 28517760, 63828, 25732480, 1527903]]
Arch_Param: [32, 2048, 8192, 16, 512, 16]
SK_cost: [20492033685.333332, [815146.8888888889, 12715108, 406836408, 451588, 402934968, 2769252001]] [4302210084.0, [203631.0, 2666607, 85328676, 86895, 85328676, 566627439]] [315243000.0, [13130.0, 195230, 6247200, 13150, 6247200, 24883210]] [5723296600.0, [223516.0, 3553222, 113702944, 38734, 113702944, 874356756]] [1115989304.0, [43782.0, 694278, 22167600, 9830, 22167600, 174129158]] [309374322114.0, [14214982.5, 191813655, 6138012243, 5340891, 6138012243, 42262374363]] [11927609560.0, [472602.6666666667, 7406710, 236848320, 329310, 231408832, 1551650335]]
Model_cost: [17564625307.333336, [2024.263888888889, 11224164, 359126200, 2854308, 49400505, 393122]] [4269167268.0, [14811.0, 2666607, 85328676, 86895, 77870628, 2433543]] [313984440.0, [20.0, 195230, 6247200, 13150, 6247200, 195210]] [5311407572.0, [5002.625, 3327942, 106002464, 38734, 103509152, 3692169016]] [860637976.0, [359.0, 549382, 17373232, 139910, 7768304, 60826]] [308008110090.0, [2118.0, 191813655, 6138012243, 5340891, 6137123727, 191789895]] [1427937503.2, [180.075, 891830, 28517760, 70110, 25506688, 761183]]
Arch_Param: [32, 2048, 8192, 16, 1024, 16]
SK_cost: [20466616777.333332, [815146.8888888889, 6360929, 406836408, 451585, 402934968, 2769252001]] [4296877092.0, [203631.0, 1333359, 85328676, 86895, 85328676, 566627439]] [314877520.0, [13130.0, 104020, 6247200, 13140, 6247200, 24883210]] [5716213856.0, [223516.0, 1783016, 113702944, 38704, 113702944, 874356756]] [1114604856.0, [43782.0, 348166, 22167600, 9830, 22167600, 174129158]] [308990696658.0, [14214982.5, 95907291, 6138012243, 5340891, 6138012243, 42262374363]] [11912817964.0, [472602.6666666667, 3709755, 236848320, 329251, 231408832, 1551650335]]
Model_cost: [17542471375.333336, [2024.263888888889, 5685729, 359126200, 2854305, 49400505, 389026]] [4263834276.0, [14811.0, 1333359, 85328676, 86895, 77870628, 1216827]] [313619020.0, [20.625, 104020, 6247200, 13140, 6247200, 12289610]] [5304816408.0, [5003.25, 1680616, 106002464, 38704, 103509152, 3704261798]] [859009816.0, [359.0, 273670, 17356848, 144006, 7767792, 60762]] [307624484634.0, [2118.0, 95907291, 6138012243, 5340891, 6137123727, 95897391]] [1425964595.2, [180.075, 450747, 28517760, 66851, 25506688, 387167]]
Arch_Param: [32, 2048, 8192, 32, 256, 16]
SK_cost: [11691044681.333334, [462656.22222222225, 14471873, 231526584, 254913, 229575864, 1578446497]] [4312876068.0, [203631.0, 5333103, 85328676, 86895, 85328676, 566627439]] [316025160.0, [13130.0, 390450, 6247200, 13170, 6247200, 24883210]] [5737513288.0, [223516.0, 7106434, 113702944, 38794, 113702944, 874356756]] [559380792.0, [21894.0, 693254, 11083824, 4918, 11083824, 87064582]] [310141573026.0, [14214982.5, 383626383, 6138012243, 5340891, 6138012243, 42262374363]] [10902665264.0, [427354.6666666666, 13498604, 215891136, 256724, 214219968, 1453735455]]
Model_cost: [10058326741.733334, [1150.9972222222223, 12767937, 204263608, 1620161, 49400505, 401314]] [4279833252.0, [14811.0, 5333103, 85328676, 86895, 77870628, 4866975]] [314766600.0, [20.0, 390450, 6247200, 13170, 6247200, 390410]] [5324641220.0, [5002.625, 6635394, 106002464, 38794, 103509152, 3692367452]] [435575160.0, [197.33333333333334, 542918, 8686640, 13894, 7768304, 476570]] [308775361002.0, [2118.0, 383626383, 6138012243, 5340891, 6137123727, 383574903]] [1325408726.4, [144.4, 1647980, 26356864, 38036, 25619584, 1599583]]
Arch_Param: [32, 2048, 8192, 32, 512, 16]
SK_cost: [11662100117.333334, [462656.22222222225, 7236196, 231526584, 254884, 229575864, 1578446497]] [4302210084.0, [203631.0, 2666607, 85328676, 86895, 85328676, 566627439]] [315243000.0, [13130.0, 195230, 6247200, 13150, 6247200, 24883210]] [5723296600.0, [223516.0, 3553222, 113702944, 38734, 113702944, 874356756]] [557996344.0, [21894.0, 347142, 11083824, 4918, 11083824, 87064582]] [309374322114.0, [14214982.5, 191813655, 6138012243, 5340891, 6138012243, 42262374363]] [10875660504.0, [427354.6666666666, 6749302, 215891136, 256606, 214219968, 1453735455]]
Model_cost: [10032790049.733334, [1150.9972222222223, 6384228, 204263608, 1620132, 49400505, 393122]] [4269167268.0, [14811.0, 2666607, 85328676, 86895, 77870628, 2433543]] [313984440.0, [20.0, 195230, 6247200, 13150, 6247200, 195210]] [5311407572.0, [5002.625, 3327942, 106002464, 38734, 103509152, 3692169016]] [434502264.0, [197.33333333333334, 274694, 8686640, 13894, 7768304, 239002]] [308008110090.0, [2118.0, 191813655, 6138012243, 5340891, 6137123727, 191789895]] [1322092414.4, [144.4, 823990, 26356864, 41246, 25506688, 791903]]
Arch_Param: [32, 2048, 8192, 32, 1024, 16]
SK_cost: [11647634889.333334, [462656.22222222225, 3619937, 231526584, 254881, 229575864, 1578446497]] [4296877092.0, [203631.0, 1333359, 85328676, 86895, 85328676, 566627439]] [314877520.0, [13130.0, 104020, 6247200, 13140, 6247200, 24883210]] [5716213856.0, [223516.0, 1783016, 113702944, 38704, 113702944, 874356756]] [557304120.0, [21894.0, 174086, 11083824, 4918, 11083824, 87064582]] [308990696658.0, [14214982.5, 95907291, 6138012243, 5340891, 6138012243, 42262374363]] [10862171436.0, [427354.6666666666, 3377979, 215891136, 256547, 214219968, 1453735455]]
Model_cost: [10020171605.733334, [1150.9972222222223, 3229665, 204263608, 1620129, 49400505, 389026]] [4263834276.0, [14811.0, 1333359, 85328676, 86895, 77870628, 1216827]] [313619020.0, [20.625, 104020, 6247200, 13140, 6247200, 12289610]] [5304816408.0, [5003.25, 1680616, 106002464, 38704, 103509152, 3704261798]] [433687640.0, [197.0, 136838, 8678448, 15942, 7767792, 120154]] [307624484634.0, [2118.0, 95907291, 6138012243, 5340891, 6137123727, 95897391]] [1320345042.4, [144.4, 414715, 26356864, 39523, 25506688, 397407]]
Arch_Param: [32, 2048, 4096, 4, 256, 16]
SK_cost: [73956940030.66667, [5770538.111111111, 91214401, 1459298552, 1634145, 1443597496, 9916427937]] [8291312676.0, [639087.0, 10223727, 163578660, 164463, 163382052, 1090784367]] [317284680, [26250, 390450, 6247200, 13170, 6247200, 24883210]] [5758919752, [446500, 7106434, 113702944, 38794, 113702944, 874356756]] [4491832632, [350214, 5545990, 88670256, 39302, 88670256, 696516614]] [622127149266.0, [47951421.0, 767215743, 12275433555, 10680855, 12275282259, 84521207259]] [21152502096.0, [1681875.0, 26148076, 417716928, 820436, 391764672, 2520971807]]
Model_cost: [62946894566.0, [14436.5, 80564801, 1288904952, 10265793, 49400505, 401314]] [8130364452.0, [31263.0, 10223727, 163578660, 1233519, 77873700, 609339]] [314767560.0, [30.0, 390450, 6247200, 13170, 6247200, 390410]] [5325118592.0, [9975.25, 6635394, 106002464, 38794, 103509152, 3692367452]] [3404650936.0, [2830.0, 4343302, 69492784, 559622, 7768304, 60826]] [610702051074.0, [5691.0, 767215743, 12275433555, 95899671, 6137126091, 47955915]] [2369822376.0, [825.25, 2983404, 47652928, 275476, 26419264, 1119327]]
Arch_Param: [32, 2048, 4096, 4, 512, 16]
SK_cost: [73774510410.66667, [5770538.111111111, 45607460, 1459298552, 1634116, 1443597496, 9916427937]] [8270865444.0, [639087.0, 5111919, 163578660, 164463, 163382052, 1090784367]] [316502520, [26250, 195230, 6247200, 13150, 6247200, 24883210]] [5744703064, [446500, 3553222, 113702944, 38734, 113702944, 874356756]] [4480757048, [350214, 2777094, 88670256, 39302, 88670256, 696516614]] [620592721170.0, [47951421.0, 383608719, 12275433555, 10680855, 12275282259, 84521207259]] [21100198392.0, [1681875.0, 13074038, 417716928, 820318, 391764672, 2520971807]]
Model_cost: [62785764146.0, [14436.5, 40282660, 1288904952, 10265764, 49400505, 393122]] [8109917220.0, [31263.0, 5111919, 163578660, 1233519, 77873700, 608859]] [313985400.0, [30.0, 195230, 6247200, 13150, 6247200, 195210]] [5311884944.0, [9975.25, 3327942, 106002464, 38734, 103509152, 3692169016]] [3396067768.0, [2830.0, 2197510, 69492784, 559622, 7768304, 60826]] [609167622978.0, [5691.0, 383608719, 12275433555, 95899671, 6137126091, 47955891]] [2363628496.0, [825.25, 1491702, 47652928, 300446, 25506688, 586079]]
Arch_Param: [32, 2048, 4096, 4, 1024, 16]
SK_cost: [73683346046.66667, [5770538.111111111, 22816417, 1459298552, 1634113, 1443597496, 9916427937]] [8260641828.0, [639087.0, 2556015, 163578660, 164463, 163382052, 1090784367]] [316137040, [26250, 104020, 6247200, 13140, 6247200, 24883210]] [5737620320, [446500, 1783016, 113702944, 38704, 113702944, 874356756]] [4475219256, [350214, 1392646, 88670256, 39302, 88670256, 696516614]] [619825507122.0, [47951421.0, 191805207, 12275433555, 10680855, 12275282259, 84521207259]] [21074146892.0, [1681875.0, 6562107, 417716928, 820259, 391764672, 2520971807]]
Model_cost: [62706369126.0, [14436.5, 20433953, 1288904952, 10265761, 49400505, 389026]] [8099693604.0, [31263.0, 2556015, 163578660, 1233519, 77873700, 608619]] [313620040.0, [31.25, 104020, 6247200, 13140, 6247200, 12289610]] [5305293840.0, [9976.5, 1680616, 106002464, 38704, 103509152, 3704261798]] [3389557816.0, [2826.0, 1094662, 69427248, 576006, 7767792, 60762]] [608400408930.0, [5691.0, 191805207, 12275433555, 95899671, 6137126091, 47955879]] [2359908644.0, [825.25, 763387, 47652928, 287843, 25506688, 328799]]
Arch_Param: [32, 2048, 4096, 8, 256, 16]
SK_cost: [38393773993.333336, [2994342.5555555555, 47352385, 757568376, 845281, 749763768, 5151415969]] [4325336100.0, [333423.0, 5333103, 85328676, 86895, 85328676, 566627439]] [317284680, [26250, 390450, 6247200, 13170, 6247200, 24883210]] [5758919752, [446500, 7106434, 113702944, 38794, 113702944, 874356756]] [2245918008, [175110, 2772998, 44335152, 19654, 44335152, 348258310]] [311078721138.0, [23976942.0, 383626383, 6138012243, 5340891, 6138012243, 42262374363]] [14119343440.0, [1114579.0, 17443052, 278762688, 474836, 265786560, 1747480095]]
Model_cost: [32717764766.0, [7475.75, 41814593, 668963704, 5323905, 49400505, 401314]] [4281244452.0, [29511.0, 5333103, 85328676, 86895, 77870628, 4866975]] [314767560.0, [30.0, 390450, 6247200, 13170, 6247200, 390410]] [5325118592.0, [9975.25, 6635394, 106002464, 38794, 103509152, 3692367452]] [1710095416.0, [1418.0, 2171654, 34746416, 279814, 7768304, 60826]] [308775549066.0, [4077.0, 383626383, 6138012243, 5340891, 6137123727, 383574903]] [1643032296.0, [483.25, 2055020, 32839552, 102356, 25958272, 1527903]]
Arch_Param: [32, 2048, 4096, 8, 512, 16]
SK_cost: [38299068405.333336, [2994342.5555555555, 23676452, 757568376, 845252, 749763768, 5151415969]] [4314670116.0, [333423.0, 2666607, 85328676, 86895, 85328676, 566627439]] [316502520, [26250, 195230, 6247200, 13150, 6247200, 24883210]] [5744703064, [446500, 3553222, 113702944, 38734, 113702944, 874356756]] [2240380216, [175110, 1388550, 44335152, 19654, 44335152, 348258310]] [310311470226.0, [23976942.0, 191813655, 6138012243, 5340891, 6138012243, 42262374363]] [14084449784.0, [1114579.0, 8721526, 278762688, 474718, 265786560, 1747480095]]
Model_cost: [32634134762.0, [7475.75, 20907556, 668963704, 5323876, 49400505, 393122]] [4270578468.0, [29511.0, 2666607, 85328676, 86895, 77870628, 2433543]] [313985400.0, [30.0, 195230, 6247200, 13150, 6247200, 195210]] [5311884944.0, [9975.25, 3327942, 106002464, 38734, 103509152, 3692169016]] [1705803832.0, [1418.0, 1098758, 34746416, 279814, 7768304, 60826]] [308008298154.0, [4077.0, 191813655, 6138012243, 5340891, 6137123727, 191789895]] [1638814352.0, [483.25, 1027510, 32839552, 114782, 25506688, 761183]]
Arch_Param: [32, 2048, 4096, 8, 1024, 16]
SK_cost: [38251741225.333336, [2994342.5555555555, 11844705, 757568376, 845249, 749763768, 5151415969]] [4309337124.0, [333423.0, 1333359, 85328676, 86895, 85328676, 566627439]] [316137040, [26250, 104020, 6247200, 13140, 6247200, 24883210]] [5737620320, [446500, 1783016, 113702944, 38704, 113702944, 874356756]] [2237611320, [175110, 696326, 44335152, 19654, 44335152, 348258310]] [309927844770.0, [23976942.0, 95907291, 6138012243, 5340891, 6138012243, 42262374363]] [14067053132.0, [1114579.0, 4373307, 278762688, 474659, 265786560, 1747480095]]
Model_cost: [32592905246.0, [7475.75, 10600225, 668963704, 5323873, 49400505, 389026]] [4265245476.0, [29511.0, 1333359, 85328676, 86895, 77870628, 1216827]] [313620040.0, [31.25, 104020, 6247200, 13140, 6247200, 12289610]] [5305293840.0, [9976.5, 1680616, 106002464, 38704, 103509152, 3704261798]] [1702548344.0, [1416.0, 547334, 34713648, 288006, 7767792, 60762]] [307624672698.0, [4077.0, 95907291, 6138012243, 5340891, 6137123727, 95897391]] [1636390372.0, [483.25, 522811, 32839552, 108451, 25506688, 387167]]
Arch_Param: [32, 2048, 4096, 16, 256, 16]
SK_cost: [20618896126.666668, [1606836.7777777778, 25429697, 406836408, 451617, 402934968, 2769252001]] [4325336100.0, [333423.0, 5333103, 85328676, 86895, 85328676, 566627439]] [317284680, [26250, 390450, 6247200, 13170, 6247200, 24883210]] [5758919752, [446500, 7106434, 113702944, 38794, 113702944, 874356756]] [1122960696, [87558, 1386502, 22167600, 9830, 22167600, 174129158]] [311078721138.0, [23976942.0, 383626383, 6138012243, 5340891, 6138012243, 42262374363]] [12001989968.0, [938707.0, 14813420, 236848320, 329428, 231408832, 1551650335]]
Model_cost: [17609711752.666664, [4003.527777777778, 22447809, 359126200, 2854337, 49400505, 401314]] [4281244452.0, [29511.0, 5333103, 85328676, 86895, 77870628, 4866975]] [314767560.0, [30.0, 390450, 6247200, 13170, 6247200, 390410]] [5325118592.0, [9975.25, 6635394, 106002464, 38794, 103509152, 3692367452]] [862817656.0, [712.0, 1085830, 17373232, 139910, 7768304, 60826]] [308775549066.0, [4077.0, 383626383, 6138012243, 5340891, 6137123727, 383574903]] [1431570648.0, [349.75, 1783660, 28517760, 63828, 25732480, 1603167]]
Arch_Param: [32, 2048, 4096, 16, 512, 16]
SK_cost: [20568035914.666668, [1606836.7777777778, 12715108, 406836408, 451588, 402934968, 2769252001]] [4314670116.0, [333423.0, 2666607, 85328676, 86895, 85328676, 566627439]] [316502520, [26250, 195230, 6247200, 13150, 6247200, 24883210]] [5744703064, [446500, 3553222, 113702944, 38734, 113702944, 874356756]] [1120191800, [87558, 694278, 22167600, 9830, 22167600, 174129158]] [310311470226.0, [23976942.0, 191813655, 6138012243, 5340891, 6138012243, 42262374363]] [11972355576.0, [938707.0, 7406710, 236848320, 329310, 231408832, 1551650335]]
Model_cost: [17564815316.666664, [4003.527777777778, 11224164, 359126200, 2854308, 49400505, 393122]] [4270578468.0, [29511.0, 2666607, 85328676, 86895, 77870628, 2433543]] [313985400.0, [30.0, 195230, 6247200, 13150, 6247200, 195210]] [5311884944.0, [9975.25, 3327942, 106002464, 38734, 103509152, 3692169016]] [860671864.0, [712.0, 549382, 17373232, 139910, 7768304, 60826]] [308008298154.0, [4077.0, 191813655, 6138012243, 5340891, 6137123727, 191789895]] [1427953792.0, [349.75, 891830, 28517760, 70110, 25506688, 761183]]
Arch_Param: [32, 2048, 4096, 16, 1024, 16]
SK_cost: [20542619006.666668, [1606836.7777777778, 6360929, 406836408, 451585, 402934968, 2769252001]] [4309337124.0, [333423.0, 1333359, 85328676, 86895, 85328676, 566627439]] [316137040, [26250, 104020, 6247200, 13140, 6247200, 24883210]] [5737620320, [446500, 1783016, 113702944, 38704, 113702944, 874356756]] [1118807352, [87558, 348166, 22167600, 9830, 22167600, 174129158]] [309927844770.0, [23976942.0, 95907291, 6138012243, 5340891, 6138012243, 42262374363]] [11957563980.0, [938707.0, 3709755, 236848320, 329251, 231408832, 1551650335]]
Model_cost: [17542661384.666664, [4003.527777777778, 5685729, 359126200, 2854305, 49400505, 389026]] [4265245476.0, [29511.0, 1333359, 85328676, 86895, 77870628, 1216827]] [313620040.0, [31.25, 104020, 6247200, 13140, 6247200, 12289610]] [5305293840.0, [9976.5, 1680616, 106002464, 38704, 103509152, 3704261798]] [859043608.0, [711.0, 273670, 17356848, 144006, 7767792, 60762]] [307624672698.0, [4077.0, 95907291, 6138012243, 5340891, 6137123727, 95897391]] [1425980884.0, [349.75, 450747, 28517760, 66851, 25506688, 387167]]
Arch_Param: [32, 2048, 4096, 32, 256, 16]
SK_cost: [11734313726.666666, [913375.4444444445, 14471873, 231526584, 254913, 229575864, 1578446497]] [4325336100.0, [333423.0, 5333103, 85328676, 86895, 85328676, 566627439]] [317284680, [26250, 390450, 6247200, 13170, 6247200, 24883210]] [5758919752, [446500, 7106434, 113702944, 38794, 113702944, 874356756]] [561482040, [43782, 693254, 11083824, 4918, 11083824, 87064582]] [311078721138.0, [23976942.0, 383626383, 6138012243, 5340891, 6138012243, 42262374363]] [10943313232.0, [850771.0, 13498604, 215891136, 256724, 214219968, 1453735455]]
Model_cost: [10058433032.666668, [2258.1944444444443, 12767937, 204263608, 1620161, 49400505, 401314]] [4281244452.0, [29511.0, 5333103, 85328676, 86895, 77870628, 4866975]] [314767560.0, [30.0, 390450, 6247200, 13170, 6247200, 390410]] [5325118592.0, [9975.25, 6635394, 106002464, 38794, 103509152, 3692367452]] [435590680.0, [359.0, 542918, 8686640, 13894, 7768304, 476570]] [308775549066.0, [4077.0, 383626383, 6138012243, 5340891, 6137123727, 383574903]] [1325422032.0, [283.0, 1647980, 26356864, 38036, 25619584, 1599583]]
Arch_Param: [32, 2048, 4096, 32, 512, 16]
SK_cost: [11705369162.666666, [913375.4444444445, 7236196, 231526584, 254884, 229575864, 1578446497]] [4314670116.0, [333423.0, 2666607, 85328676, 86895, 85328676, 566627439]] [316502520, [26250, 195230, 6247200, 13150, 6247200, 24883210]] [5744703064, [446500, 3553222, 113702944, 38734, 113702944, 874356756]] [560097592, [43782, 347142, 11083824, 4918, 11083824, 87064582]] [310311470226.0, [23976942.0, 191813655, 6138012243, 5340891, 6138012243, 42262374363]] [10916308472.0, [850771.0, 6749302, 215891136, 256606, 214219968, 1453735455]]
Model_cost: [10032896340.666668, [2258.1944444444443, 6384228, 204263608, 1620132, 49400505, 393122]] [4270578468.0, [29511.0, 2666607, 85328676, 86895, 77870628, 2433543]] [313985400.0, [30.0, 195230, 6247200, 13150, 6247200, 195210]] [5311884944.0, [9975.25, 3327942, 106002464, 38734, 103509152, 3692169016]] [434517784.0, [359.0, 274694, 8686640, 13894, 7768304, 239002]] [308008298154.0, [4077.0, 191813655, 6138012243, 5340891, 6137123727, 191789895]] [1322105720.0, [283.0, 823990, 26356864, 41246, 25506688, 791903]]
Arch_Param: [32, 2048, 4096, 32, 1024, 16]
SK_cost: [11690903934.666666, [913375.4444444445, 3619937, 231526584, 254881, 229575864, 1578446497]] [4309337124.0, [333423.0, 1333359, 85328676, 86895, 85328676, 566627439]] [316137040, [26250, 104020, 6247200, 13140, 6247200, 24883210]] [5737620320, [446500, 1783016, 113702944, 38704, 113702944, 874356756]] [559405368, [43782, 174086, 11083824, 4918, 11083824, 87064582]] [309927844770.0, [23976942.0, 95907291, 6138012243, 5340891, 6138012243, 42262374363]] [10902819404.0, [850771.0, 3377979, 215891136, 256547, 214219968, 1453735455]]
Model_cost: [10020277896.666668, [2258.1944444444443, 3229665, 204263608, 1620129, 49400505, 389026]] [4265245476.0, [29511.0, 1333359, 85328676, 86895, 77870628, 1216827]] [313620040.0, [31.25, 104020, 6247200, 13140, 6247200, 12289610]] [5305293840.0, [9976.5, 1680616, 106002464, 38704, 103509152, 3704261798]] [433703192.0, [359.0, 136838, 8678448, 15942, 7767792, 120154]] [307624672698.0, [4077.0, 95907291, 6138012243, 5340891, 6137123727, 95897391]] [1320358348.0, [283.0, 414715, 26356864, 39523, 25506688, 397407]]
Arch_Param: [32, 2048, 2048, 4, 256, 16]
SK_cost: [74502016788.0, [11448421.0, 91214401, 1459298552, 1634145, 1443597496, 9916427937]] [8352654372.0, [1278063.0, 10223727, 163578660, 164463, 163382052, 1090784367]] [319773000, [52170, 390450, 6247200, 13170, 6247200, 24883210]] [5801671240, [891828, 7106434, 113702944, 38794, 113702944, 874356756]] [4525452600, [700422, 5545990, 88670256, 39302, 88670256, 696516614]] [626730470418.0, [95902683.0, 767215743, 12275433555, 10680855, 12275282259, 84521207259]] [21310275024.0, [3325343.0, 26148076, 417716928, 820436, 391764672, 2520971807]]
Model_cost: [62948276150.0, [28828.0, 80564801, 1288904952, 10265793, 49400505, 401314]] [8133355044.0, [62415.0, 10223727, 163578660, 1233519, 77873700, 609339]] [314769480.0, [50.0, 390450, 6247200, 13170, 6247200, 390410]] [5326074296.0, [19930.5, 6635394, 106002464, 38794, 103509152, 3692367452]] [3404922040.0, [5654.0, 4343302, 69492784, 559622, 7768304, 60826]] [610702582146.0, [11223.0, 767215743, 12275433555, 95899671, 6137126091, 47955915]] [2369899104.0, [1624.5, 2983404, 47652928, 275476, 26419264, 1119327]]
Arch_Param: [32, 2048, 2048, 4, 512, 16]
SK_cost: [74319587168.0, [11448421.0, 45607460, 1459298552, 1634116, 1443597496, 9916427937]] [8332207140.0, [1278063.0, 5111919, 163578660, 164463, 163382052, 1090784367]] [318990840, [52170, 195230, 6247200, 13150, 6247200, 24883210]] [5787454552, [891828, 3553222, 113702944, 38734, 113702944, 874356756]] [4514377016, [700422, 2777094, 88670256, 39302, 88670256, 696516614]] [625196042322.0, [95902683.0, 383608719, 12275433555, 10680855, 12275282259, 84521207259]] [21257971320.0, [3325343.0, 13074038, 417716928, 820318, 391764672, 2520971807]]
Model_cost: [62787145730.0, [28828.0, 40282660, 1288904952, 10265764, 49400505, 393122]] [8112907812.0, [62415.0, 5111919, 163578660, 1233519, 77873700, 608859]] [313987320.0, [50.0, 195230, 6247200, 13150, 6247200, 195210]] [5312840648.0, [19930.5, 3327942, 106002464, 38734, 103509152, 3692169016]] [3396338872.0, [5654.0, 2197510, 69492784, 559622, 7768304, 60826]] [609168154050.0, [11223.0, 383608719, 12275433555, 95899671, 6137126091, 47955891]] [2363705224.0, [1624.5, 1491702, 47652928, 300446, 25506688, 586079]]
Arch_Param: [32, 2048, 2048, 4, 1024, 16]
SK_cost: [74228422804.0, [11448421.0, 22816417, 1459298552, 1634113, 1443597496, 9916427937]] [8321983524.0, [1278063.0, 2556015, 163578660, 164463, 163382052, 1090784367]] [318625360, [52170, 104020, 6247200, 13140, 6247200, 24883210]] [5780371808, [891828, 1783016, 113702944, 38704, 113702944, 874356756]] [4508839224, [700422, 1392646, 88670256, 39302, 88670256, 696516614]] [624428828274.0, [95902683.0, 191805207, 12275433555, 10680855, 12275282259, 84521207259]] [21231919820.0, [3325343.0, 6562107, 417716928, 820259, 391764672, 2520971807]]
Model_cost: [62707750710.0, [28828.0, 20433953, 1288904952, 10265761, 49400505, 389026]] [8102684196.0, [62415.0, 2556015, 163578660, 1233519, 77873700, 608619]] [313622080.0, [52.5, 104020, 6247200, 13140, 6247200, 12289610]] [5306249664.0, [19933.0, 1680616, 106002464, 38704, 103509152, 3704261798]] [3389828536.0, [5646.0, 1094662, 69427248, 576006, 7767792, 60762]] [608400940002.0, [11223.0, 191805207, 12275433555, 95899671, 6137126091, 47955879]] [2359985372.0, [1624.5, 763387, 47652928, 287843, 25506688, 328799]]
Arch_Param: [32, 2048, 2048, 8, 256, 16]
SK_cost: [38676781844.0, [5942341.0, 47352385, 757568376, 845281, 749763768, 5151415969]] [4357334052.0, [666735.0, 5333103, 85328676, 86895, 85328676, 566627439]] [319773000, [52170, 390450, 6247200, 13170, 6247200, 24883210]] [5801671240, [891828, 7106434, 113702944, 38794, 113702944, 874356756]] [2262727992, [350214, 2772998, 44335152, 19654, 44335152, 348258310]] [313380492306.0, [47953725.0, 383626383, 6138012243, 5340891, 6138012243, 42262374363]] [14224425424.0, [2209183.0, 17443052, 278762688, 474836, 265786560, 1747480095]]
Model_cost: [32718477446.0, [14899.5, 41814593, 668963704, 5323905, 49400505, 401314]] [4284066852.0, [58911.0, 5333103, 85328676, 86895, 77870628, 4866975]] [314769480.0, [50.0, 390450, 6247200, 13170, 6247200, 390410]] [5326074296.0, [19930.5, 6635394, 106002464, 38794, 103509152, 3692367452]] [1710230968.0, [2830.0, 2171654, 34746416, 279814, 7768304, 60826]] [308775925194.0, [7995.0, 383626383, 6138012243, 5340891, 6137123727, 383574903]] [1643077920.0, [958.5, 2055020, 32839552, 102356, 25958272, 1527903]]
Arch_Param: [32, 2048, 2048, 8, 512, 16]
SK_cost: [38582076256.0, [5942341.0, 23676452, 757568376, 845252, 749763768, 5151415969]] [4346668068.0, [666735.0, 2666607, 85328676, 86895, 85328676, 566627439]] [318990840, [52170, 195230, 6247200, 13150, 6247200, 24883210]] [5787454552, [891828, 3553222, 113702944, 38734, 113702944, 874356756]] [2257190200, [350214, 1388550, 44335152, 19654, 44335152, 348258310]] [312613241394.0, [47953725.0, 191813655, 6138012243, 5340891, 6138012243, 42262374363]] [14189531768.0, [2209183.0, 8721526, 278762688, 474718, 265786560, 1747480095]]
Model_cost: [32634847442.0, [14899.5, 20907556, 668963704, 5323876, 49400505, 393122]] [4273400868.0, [58911.0, 2666607, 85328676, 86895, 77870628, 2433543]] [313987320.0, [50.0, 195230, 6247200, 13150, 6247200, 195210]] [5312840648.0, [19930.5, 3327942, 106002464, 38734, 103509152, 3692169016]] [1705939384.0, [2830.0, 1098758, 34746416, 279814, 7768304, 60826]] [308008674282.0, [7995.0, 191813655, 6138012243, 5340891, 6137123727, 191789895]] [1638859976.0, [958.5, 1027510, 32839552, 114782, 25506688, 761183]]
Arch_Param: [32, 2048, 2048, 8, 1024, 16]
SK_cost: [38534749076.0, [5942341.0, 11844705, 757568376, 845249, 749763768, 5151415969]] [4341335076.0, [666735.0, 1333359, 85328676, 86895, 85328676, 566627439]] [318625360, [52170, 104020, 6247200, 13140, 6247200, 24883210]] [5780371808, [891828, 1783016, 113702944, 38704, 113702944, 874356756]] [2254421304, [350214, 696326, 44335152, 19654, 44335152, 348258310]] [312229615938.0, [47953725.0, 95907291, 6138012243, 5340891, 6138012243, 42262374363]] [14172135116.0, [2209183.0, 4373307, 278762688, 474659, 265786560, 1747480095]]
Model_cost: [32593617926.0, [14899.5, 10600225, 668963704, 5323873, 49400505, 389026]] [4268067876.0, [58911.0, 1333359, 85328676, 86895, 77870628, 1216827]] [313622080.0, [52.5, 104020, 6247200, 13140, 6247200, 12289610]] [5306249664.0, [19933.0, 1680616, 106002464, 38704, 103509152, 3704261798]] [1702683704.0, [2826.0, 547334, 34713648, 288006, 7767792, 60762]] [307625048826.0, [7995.0, 95907291, 6138012243, 5340891, 6137123727, 95897391]] [1636435996.0, [958.5, 522811, 32839552, 108451, 25506688, 387167]]
Arch_Param: [32, 2048, 2048, 16, 256, 16]
SK_cost: [20770917140.0, [3190389.0, 25429697, 406836408, 451617, 402934968, 2769252001]] [4357334052.0, [666735.0, 5333103, 85328676, 86895, 85328676, 566627439]] [319773000, [52170, 390450, 6247200, 13170, 6247200, 24883210]] [5801671240, [891828, 7106434, 113702944, 38794, 113702944, 874356756]] [1131365688, [175110, 1386502, 22167600, 9830, 22167600, 174129158]] [313380492306.0, [47953725.0, 383626383, 6138012243, 5340891, 6138012243, 42262374363]] [12091072976.0, [1866655.0, 14813420, 236848320, 329428, 231408832, 1551650335]]
Model_cost: [17610089990.0, [7943.5, 22447809, 359126200, 2854337, 49400505, 401314]] [4284066852.0, [58911.0, 5333103, 85328676, 86895, 77870628, 4866975]] [314769480.0, [50.0, 390450, 6247200, 13170, 6247200, 390410]] [5326074296.0, [19930.5, 6635394, 106002464, 38794, 103509152, 3692367452]] [862885432.0, [1418.0, 1085830, 17373232, 139910, 7768304, 60826]] [308775925194.0, [7995.0, 383626383, 6138012243, 5340891, 6137123727, 383574903]] [1431603456.0, [691.5, 1783660, 28517760, 63828, 25732480, 1527903]]
Arch_Param: [32, 2048, 2048, 16, 512, 16]
SK_cost: [20720056928.0, [3190389.0, 12715108, 406836408, 451588, 402934968, 2769252001]] [4346668068.0, [666735.0, 2666607, 85328676, 86895, 85328676, 566627439]] [318990840, [52170, 195230, 6247200, 13150, 6247200, 24883210]] [5787454552, [891828, 3553222, 113702944, 38734, 113702944, 874356756]] [1128596792, [175110, 694278, 22167600, 9830, 22167600, 174129158]] [312613241394.0, [47953725.0, 191813655, 6138012243, 5340891, 6138012243, 42262374363]] [12061438584.0, [1866655.0, 7406710, 236848320, 329310, 231408832, 1551650335]]
Model_cost: [17565193554.0, [7943.5, 11224164, 359126200, 2854308, 49400505, 393122]] [4273400868.0, [58911.0, 2666607, 85328676, 86895, 77870628, 2433543]] [313987320.0, [50.0, 195230, 6247200, 13150, 6247200, 195210]] [5312840648.0, [19930.5, 3327942, 106002464, 38734, 103509152, 3692169016]] [860739640.0, [1418.0, 549382, 17373232, 139910, 7768304, 60826]] [308008674282.0, [7995.0, 191813655, 6138012243, 5340891, 6137123727, 191789895]] [1427986600.0, [691.5, 891830, 28517760, 70110, 25506688, 761183]]
Arch_Param: [32, 2048, 2048, 16, 1024, 16]
SK_cost: [20694640020.0, [3190389.0, 6360929, 406836408, 451585, 402934968, 2769252001]] [4341335076.0, [666735.0, 1333359, 85328676, 86895, 85328676, 566627439]] [318625360, [52170, 104020, 6247200, 13140, 6247200, 24883210]] [5780371808, [891828, 1783016, 113702944, 38704, 113702944, 874356756]] [1127212344, [175110, 348166, 22167600, 9830, 22167600, 174129158]] [312229615938.0, [47953725.0, 95907291, 6138012243, 5340891, 6138012243, 42262374363]] [12046646988.0, [1866655.0, 3709755, 236848320, 329251, 231408832, 1551650335]]
Model_cost: [17543039622.0, [7943.5, 5685729, 359126200, 2854305, 49400505, 389026]] [4268067876.0, [58911.0, 1333359, 85328676, 86895, 77870628, 1216827]] [313622080.0, [52.5, 104020, 6247200, 13140, 6247200, 12289610]] [5306249664.0, [19933.0, 1680616, 106002464, 38704, 103509152, 3704261798]] [859111288.0, [1416.0, 273670, 17356848, 144006, 7767792, 60762]] [307625048826.0, [7995.0, 95907291, 6138012243, 5340891, 6137123727, 95897391]] [1426013692.0, [691.5, 450747, 28517760, 66851, 25506688, 387167]]
Arch_Param: [32, 2048, 2048, 32, 256, 16]
SK_cost: [11820860180.0, [1814901.0, 14471873, 231526584, 254913, 229575864, 1578446497]] [4357334052.0, [666735.0, 5333103, 85328676, 86895, 85328676, 566627439]] [319773000, [52170, 390450, 6247200, 13170, 6247200, 24883210]] [5801671240, [891828, 7106434, 113702944, 38794, 113702944, 874356756]] [565684536, [87558, 693254, 11083824, 4918, 11083824, 87064582]] [313380492306.0, [47953725.0, 383626383, 6138012243, 5340891, 6138012243, 42262374363]] [11024396752.0, [1695391.0, 13498604, 215891136, 256724, 214219968, 1453735455]]
Model_cost: [10058645510.0, [4471.5, 12767937, 204263608, 1620161, 49400505, 401314]] [4284066852.0, [58911.0, 5333103, 85328676, 86895, 77870628, 4866975]] [314769480.0, [50.0, 390450, 6247200, 13170, 6247200, 390410]] [5326074296.0, [19930.5, 6635394, 106002464, 38794, 103509152, 3692367452]] [435624568.0, [712.0, 542918, 8686640, 13894, 7768304, 476570]] [308775925194.0, [7995.0, 383626383, 6138012243, 5340891, 6137123727, 383574903]] [1325446704.0, [540.0, 1647980, 26356864, 38036, 25619584, 1599583]]
Arch_Param: [32, 2048, 2048, 32, 512, 16]
SK_cost: [11791915616.0, [1814901.0, 7236196, 231526584, 254884, 229575864, 1578446497]] [4346668068.0, [666735.0, 2666607, 85328676, 86895, 85328676, 566627439]] [318990840, [52170, 195230, 6247200, 13150, 6247200, 24883210]] [5787454552, [891828, 3553222, 113702944, 38734, 113702944, 874356756]] [564300088, [87558, 347142, 11083824, 4918, 11083824, 87064582]] [312613241394.0, [47953725.0, 191813655, 6138012243, 5340891, 6138012243, 42262374363]] [10997391992.0, [1695391.0, 6749302, 215891136, 256606, 214219968, 1453735455]]
Model_cost: [10033108818.0, [4471.5, 6384228, 204263608, 1620132, 49400505, 393122]] [4273400868.0, [58911.0, 2666607, 85328676, 86895, 77870628, 2433543]] [313987320.0, [50.0, 195230, 6247200, 13150, 6247200, 195210]] [5312840648.0, [19930.5, 3327942, 106002464, 38734, 103509152, 3692169016]] [434551672.0, [712.0, 274694, 8686640, 13894, 7768304, 239002]] [308008674282.0, [7995.0, 191813655, 6138012243, 5340891, 6137123727, 191789895]] [1322130392.0, [540.0, 823990, 26356864, 41246, 25506688, 791903]]
Arch_Param: [32, 2048, 2048, 32, 1024, 16]
SK_cost: [11777450388.0, [1814901.0, 3619937, 231526584, 254881, 229575864, 1578446497]] [4341335076.0, [666735.0, 1333359, 85328676, 86895, 85328676, 566627439]] [318625360, [52170, 104020, 6247200, 13140, 6247200, 24883210]] [5780371808, [891828, 1783016, 113702944, 38704, 113702944, 874356756]] [563607864, [87558, 174086, 11083824, 4918, 11083824, 87064582]] [312229615938.0, [47953725.0, 95907291, 6138012243, 5340891, 6138012243, 42262374363]] [10983902924.0, [1695391.0, 3377979, 215891136, 256547, 214219968, 1453735455]]
Model_cost: [10020490374.0, [4471.5, 3229665, 204263608, 1620129, 49400505, 389026]] [4268067876.0, [58911.0, 1333359, 85328676, 86895, 77870628, 1216827]] [313622080.0, [52.5, 104020, 6247200, 13140, 6247200, 12289610]] [5306249664.0, [19933.0, 1680616, 106002464, 38704, 103509152, 3704261798]] [433736984.0, [711.0, 136838, 8678448, 15942, 7767792, 120154]] [307625048826.0, [7995.0, 95907291, 6138012243, 5340891, 6137123727, 95897391]] [1320383020.0, [540.0, 414715, 26356864, 39523, 25506688, 397407]]
Arch_Param: [32, 2048, 1024, 4, 256, 16]
SK_cost: [75592104084.0, [22803497.0, 91214401, 1459298552, 1634145, 1443597496, 9916427937]] [8475337764.0, [2556015.0, 10223727, 163578660, 164463, 163382052, 1090784367]] [324750600, [104020, 390450, 6247200, 13170, 6247200, 24883210]] [5887225288, [1783016, 7106434, 113702944, 38794, 113702944, 874356756]] [4591906104, [1392646, 5545990, 88670256, 39302, 88670256, 696516614]] [635937112722.0, [191805207.0, 767215743, 12275433555, 10680855, 12275282259, 84521207259]] [21621004368.0, [6562107.0, 26148076, 417716928, 820436, 391764672, 2520971807]]
Model_cost: [62951038742.0, [57605.0, 80564801, 1288904952, 10265793, 49400505, 401314]] [8139336228.0, [124719.0, 10223727, 163578660, 1233519, 77873700, 609339]] [314774280.0, [100.0, 390450, 6247200, 13170, 6247200, 390410]] [5327986664.0, [39851.0, 6635394, 106002464, 38794, 103509152, 3692367452]] [3405464248, [11302, 4343302, 69492784, 559622, 7768304, 60826]] [610703570562.0, [21519.0, 767215743, 12275433555, 95899671, 6137126091, 47951187]] [2370054768.0, [3246.0, 2983404, 47652928, 275476, 26419264, 1138143]]
Arch_Param: [32, 2048, 1024, 4, 512, 16]
SK_cost: [75409674464.0, [22803497.0, 45607460, 1459298552, 1634116, 1443597496, 9916427937]] [8454890532.0, [2556015.0, 5111919, 163578660, 164463, 163382052, 1090784367]] [323968440, [104020, 195230, 6247200, 13150, 6247200, 24883210]] [5873008600, [1783016, 3553222, 113702944, 38734, 113702944, 874356756]] [4580830520, [1392646, 2777094, 88670256, 39302, 88670256, 696516614]] [634402684626.0, [191805207.0, 383608719, 12275433555, 10680855, 12275282259, 84521207259]] [21568700664.0, [6562107.0, 13074038, 417716928, 820318, 391764672, 2520971807]]
Model_cost: [62789908322.0, [57605.0, 40282660, 1288904952, 10265764, 49400505, 393122]] [8118888996.0, [124719.0, 5111919, 163578660, 1233519, 77873700, 608859]] [313992120.0, [100.0, 195230, 6247200, 13150, 6247200, 195210]] [5314753016.0, [39851.0, 3327942, 106002464, 38734, 103509152, 3692169016]] [3396881080, [11302, 2197510, 69492784, 559622, 7768304, 60826]] [609169142466.0, [21519.0, 383608719, 12275433555, 95899671, 6137126091, 47951163]] [2363860888.0, [3246.0, 1491702, 47652928, 300446, 25506688, 586079]]
Arch_Param: [32, 2048, 1024, 4, 1024, 16]
SK_cost: [75318510100.0, [22803497.0, 22816417, 1459298552, 1634113, 1443597496, 9916427937]] [8444666916.0, [2556015.0, 2556015, 163578660, 164463, 163382052, 1090784367]] [323602960, [104020, 104020, 6247200, 13140, 6247200, 24883210]] [5865925856, [1783016, 1783016, 113702944, 38704, 113702944, 874356756]] [4575292728, [1392646, 1392646, 88670256, 39302, 88670256, 696516614]] [633635470578.0, [191805207.0, 191805207, 12275433555, 10680855, 12275282259, 84521207259]] [21542649164.0, [6562107.0, 6562107, 417716928, 820259, 391764672, 2520971807]]
Model_cost: [62710513302.0, [57605.0, 20433953, 1288904952, 10265761, 49400505, 389026]] [8108665380.0, [124719.0, 2556015, 163578660, 1233519, 77873700, 608619]] [313627120.0, [105.0, 104020, 6247200, 13140, 6247200, 12289610]] [5308162272.0, [39856.0, 1680616, 106002464, 38704, 103509152, 3704261798]] [3390369976, [11286, 1094662, 69427248, 576006, 7767792, 60762]] [608401928418.0, [21519.0, 191805207, 12275433555, 95899671, 6137126091, 47951151]] [2360141036.0, [3246.0, 763387, 47652928, 287843, 25506688, 328799]]
Arch_Param: [32, 2048, 1024, 8, 256, 16]
SK_cost: [39242764436.0, [11837993.0, 47352385, 757568376, 845281, 749763768, 5151415969]] [4421329956.0, [1333359.0, 5333103, 85328676, 86895, 85328676, 566627439]] [324750600, [104020, 390450, 6247200, 13170, 6247200, 24883210]] [5887225288, [1783016, 7106434, 113702944, 38794, 113702944, 874356756]] [2295954744, [696326, 2772998, 44335152, 19654, 44335152, 348258310]] [317984034642.0, [95907291.0, 383626383, 6138012243, 5340891, 6138012243, 42262374363]] [14432181328.0, [4373307.0, 17443052, 278762688, 474836, 265786560, 1747480095]]
Model_cost: [32719903478.0, [29754.0, 41814593, 668963704, 5323905, 49400505, 401314]] [4289711652.0, [117711.0, 5333103, 85328676, 86895, 77870628, 4866975]] [314774280.0, [100.0, 390450, 6247200, 13170, 6247200, 390410]] [5327986664.0, [39851.0, 6635394, 106002464, 38794, 103509152, 3692367452]] [1710502072, [5654, 2171654, 34746416, 279814, 7768304, 60826]] [308776677450.0, [15831.0, 383626383, 6138012243, 5340891, 6137123727, 383574903]] [1643169552.0, [1913.0, 2055020, 32839552, 102356, 25958272, 1527903]]
Arch_Param: [32, 2048, 1024, 8, 512, 16]
SK_cost: [39148058848.0, [11837993.0, 23676452, 757568376, 845252, 749763768, 5151415969]] [4410663972.0, [1333359.0, 2666607, 85328676, 86895, 85328676, 566627439]] [323968440, [104020, 195230, 6247200, 13150, 6247200, 24883210]] [5873008600, [1783016, 3553222, 113702944, 38734, 113702944, 874356756]] [2290416952, [696326, 1388550, 44335152, 19654, 44335152, 348258310]] [317216783730.0, [95907291.0, 191813655, 6138012243, 5340891, 6138012243, 42262374363]] [14397287672.0, [4373307.0, 8721526, 278762688, 474718, 265786560, 1747480095]]
Model_cost: [32636273474.0, [29754.0, 20907556, 668963704, 5323876, 49400505, 393122]] [4279045668.0, [117711.0, 2666607, 85328676, 86895, 77870628, 2433543]] [313992120.0, [100.0, 195230, 6247200, 13150, 6247200, 195210]] [5314753016.0, [39851.0, 3327942, 106002464, 38734, 103509152, 3692169016]] [1706210488, [5654, 1098758, 34746416, 279814, 7768304, 60826]] [308009426538.0, [15831.0, 191813655, 6138012243, 5340891, 6137123727, 191789895]] [1638951608.0, [1913.0, 1027510, 32839552, 114782, 25506688, 761183]]
Arch_Param: [32, 2048, 1024, 8, 1024, 16]
SK_cost: [39100731668.0, [11837993.0, 11844705, 757568376, 845249, 749763768, 5151415969]] [4405330980.0, [1333359.0, 1333359, 85328676, 86895, 85328676, 566627439]] [323602960, [104020, 104020, 6247200, 13140, 6247200, 24883210]] [5865925856, [1783016, 1783016, 113702944, 38704, 113702944, 874356756]] [2287648056, [696326, 696326, 44335152, 19654, 44335152, 348258310]] [316833158274.0, [95907291.0, 95907291, 6138012243, 5340891, 6138012243, 42262374363]] [14379891020.0, [4373307.0, 4373307, 278762688, 474659, 265786560, 1747480095]]
Model_cost: [32595043958.0, [29754.0, 10600225, 668963704, 5323873, 49400505, 389026]] [4273712676.0, [117711.0, 1333359, 85328676, 86895, 77870628, 1216827]] [313627120.0, [105.0, 104020, 6247200, 13140, 6247200, 12289610]] [5308162272.0, [39856.0, 1680616, 106002464, 38704, 103509152, 3704261798]] [1702954424, [5646, 547334, 34713648, 288006, 7767792, 60762]] [307625801082.0, [15831.0, 95907291, 6138012243, 5340891, 6137123727, 95897391]] [1636527628.0, [1913.0, 522811, 32839552, 108451, 25506688, 387167]]
Arch_Param: [32, 2048, 1024, 16, 256, 16]
SK_cost: [21074942612.0, [6357321.0, 25429697, 406836408, 451617, 402934968, 2769252001]] [4421329956.0, [1333359.0, 5333103, 85328676, 86895, 85328676, 566627439]] [324750600, [104020, 390450, 6247200, 13170, 6247200, 24883210]] [5887225288, [1783016, 7106434, 113702944, 38794, 113702944, 874356756]] [1147979064, [348166, 1386502, 22167600, 9830, 22167600, 174129158]] [317984034642.0, [95907291.0, 383626383, 6138012243, 5340891, 6138012243, 42262374363]] [12268010576.0, [3709755.0, 14813420, 236848320, 329428, 231408832, 1551650335]]
Model_cost: [17610849302.0, [15853.0, 22447809, 359126200, 2854337, 49400505, 401314]] [4289711652.0, [117711.0, 5333103, 85328676, 86895, 77870628, 4866975]] [314774280.0, [100.0, 390450, 6247200, 13170, 6247200, 390410]] [5327986664.0, [39851.0, 6635394, 106002464, 38794, 103509152, 3692367452]] [863020984, [2830, 1085830, 17373232, 139910, 7768304, 60826]] [308776677450.0, [15831.0, 383626383, 6138012243, 5340891, 6137123727, 383574903]] [1431667824.0, [1362.0, 1783660, 28517760, 63828, 25732480, 1527903]]
Arch_Param: [32, 2048, 1024, 16, 512, 16]
SK_cost: [21024082400.0, [6357321.0, 12715108, 406836408, 451588, 402934968, 2769252001]] [4410663972.0, [1333359.0, 2666607, 85328676, 86895, 85328676, 566627439]] [323968440, [104020, 195230, 6247200, 13150, 6247200, 24883210]] [5873008600, [1783016, 3553222, 113702944, 38734, 113702944, 874356756]] [1145210168, [348166, 694278, 22167600, 9830, 22167600, 174129158]] [317216783730.0, [95907291.0, 191813655, 6138012243, 5340891, 6138012243, 42262374363]] [12238376184.0, [3709755.0, 7406710, 236848320, 329310, 231408832, 1551650335]]
Model_cost: [17565952866.0, [15853.0, 11224164, 359126200, 2854308, 49400505, 393122]] [4279045668.0, [117711.0, 2666607, 85328676, 86895, 77870628, 2433543]] [313992120.0, [100.0, 195230, 6247200, 13150, 6247200, 195210]] [5314753016.0, [39851.0, 3327942, 106002464, 38734, 103509152, 3692169016]] [860875192, [2830, 549382, 17373232, 139910, 7768304, 60826]] [308009426538.0, [15831.0, 191813655, 6138012243, 5340891, 6137123727, 191789895]] [1428050968.0, [1362.0, 891830, 28517760, 70110, 25506688, 761183]]
Arch_Param: [32, 2048, 1024, 16, 1024, 16]
SK_cost: [20998665492.0, [6357321.0, 6360929, 406836408, 451585, 402934968, 2769252001]] [4405330980.0, [1333359.0, 1333359, 85328676, 86895, 85328676, 566627439]] [323602960, [104020, 104020, 6247200, 13140, 6247200, 24883210]] [5865925856, [1783016, 1783016, 113702944, 38704, 113702944, 874356756]] [1143825720, [348166, 348166, 22167600, 9830, 22167600, 174129158]] [316833158274.0, [95907291.0, 95907291, 6138012243, 5340891, 6138012243, 42262374363]] [12223584588.0, [3709755.0, 3709755, 236848320, 329251, 231408832, 1551650335]]
Model_cost: [17543798934.0, [15853.0, 5685729, 359126200, 2854305, 49400505, 389026]] [4273712676.0, [117711.0, 1333359, 85328676, 86895, 77870628, 1216827]] [313627120.0, [105.0, 104020, 6247200, 13140, 6247200, 12289610]] [5308162272.0, [39856.0, 1680616, 106002464, 38704, 103509152, 3704261798]] [859246648, [2826, 273670, 17356848, 144006, 7767792, 60762]] [307625801082.0, [15831.0, 95907291, 6138012243, 5340891, 6137123727, 95897391]] [1426078060.0, [1362.0, 450747, 28517760, 66851, 25506688, 387167]]
Arch_Param: [32, 2048, 1024, 32, 256, 16]
SK_cost: [11993944724.0, [3617865.0, 14471873, 231526584, 254913, 229575864, 1578446497]] [4421329956.0, [1333359.0, 5333103, 85328676, 86895, 85328676, 566627439]] [324750600, [104020, 390450, 6247200, 13170, 6247200, 24883210]] [5887225288, [1783016, 7106434, 113702944, 38794, 113702944, 874356756]] [573991224, [174086, 693254, 11083824, 4918, 11083824, 87064582]] [317984034642.0, [95907291.0, 383626383, 6138012243, 5340891, 6138012243, 42262374363]] [11185925200.0, [3377979.0, 13498604, 215891136, 256724, 214219968, 1453735455]]
Model_cost: [10059071510.0, [8909.0, 12767937, 204263608, 1620161, 49400505, 401314]] [4289711652.0, [117711.0, 5333103, 85328676, 86895, 77870628, 4866975]] [314774280.0, [100.0, 390450, 6247200, 13170, 6247200, 390410]] [5327986664.0, [39851.0, 6635394, 106002464, 38794, 103509152, 3692367452]] [435692344.0, [1418.0, 542918, 8686640, 13894, 7768304, 476570]] [308776677450.0, [15831.0, 383626383, 6138012243, 5340891, 6137123727, 383574903]] [1325498256.0, [1077.0, 1647980, 26356864, 38036, 25619584, 1599583]]
Arch_Param: [32, 2048, 1024, 32, 512, 16]
SK_cost: [11965000160.0, [3617865.0, 7236196, 231526584, 254884, 229575864, 1578446497]] [4410663972.0, [1333359.0, 2666607, 85328676, 86895, 85328676, 566627439]] [323968440, [104020, 195230, 6247200, 13150, 6247200, 24883210]] [5873008600, [1783016, 3553222, 113702944, 38734, 113702944, 874356756]] [572606776, [174086, 347142, 11083824, 4918, 11083824, 87064582]] [317216783730.0, [95907291.0, 191813655, 6138012243, 5340891, 6138012243, 42262374363]] [11158920440.0, [3377979.0, 6749302, 215891136, 256606, 214219968, 1453735455]]
Model_cost: [10033534818.0, [8909.0, 6384228, 204263608, 1620132, 49400505, 393122]] [4279045668.0, [117711.0, 2666607, 85328676, 86895, 77870628, 2433543]] [313992120.0, [100.0, 195230, 6247200, 13150, 6247200, 195210]] [5314753016.0, [39851.0, 3327942, 106002464, 38734, 103509152, 3692169016]] [434619448.0, [1418.0, 274694, 8686640, 13894, 7768304, 239002]] [308009426538.0, [15831.0, 191813655, 6138012243, 5340891, 6137123727, 191789895]] [1322181944.0, [1077.0, 823990, 26356864, 41246, 25506688, 791903]]
Arch_Param: [32, 2048, 1024, 32, 1024, 16]
SK_cost: [11950534932.0, [3617865.0, 3619937, 231526584, 254881, 229575864, 1578446497]] [4405330980.0, [1333359.0, 1333359, 85328676, 86895, 85328676, 566627439]] [323602960, [104020, 104020, 6247200, 13140, 6247200, 24883210]] [5865925856, [1783016, 1783016, 113702944, 38704, 113702944, 874356756]] [571914552, [174086, 174086, 11083824, 4918, 11083824, 87064582]] [316833158274.0, [95907291.0, 95907291, 6138012243, 5340891, 6138012243, 42262374363]] [11145431372.0, [3377979.0, 3377979, 215891136, 256547, 214219968, 1453735455]]
Model_cost: [10020916374.0, [8909.0, 3229665, 204263608, 1620129, 49400505, 389026]] [4273712676.0, [117711.0, 1333359, 85328676, 86895, 77870628, 1216827]] [313627120.0, [105.0, 104020, 6247200, 13140, 6247200, 12289610]] [5308162272.0, [39856.0, 1680616, 106002464, 38704, 103509152, 3704261798]] [433804664.0, [1416.0, 136838, 8678448, 15942, 7767792, 120154]] [307625801082.0, [15831.0, 95907291, 6138012243, 5340891, 6137123727, 95897391]] [1320434572.0, [1077.0, 414715, 26356864, 39523, 25506688, 397407]]
