[[0, 0, 0, 0, 0, 0, 0, 0, 0, 0, 0], [0, 0, 0, 0, 0, 0, 0, 0, 0, 0, 0], [0, 0, 0, 0, 0, 0, 0, 0, 0, 0, 0], [0, 0, 0, 0, 0, 0, 0, 0, 0, 0, 0]]
Arch_Param: [64, 8192, 32768, 4, 256, 16]
SK_cost: [37866786132.479996, [372370.79666666663, 47352356, 757567868, 845252, 612137660, 1200535073]] [4298202828.0, [50991.0, 5333103, 85328280, 86895, 85328280, 169873263]] [315056600.0, [3263.333333333285, 390430, 6246800, 13150, 6246800, 13130]] [5721352184.0, [55755.33333333302, 7106374, 113701904, 38734, 113701904, 210388252]] [2228027323.2, [21689.199999999997, 2772998, 44335128, 19654, 42754584, 85459014]] [309118080190.8014, [3553845.675000043, 383626383, 6138011769, 5340891, 6138011769, 12275420379]] [13983593673.23077, [137297.84615384653, 17442934, 278760800, 474718, 244870496, 392146960]]
Model_cost: [32485625061.605717, [988.28755952381, 41814564, 668963196, 1706852, 49399997, 136610]] [4278755052.0, [3786.0, 5333103, 85328280, 86895, 77870232, 4866975]] [314744520.0, [12.5, 390430, 6246800, 13150, 6246800, 390410]] [5324226871.0, [1270.65625, 6635334, 106001424, 38734, 103508112, 971968092]] [1696085422.3999996, [186.39999999999998, 2171654, 34713624, 87366, 7767768, 19803]] [308775194410.8, [629.5500000000001, 383626383, 6138011769, 5340891, 6137123253, 383570187]] [1639726488.1604395, [74.6683379120879, 2054902, 32837664, 66910, 25504800, 1502608]]
Arch_Param: [64, 8192, 32768, 4, 512, 16]
SK_cost: [37772082312.479996, [372370.79666666663, 23676449, 757567868, 845249, 612137660, 1200535073]] [4287536844.0, [50991.0, 2666607, 85328280, 86895, 85328280, 169873263]] [314275120.0, [3263.333333333285, 195220, 6246800, 13140, 6246800, 13130]] [5707137536.0, [55755.33333333302, 3553192, 113701904, 38704, 113701904, 210388252]] [2222489531.2, [21689.199999999997, 1388550, 44335128, 19654, 42754584, 85459014]] [308350829278.8014, [3553845.675000043, 191813655, 6138011769, 5340891, 6138011769, 12275420379]] [13948704029.23077, [137297.84615384653, 8721467, 278760800, 474659, 244870496, 392146960]]
Model_cost: [32401996825.605717, [988.28755952381, 20907553, 668963196, 1706849, 49399997, 128418]] [4268089068.0, [3786.0, 2666607, 85328280, 86895, 77870232, 2433543]] [313963040.0, [12.5, 195220, 6246800, 13140, 6246800, 195210]] [5310995263.0, [1270.65625, 3327912, 106001424, 38704, 103508112, 971769656]] [1691750318.3999996, [186.39999999999998, 1087878, 34713624, 87366, 7767768, 19803]] [308007943498.8, [629.5500000000001, 191813655, 6138011769, 5340891, 6137123253, 191785179]] [1635612908.1604395, [74.6683379120879, 1027451, 32837664, 66851, 25504800, 754576]]
Arch_Param: [64, 8192, 32768, 4, 1024, 16]
SK_cost: [37724755336.479996, [372370.79666666663, 11844705, 757567868, 845249, 612137660, 1200535073]] [4282203852.0, [50991.0, 1333359, 85328280, 86895, 85328280, 169873263]] [313909640.0, [3263.333333333285, 104010, 6246800, 13130, 6246800, 13130]] [5700055472.0, [55755.33333333302, 1782996, 113701904, 38684, 113701904, 210388252]] [2219720635.2, [21689.199999999997, 696326, 44335128, 19654, 42754584, 85459014]] [307967203822.8014, [3553845.675000043, 95907291, 6138011769, 5340891, 6138011769, 12275420379]] [13931309485.23077, [137297.84615384653, 4373279, 278760800, 474631, 244870496, 392146960]]
Model_cost: [32360394265.605717, [988.28755952381, 10506913, 668963196, 1706849, 49399997, 124322]] [4262756076.0, [3786.0, 1333359, 85328280, 86895, 77870232, 1216827]] [313597575.0, [12.65625, 104010, 6246800, 13130, 6246800, 27210]] [5304404734.0, [1270.8125, 1680596, 106001424, 38684, 103508112, 971600038]] [1689582766.3999996, [186.39999999999998, 545990, 34713624, 87366, 7767768, 19803]] [307624318042.8, [629.5500000000001, 95907291, 6138011769, 5340891, 6137123253, 95892675]] [1633572476.1604395, [74.6683379120879, 517791, 32837664, 66823, 25504800, 380560]]
Arch_Param: [64, 8192, 32768, 8, 256, 16]
SK_cost: [20346177610.239998, [199904.02333333332, 25429668, 406835900, 451588, 334121660, 644503073]] [4298202828.0, [50991.0, 5333103, 85328280, 86895, 85328280, 169873263]] [315056600.0, [3263.333333333285, 390430, 6246800, 13150, 6246800, 13130]] [5721352184.0, [55755.33333333302, 7106374, 113701904, 38734, 113701904, 210388252]] [1114039841.6, [10847.599999999999, 1386502, 22167576, 9830, 21389848, 42729542]] [309118080190.8014, [3553845.675000043, 383626383, 6138011769, 5340891, 6138011769, 12275420379]] [11905691219.076923, [116288.61538461514, 14813302, 236846432, 329310, 222784864, 347975696]]
Model_cost: [17485161281.44571, [541.244226190476, 22447780, 359125692, 913828, 49399997, 136610]] [4278755052.0, [3786.0, 5333103, 85328280, 86895, 77870232, 4866975]] [314744520.0, [12.5, 390430, 6246800, 13150, 6246800, 390410]] [5324226871.0, [1270.65625, 6635334, 106001424, 38734, 103508112, 971968092]] [855811547.1999998, [96.19999999999999, 1085830, 17356824, 43686, 7767768, 19803]] [308775194410.8, [629.5500000000001, 383626383, 6138011769, 5340891, 6137123253, 383570187]] [1429825266.4153845, [56.94182692307692, 1783542, 28515872, 45534, 25504800, 1502608]]
Arch_Param: [64, 8192, 32768, 8, 512, 16]
SK_cost: [20295319166.239998, [199904.02333333332, 12715105, 406835900, 451585, 334121660, 644503073]] [4287536844.0, [50991.0, 2666607, 85328280, 86895, 85328280, 169873263]] [314275120.0, [3263.333333333285, 195220, 6246800, 13140, 6246800, 13130]] [5707137536.0, [55755.33333333302, 3553192, 113701904, 38704, 113701904, 210388252]] [1111270945.6, [10847.599999999999, 694278, 22167576, 9830, 21389848, 42729542]] [308350829278.8014, [3553845.675000043, 191813655, 6138011769, 5340891, 6138011769, 12275420379]] [11876060839.076923, [116288.61538461514, 7406651, 236846432, 329251, 222784864, 347975696]]
Model_cost: [17440266613.44571, [541.244226190476, 11224161, 359125692, 913825, 49399997, 128418]] [4268089068.0, [3786.0, 2666607, 85328280, 86895, 77870232, 2433543]] [313963040.0, [12.5, 195220, 6246800, 13140, 6246800, 195210]] [5310995263.0, [1270.65625, 3327912, 106001424, 38704, 103508112, 971769656]] [853643995.1999998, [96.19999999999999, 543942, 17356824, 43686, 7767768, 19803]] [308007943498.8, [629.5500000000001, 191813655, 6138011769, 5340891, 6137123253, 191785179]] [1426254406.4153845, [56.94182692307692, 891771, 28515872, 45475, 25504800, 754576]]
Arch_Param: [64, 8192, 32768, 8, 1024, 16]
SK_cost: [20269902462.239998, [199904.02333333332, 6360929, 406835900, 451585, 334121660, 644503073]] [4282203852.0, [50991.0, 1333359, 85328280, 86895, 85328280, 169873263]] [313909640.0, [3263.333333333285, 104010, 6246800, 13130, 6246800, 13130]] [5700055472.0, [55755.33333333302, 1782996, 113701904, 38684, 113701904, 210388252]] [1109886497.6, [10847.599999999999, 348166, 22167576, 9830, 21389848, 42729542]] [307967203822.8014, [3553845.675000043, 95907291, 6138011769, 5340891, 6138011769, 12275420379]] [11861271351.076923, [116288.61538461514, 3709727, 236846432, 329223, 222784864, 347975696]]
Model_cost: [17417925493.44571, [541.244226190476, 5638881, 359125692, 913825, 49399997, 124322]] [4262756076.0, [3786.0, 1333359, 85328280, 86895, 77870232, 1216827]] [313597575.0, [12.65625, 104010, 6246800, 13130, 6246800, 27210]] [5304404734.0, [1270.8125, 1680596, 106001424, 38684, 103508112, 971600038]] [852560219.1999998, [96.19999999999999, 272998, 17356824, 43686, 7767768, 19803]] [307624318042.8, [629.5500000000001, 95907291, 6138011769, 5340891, 6137123253, 95892675]] [1424477654.4153845, [56.94182692307692, 448031, 28515872, 45447, 25504800, 380560]]
Arch_Param: [64, 8192, 32768, 16, 256, 16]
SK_cost: [11588705006.08, [113703.06333333332, 14471844, 231526076, 254884, 195168956, 366597665]] [4298202828.0, [50991.0, 5333103, 85328280, 86895, 85328280, 169873263]] [315056600.0, [3263.333333333285, 390430, 6246800, 13150, 6246800, 13130]] [5721352184.0, [55755.33333333302, 7106374, 113701904, 38734, 113701904, 210388252]] [557046100.8, [5426.799999999999, 693254, 11083800, 4918, 10707480, 21364806]] [309118080190.8014, [3553845.675000043, 383626383, 6138011769, 5340891, 6138011769, 12275420379]] [10866739992.0, [105784.00000000015, 13498486, 215889248, 256606, 211742048, 325890064]]
Model_cost: [9987653515.434288, [318.0149404761906, 12767908, 204263100, 517540, 49399997, 136610]] [4278755052.0, [3786.0, 5333103, 85328280, 86895, 77870232, 4866975]] [314744520.0, [12.5, 390430, 6246800, 13150, 6246800, 390410]] [5324226871.0, [1270.65625, 6635334, 106001424, 38734, 103508112, 971968092]] [434642667.2, [53.7, 542918, 8678424, 5718, 7767768, 475483]] [308775194410.8, [629.5500000000001, 383626383, 6138011769, 5340891, 6137123253, 383570187]] [1324809105.142857, [47.92857142857143, 1647862, 26354976, 33822, 25504800, 1579792]]
Arch_Param: [64, 8192, 32768, 16, 512, 16]
SK_cost: [11559762210.08, [113703.06333333332, 7236193, 231526076, 254881, 195168956, 366597665]] [4287536844.0, [50991.0, 2666607, 85328280, 86895, 85328280, 169873263]] [314275120.0, [3263.333333333285, 195220, 6246800, 13140, 6246800, 13130]] [5707137536.0, [55755.33333333302, 3553192, 113701904, 38704, 113701904, 210388252]] [555661652.8, [5426.799999999999, 347142, 11083800, 4918, 10707480, 21364806]] [308350829278.8014, [3553845.675000043, 191813655, 6138011769, 5340891, 6138011769, 12275420379]] [10839739244.0, [105784.00000000015, 6749243, 215889248, 256547, 211742048, 325890064]]
Model_cost: [9962118591.434288, [318.0149404761906, 6384225, 204263100, 517537, 49399997, 128418]] [4268089068.0, [3786.0, 2666607, 85328280, 86895, 77870232, 2433543]] [313963040.0, [12.5, 195220, 6246800, 13140, 6246800, 195210]] [5310995263.0, [1270.65625, 3327912, 106001424, 38704, 103508112, 971769656]] [433558891.2, [53.7, 271974, 8678424, 5718, 7767768, 237915]] [308007943498.8, [629.5500000000001, 191813655, 6138011769, 5340891, 6137123253, 191785179]] [1321509605.142857, [47.92857142857143, 823931, 26354976, 33763, 25504800, 790800]]
Arch_Param: [64, 8192, 32768, 16, 1024, 16]
SK_cost: [11545297186.08, [113703.06333333332, 3619937, 231526076, 254881, 195168956, 366597665]] [4282203852.0, [50991.0, 1333359, 85328280, 86895, 85328280, 169873263]] [313909640.0, [3263.333333333285, 104010, 6246800, 13130, 6246800, 13130]] [5700055472.0, [55755.33333333302, 1782996, 113701904, 38684, 113701904, 210388252]] [554969428.8, [5426.799999999999, 174086, 11083800, 4918, 10707480, 21364806]] [307967203822.8014, [3553845.675000043, 95907291, 6138011769, 5340891, 6138011769, 12275420379]] [10826252284.0, [105784.00000000015, 3377951, 215889248, 256519, 211742048, 325890064]]
Model_cost: [9949405119.434288, [318.0149404761906, 3205857, 204263100, 517537, 49399997, 124322]] [4262756076.0, [3786.0, 1333359, 85328280, 86895, 77870232, 1216827]] [313597575.0, [12.65625, 104010, 6246800, 13130, 6246800, 27210]] [5304404734.0, [1270.8125, 1680596, 106001424, 38684, 103508112, 971600038]] [433017003.2, [53.7, 136502, 8678424, 5718, 7767768, 119131]] [307624318042.8, [629.5500000000001, 95907291, 6138011769, 5340891, 6137123253, 95892675]] [1319864693.142857, [47.92857142857143, 413151, 26354976, 33735, 25504800, 396304]]
Arch_Param: [64, 8192, 32768, 32, 256, 16]
SK_cost: [5822054464.0, [57034.58333333334, 7256228, 116083900, 128868, 103639740, 183539233]] [4298202828.0, [50991.0, 5333103, 85328280, 86895, 85328280, 169873263]] [315056600.0, [3263.333333333285, 390430, 6246800, 13150, 6246800, 13130]] [5721352184.0, [55755.33333333302, 7106374, 113701904, 38734, 113701904, 210388252]] [529171182.4, [5148.4, 657926, 10522648, 4126, 10347032, 20643910]] [309118080190.8014, [3553845.675000043, 383626383, 6138011769, 5340891, 6138011769, 12275420379]] [10649683578.461538, [103467.69230769238, 13222006, 211505504, 228958, 209972576, 322351120]]
Model_cost: [5058814612.428574, [176.7752976190477, 6404260, 102452412, 260388, 49399997, 136610]] [4278755052.0, [3786.0, 5333103, 85328280, 86895, 77870232, 4866975]] [314744520.0, [12.5, 390430, 6246800, 13150, 6246800, 390410]] [5324226871.0, [1270.65625, 6635334, 106001424, 38734, 103508112, 971968092]] [408599857.6, [37.1, 509030, 8140312, 4526, 7767768, 475483]] [308775194410.8, [629.5500000000001, 383626383, 6138011769, 5340891, 6137123253, 383570187]] [1298122330.2637362, [44.690247252747255, 1613302, 25807008, 29982, 25504800, 1579792]]
Arch_Param: [64, 8192, 32768, 32, 512, 16]
SK_cost: [5807542900.0, [57034.58333333334, 3628385, 116083900, 128865, 103639740, 183539233]] [4287536844.0, [50991.0, 2666607, 85328280, 86895, 85328280, 169873263]] [314275120.0, [3263.333333333285, 195220, 6246800, 13140, 6246800, 13130]] [5707137536.0, [55755.33333333302, 3553192, 113701904, 38704, 113701904, 210388252]] [527856366.4, [5148.4, 329222, 10522648, 4126, 10347032, 20643910]] [308350829278.8014, [3553845.675000043, 191813655, 6138011769, 5340891, 6138011769, 12275420379]] [10623235790.461538, [103467.69230769238, 6611003, 211505504, 228899, 209972576, 322351120]]
Model_cost: [5046006984.428574, [176.7752976190477, 3202401, 102452412, 260385, 49399997, 128418]] [4268089068.0, [3786.0, 2666607, 85328280, 86895, 77870232, 2433543]] [313963040.0, [12.5, 195220, 6246800, 13140, 6246800, 195210]] [5310995263.0, [1270.65625, 3327912, 106001424, 38704, 103508112, 971769656]] [407582833.6, [37.1, 254774, 8140312, 4526, 7767768, 237915]] [308007943498.8, [629.5500000000001, 191813655, 6138011769, 5340891, 6137123253, 191785179]] [1294891950.2637362, [44.690247252747255, 806651, 25807008, 29923, 25504800, 790800]]
Arch_Param: [64, 8192, 32768, 32, 1024, 16]
SK_cost: [5800290420.0, [57034.58333333334, 1815265, 116083900, 128865, 103639740, 183539233]] [4282203852.0, [50991.0, 1333359, 85328280, 86895, 85328280, 169873263]] [313909640.0, [3263.333333333285, 104010, 6246800, 13130, 6246800, 13130]] [5700055472.0, [55755.33333333302, 1782996, 113701904, 38684, 113701904, 210388252]] [527198958.4, [5148.4, 164870, 10522648, 4126, 10347032, 20643910]] [307967203822.8014, [3553845.675000043, 95907291, 6138011769, 5340891, 6138011769, 12275420379]] [10610019166.461538, [103467.69230769238, 3307295, 211505504, 228871, 209972576, 322351120]]
Model_cost: [5039631048.428574, [176.7752976190477, 1608417, 102452412, 260385, 49399997, 124322]] [4262756076.0, [3786.0, 1333359, 85328280, 86895, 77870232, 1216827]] [313597575.0, [12.65625, 104010, 6246800, 13130, 6246800, 27210]] [5304404734.0, [1270.8125, 1680596, 106001424, 38684, 103508112, 971600038]] [407074321.6, [37.1, 127646, 8140312, 4526, 7767768, 119131]] [307624318042.8, [629.5500000000001, 95907291, 6138011769, 5340891, 6137123253, 95892675]] [1293279294.2637362, [44.690247252747255, 403935, 25807008, 29895, 25504800, 396304]]
Arch_Param: [64, 8192, 16384, 4, 256, 16]
SK_cost: [37904023982.48649, [760265.0675675676, 47352356, 757567868, 845252, 612137660, 1200535073]] [4303087308.0, [101871.0, 5333103, 85328280, 86895, 85328280, 169873263]] [315368920.0, [6516.66666666657, 390430, 6246800, 13150, 6246800, 13130]] [5726719160.0, [111661.33333333023, 7106374, 113701904, 38734, 113701904, 210388252]] [2230148232.0, [43782.0, 2772998, 44335128, 19654, 42754584, 85459014]] [309459234111.60394, [7107532.350000086, 383626383, 6138011769, 5340891, 6138011769, 12275420379]] [13997442584.0, [281557.3333333333, 17442934, 278760800, 474718, 244870496, 392146960]]
Model_cost: [32485713731.35135, [1911.9307432432433, 41814564, 668963196, 1706852, 49399997, 136610]] [4279107852.0, [7461.0, 5333103, 85328280, 86895, 77870232, 4866975]] [314744760.0, [15.0, 390430, 6246800, 13150, 6246800, 390410]] [5324345974.0, [2511.3125, 6635334, 106001424, 38734, 103508112, 971968092]] [1696105448.0, [395.0, 2171654, 34713624, 87366, 7767768, 19803]] [308775239583.5999, [1100.1000000000001, 383626383, 6138011769, 5340891, 6137123253, 383570187]] [1639732790.0, [140.3125, 2054902, 32837664, 66910, 25504800, 1502608]]
Arch_Param: [64, 8192, 16384, 4, 512, 16]
SK_cost: [37809320162.48649, [760265.0675675676, 23676449, 757567868, 845249, 612137660, 1200535073]] [4292421324.0, [101871.0, 2666607, 85328280, 86895, 85328280, 169873263]] [314587440.0, [6516.66666666657, 195220, 6246800, 13140, 6246800, 13130]] [5712504512.0, [111661.33333333023, 3553192, 113701904, 38704, 113701904, 210388252]] [2224610440.0, [43782.0, 1388550, 44335128, 19654, 42754584, 85459014]] [308691983199.60394, [7107532.350000086, 191813655, 6138011769, 5340891, 6138011769, 12275420379]] [13962552940.0, [281557.3333333333, 8721467, 278760800, 474659, 244870496, 392146960]]
Model_cost: [32402085495.35135, [1911.9307432432433, 20907553, 668963196, 1706849, 49399997, 128418]] [4268441868.0, [7461.0, 2666607, 85328280, 86895, 77870232, 2433543]] [313963280.0, [15.0, 195220, 6246800, 13140, 6246800, 195210]] [5311114366.0, [2511.3125, 3327912, 106001424, 38704, 103508112, 971769656]] [1691770344.0, [395.0, 1087878, 34713624, 87366, 7767768, 19803]] [308007988671.5999, [1100.1000000000001, 191813655, 6138011769, 5340891, 6137123253, 191785179]] [1635619210.0, [140.3125, 1027451, 32837664, 66851, 25504800, 754576]]
Arch_Param: [64, 8192, 16384, 4, 1024, 16]
SK_cost: [37761993186.48649, [760265.0675675676, 11844705, 757567868, 845249, 612137660, 1200535073]] [4287088332.0, [101871.0, 1333359, 85328280, 86895, 85328280, 169873263]] [314221960.0, [6516.66666666657, 104010, 6246800, 13130, 6246800, 13130]] [5705422448.0, [111661.33333333023, 1782996, 113701904, 38684, 113701904, 210388252]] [2221841544.0, [43782.0, 696326, 44335128, 19654, 42754584, 85459014]] [308308357743.60394, [7107532.350000086, 95907291, 6138011769, 5340891, 6138011769, 12275420379]] [13945158396.0, [281557.3333333333, 4373279, 278760800, 474631, 244870496, 392146960]]
Model_cost: [32360482935.35135, [1911.9307432432433, 10506913, 668963196, 1706849, 49399997, 124322]] [4263108876.0, [7461.0, 1333359, 85328280, 86895, 77870232, 1216827]] [313597830.0, [15.3125, 104010, 6246800, 13130, 6246800, 27210]] [5304523852.0, [2511.625, 1680596, 106001424, 38684, 103508112, 971600038]] [1689602792.0, [395.0, 545990, 34713624, 87366, 7767768, 19803]] [307624363215.5999, [1100.1000000000001, 95907291, 6138011769, 5340891, 6137123253, 95892675]] [1633578778.0, [140.3125, 517791, 32837664, 66823, 25504800, 380560]]
Arch_Param: [64, 8192, 16384, 8, 256, 16]
SK_cost: [20366115011.243244, [407585.2837837838, 25429668, 406835900, 451588, 334121660, 644503073]] [4303087308.0, [101871.0, 5333103, 85328280, 86895, 85328280, 169873263]] [315368920.0, [6516.66666666657, 390430, 6246800, 13150, 6246800, 13130]] [5726719160.0, [111661.33333333023, 7106374, 113701904, 38734, 113701904, 210388252]] [1115100296.0, [21894.0, 1386502, 22167576, 9830, 21389848, 42729542]] [309459234111.60394, [7107532.350000086, 383626383, 6138011769, 5340891, 6138011769, 12275420379]] [11917213208.0, [236309.33333333334, 14813302, 236846432, 329310, 222784864, 347975696]]
Model_cost: [17485213559.675674, [1085.8091216216217, 22447780, 359125692, 913828, 49399997, 136610]] [4279107852.0, [7461.0, 5333103, 85328280, 86895, 77870232, 4866975]] [314744760.0, [15.0, 390430, 6246800, 13150, 6246800, 390410]] [5324345974.0, [2511.3125, 6635334, 106001424, 38734, 103508112, 971968092]] [855821608.0, [201.0, 1085830, 17356824, 43686, 7767768, 19803]] [308775239583.5999, [1100.1000000000001, 383626383, 6138011769, 5340891, 6137123253, 383570187]] [1429829442.0, [100.4375, 1783542, 28515872, 45534, 25504800, 1502608]]
Arch_Param: [64, 8192, 16384, 8, 512, 16]
SK_cost: [20315256567.243244, [407585.2837837838, 12715105, 406835900, 451585, 334121660, 644503073]] [4292421324.0, [101871.0, 2666607, 85328280, 86895, 85328280, 169873263]] [314587440.0, [6516.66666666657, 195220, 6246800, 13140, 6246800, 13130]] [5712504512.0, [111661.33333333023, 3553192, 113701904, 38704, 113701904, 210388252]] [1112331400.0, [21894.0, 694278, 22167576, 9830, 21389848, 42729542]] [308691983199.60394, [7107532.350000086, 191813655, 6138011769, 5340891, 6138011769, 12275420379]] [11887582828.0, [236309.33333333334, 7406651, 236846432, 329251, 222784864, 347975696]]
Model_cost: [17440318891.675674, [1085.8091216216217, 11224161, 359125692, 913825, 49399997, 128418]] [4268441868.0, [7461.0, 2666607, 85328280, 86895, 77870232, 2433543]] [313963280.0, [15.0, 195220, 6246800, 13140, 6246800, 195210]] [5311114366.0, [2511.3125, 3327912, 106001424, 38704, 103508112, 971769656]] [853654056.0, [201.0, 543942, 17356824, 43686, 7767768, 19803]] [308007988671.5999, [1100.1000000000001, 191813655, 6138011769, 5340891, 6137123253, 191785179]] [1426258582.0, [100.4375, 891771, 28515872, 45475, 25504800, 754576]]
Arch_Param: [64, 8192, 16384, 8, 1024, 16]
SK_cost: [20289839863.243244, [407585.2837837838, 6360929, 406835900, 451585, 334121660, 644503073]] [4287088332.0, [101871.0, 1333359, 85328280, 86895, 85328280, 169873263]] [314221960.0, [6516.66666666657, 104010, 6246800, 13130, 6246800, 13130]] [5705422448.0, [111661.33333333023, 1782996, 113701904, 38684, 113701904, 210388252]] [1110946952.0, [21894.0, 348166, 22167576, 9830, 21389848, 42729542]] [308308357743.60394, [7107532.350000086, 95907291, 6138011769, 5340891, 6138011769, 12275420379]] [11872793340.0, [236309.33333333334, 3709727, 236846432, 329223, 222784864, 347975696]]
Model_cost: [17417977771.675674, [1085.8091216216217, 5638881, 359125692, 913825, 49399997, 124322]] [4263108876.0, [7461.0, 1333359, 85328280, 86895, 77870232, 1216827]] [313597830.0, [15.3125, 104010, 6246800, 13130, 6246800, 27210]] [5304523852.0, [2511.625, 1680596, 106001424, 38684, 103508112, 971600038]] [852570280.0, [201.0, 272998, 17356824, 43686, 7767768, 19803]] [307624363215.5999, [1100.1000000000001, 95907291, 6138011769, 5340891, 6137123253, 95892675]] [1424481830.0, [100.4375, 448031, 28515872, 45447, 25504800, 380560]]
Arch_Param: [64, 8192, 16384, 16, 256, 16]
SK_cost: [11599998368.64865, [231342.25675675675, 14471844, 231526076, 254884, 195168956, 366597665]] [4303087308.0, [101871.0, 5333103, 85328280, 86895, 85328280, 169873263]] [315368920.0, [6516.66666666657, 390430, 6246800, 13150, 6246800, 13130]] [5726719160.0, [111661.33333333023, 7106374, 113701904, 38734, 113701904, 210388252]] [557576328.0, [10950.0, 693254, 11083800, 4918, 10707480, 21364806]] [309459234111.60394, [7107532.350000086, 383626383, 6138011769, 5340891, 6138011769, 12275420379]] [10877098520.0, [213685.3333333333, 13498486, 215889248, 256606, 211742048, 325890064]]
Model_cost: [9987686803.135136, [664.7618243243244, 12767908, 204263100, 517540, 49399997, 136610]] [4279107852.0, [7461.0, 5333103, 85328280, 86895, 77870232, 4866975]] [314744760.0, [15.0, 390430, 6246800, 13150, 6246800, 390410]] [5324345974.0, [2511.3125, 6635334, 106001424, 38734, 103508112, 971968092]] [434646632.0, [95.0, 542918, 8678424, 5718, 7767768, 475483]] [308775239583.5999, [1100.1000000000001, 383626383, 6138011769, 5340891, 6137123253, 383570187]] [1324812280.0, [81.0, 1647862, 26354976, 33822, 25504800, 1579792]]
Arch_Param: [64, 8192, 16384, 16, 512, 16]
SK_cost: [11571055572.64865, [231342.25675675675, 7236193, 231526076, 254881, 195168956, 366597665]] [4292421324.0, [101871.0, 2666607, 85328280, 86895, 85328280, 169873263]] [314587440.0, [6516.66666666657, 195220, 6246800, 13140, 6246800, 13130]] [5712504512.0, [111661.33333333023, 3553192, 113701904, 38704, 113701904, 210388252]] [556191880.0, [10950.0, 347142, 11083800, 4918, 10707480, 21364806]] [308691983199.60394, [7107532.350000086, 191813655, 6138011769, 5340891, 6138011769, 12275420379]] [10850097772.0, [213685.3333333333, 6749243, 215889248, 256547, 211742048, 325890064]]
Model_cost: [9962151879.135136, [664.7618243243244, 6384225, 204263100, 517537, 49399997, 128418]] [4268441868.0, [7461.0, 2666607, 85328280, 86895, 77870232, 2433543]] [313963280.0, [15.0, 195220, 6246800, 13140, 6246800, 195210]] [5311114366.0, [2511.3125, 3327912, 106001424, 38704, 103508112, 971769656]] [433562856.0, [95.0, 271974, 8678424, 5718, 7767768, 237915]] [308007988671.5999, [1100.1000000000001, 191813655, 6138011769, 5340891, 6137123253, 191785179]] [1321512780.0, [81.0, 823931, 26354976, 33763, 25504800, 790800]]
Arch_Param: [64, 8192, 16384, 16, 1024, 16]
SK_cost: [11556590548.64865, [231342.25675675675, 3619937, 231526076, 254881, 195168956, 366597665]] [4287088332.0, [101871.0, 1333359, 85328280, 86895, 85328280, 169873263]] [314221960.0, [6516.66666666657, 104010, 6246800, 13130, 6246800, 13130]] [5705422448.0, [111661.33333333023, 1782996, 113701904, 38684, 113701904, 210388252]] [555499656.0, [10950.0, 174086, 11083800, 4918, 10707480, 21364806]] [308308357743.60394, [7107532.350000086, 95907291, 6138011769, 5340891, 6138011769, 12275420379]] [10836610812.0, [213685.3333333333, 3377951, 215889248, 256519, 211742048, 325890064]]
Model_cost: [9949438407.135136, [664.7618243243244, 3205857, 204263100, 517537, 49399997, 124322]] [4263108876.0, [7461.0, 1333359, 85328280, 86895, 77870232, 1216827]] [313597830.0, [15.3125, 104010, 6246800, 13130, 6246800, 27210]] [5304523852.0, [2511.625, 1680596, 106001424, 38684, 103508112, 971600038]] [433020968.0, [95.0, 136502, 8678424, 5718, 7767768, 119131]] [307624363215.5999, [1100.1000000000001, 95907291, 6138011769, 5340891, 6137123253, 95892675]] [1319867868.0, [81.0, 413151, 26354976, 33735, 25504800, 396304]]
Arch_Param: [64, 8192, 16384, 32, 256, 16]
SK_cost: [5827723279.351351, [116084.74324324324, 7256228, 116083900, 128868, 103639740, 183539233]] [4303087308.0, [101871.0, 5333103, 85328280, 86895, 85328280, 169873263]] [315368920.0, [6516.66666666657, 390430, 6246800, 13150, 6246800, 13130]] [5726719160.0, [111661.33333333023, 7106374, 113701904, 38734, 113701904, 210388252]] [529669768.0, [10342.0, 657926, 10522648, 4126, 10347032, 20643910]] [309459234111.60394, [7107532.350000086, 383626383, 6138011769, 5340891, 6138011769, 12275420379]] [10659717656.0, [207989.33333333334, 13222006, 211505504, 228958, 209972576, 322351120]]
Model_cost: [5058831624.864864, [353.9881756756757, 6404260, 102452412, 260388, 49399997, 136610]] [4279107852.0, [7461.0, 5333103, 85328280, 86895, 77870232, 4866975]] [314744760.0, [15.0, 390430, 6246800, 13150, 6246800, 390410]] [5324345974.0, [2511.3125, 6635334, 106001424, 38734, 103508112, 971968092]] [408602920.0, [69.0, 509030, 8140312, 4526, 7767768, 475483]] [308775239583.5999, [1100.1000000000001, 383626383, 6138011769, 5340891, 6137123253, 383570187]] [1298125148.0, [74.04166666666666, 1613302, 25807008, 29982, 25504800, 1579792]]
Arch_Param: [64, 8192, 16384, 32, 512, 16]
SK_cost: [5813211715.351351, [116084.74324324324, 3628385, 116083900, 128865, 103639740, 183539233]] [4292421324.0, [101871.0, 2666607, 85328280, 86895, 85328280, 169873263]] [314587440.0, [6516.66666666657, 195220, 6246800, 13140, 6246800, 13130]] [5712504512.0, [111661.33333333023, 3553192, 113701904, 38704, 113701904, 210388252]] [528354952.0, [10342.0, 329222, 10522648, 4126, 10347032, 20643910]] [308691983199.60394, [7107532.350000086, 191813655, 6138011769, 5340891, 6138011769, 12275420379]] [10633269868.0, [207989.33333333334, 6611003, 211505504, 228899, 209972576, 322351120]]
Model_cost: [5046023996.864864, [353.9881756756757, 3202401, 102452412, 260385, 49399997, 128418]] [4268441868.0, [7461.0, 2666607, 85328280, 86895, 77870232, 2433543]] [313963280.0, [15.0, 195220, 6246800, 13140, 6246800, 195210]] [5311114366.0, [2511.3125, 3327912, 106001424, 38704, 103508112, 971769656]] [407585896.0, [69.0, 254774, 8140312, 4526, 7767768, 237915]] [308007988671.5999, [1100.1000000000001, 191813655, 6138011769, 5340891, 6137123253, 191785179]] [1294894768.0, [74.04166666666666, 806651, 25807008, 29923, 25504800, 790800]]
Arch_Param: [64, 8192, 16384, 32, 1024, 16]
SK_cost: [5805959235.351351, [116084.74324324324, 1815265, 116083900, 128865, 103639740, 183539233]] [4287088332.0, [101871.0, 1333359, 85328280, 86895, 85328280, 169873263]] [314221960.0, [6516.66666666657, 104010, 6246800, 13130, 6246800, 13130]] [5705422448.0, [111661.33333333023, 1782996, 113701904, 38684, 113701904, 210388252]] [527697544.0, [10342.0, 164870, 10522648, 4126, 10347032, 20643910]] [308308357743.60394, [7107532.350000086, 95907291, 6138011769, 5340891, 6138011769, 12275420379]] [10620053244.0, [207989.33333333334, 3307295, 211505504, 228871, 209972576, 322351120]]
Model_cost: [5039648060.864864, [353.9881756756757, 1608417, 102452412, 260385, 49399997, 124322]] [4263108876.0, [7461.0, 1333359, 85328280, 86895, 77870232, 1216827]] [313597830.0, [15.3125, 104010, 6246800, 13130, 6246800, 27210]] [5304523852.0, [2511.625, 1680596, 106001424, 38684, 103508112, 971600038]] [407077384.0, [69.0, 127646, 8140312, 4526, 7767768, 119131]] [307624363215.5999, [1100.1000000000001, 95907291, 6138011769, 5340891, 6137123253, 95892675]] [1293282112.0, [74.04166666666666, 403935, 25807008, 29895, 25504800, 396304]]
Arch_Param: [64, 8192, 8192, 4, 256, 16]
SK_cost: [37977008050.666664, [1520515.7777777778, 47352356, 757567868, 845252, 612137660, 1200535073]] [4312856268.0, [203631.0, 5333103, 85328280, 86895, 85328280, 169873263]] [316003800.0, [13130.0, 390430, 6246800, 13150, 6246800, 13130]] [5737457208.0, [223516.0, 7106374, 113701904, 38734, 113701904, 210388252]] [2234350728.0, [87558.0, 2772998, 44335128, 19654, 42754584, 85459014]] [310141549326.0, [14214982.5, 383626383, 6138011769, 5340891, 6138011769, 12275420379]] [14024470552.0, [563098.6666666666, 17442934, 278760800, 474718, 244870496, 392146960]]
Model_cost: [32485894136.666668, [3791.152777777778, 41814564, 668963196, 1706852, 49399997, 136610]] [4279813452.0, [14811.0, 5333103, 85328280, 86895, 77870232, 4866975]] [314745240.0, [20.0, 390430, 6246800, 13150, 6246800, 390410]] [5324585140.0, [5002.625, 6635334, 106001424, 38734, 103508112, 971968092]] [1696135784.0, [711.0, 2171654, 34713624, 87366, 7767768, 19803]] [308775337302.0, [2118.0, 383626383, 6138011769, 5340891, 6137123253, 383570187]] [1639743476.0, [251.625, 2054902, 32837664, 66910, 25504800, 1502608]]
Arch_Param: [64, 8192, 8192, 4, 512, 16]
SK_cost: [37882304230.666664, [1520515.7777777778, 23676449, 757567868, 845249, 612137660, 1200535073]] [4302190284.0, [203631.0, 2666607, 85328280, 86895, 85328280, 169873263]] [315222320.0, [13130.0, 195220, 6246800, 13140, 6246800, 13130]] [5723242560.0, [223516.0, 3553192, 113701904, 38704, 113701904, 210388252]] [2228812936.0, [87558.0, 1388550, 44335128, 19654, 42754584, 85459014]] [309374298414.0, [14214982.5, 191813655, 6138011769, 5340891, 6138011769, 12275420379]] [13989580908.0, [563098.6666666666, 8721467, 278760800, 474659, 244870496, 392146960]]
Model_cost: [32402265900.666668, [3791.152777777778, 20907553, 668963196, 1706849, 49399997, 128418]] [4269147468.0, [14811.0, 2666607, 85328280, 86895, 77870232, 2433543]] [313963760.0, [20.0, 195220, 6246800, 13140, 6246800, 195210]] [5311353532.0, [5002.625, 3327912, 106001424, 38704, 103508112, 971769656]] [1691800680.0, [711.0, 1087878, 34713624, 87366, 7767768, 19803]] [308008086390.0, [2118.0, 191813655, 6138011769, 5340891, 6137123253, 191785179]] [1635629896.0, [251.625, 1027451, 32837664, 66851, 25504800, 754576]]
Arch_Param: [64, 8192, 8192, 4, 1024, 16]
SK_cost: [37834977254.666664, [1520515.7777777778, 11844705, 757567868, 845249, 612137660, 1200535073]] [4296857292.0, [203631.0, 1333359, 85328280, 86895, 85328280, 169873263]] [314856840.0, [13130.0, 104010, 6246800, 13130, 6246800, 13130]] [5716160496.0, [223516.0, 1782996, 113701904, 38684, 113701904, 210388252]] [2226044040.0, [87558.0, 696326, 44335128, 19654, 42754584, 85459014]] [308990672958.0, [14214982.5, 95907291, 6138011769, 5340891, 6138011769, 12275420379]] [13972186364.0, [563098.6666666666, 4373279, 278760800, 474631, 244870496, 392146960]]
Model_cost: [32360663340.666668, [3791.152777777778, 10506913, 668963196, 1706849, 49399997, 124322]] [4263814476.0, [14811.0, 1333359, 85328280, 86895, 77870232, 1216827]] [313598340.0, [20.625, 104010, 6246800, 13130, 6246800, 27210]] [5304763048.0, [5003.25, 1680596, 106001424, 38684, 103508112, 971600038]] [1689633128.0, [711.0, 545990, 34713624, 87366, 7767768, 19803]] [307624460934.0, [2118.0, 95907291, 6138011769, 5340891, 6137123253, 95892675]] [1633589464.0, [251.625, 517791, 32837664, 66823, 25504800, 380560]]
Arch_Param: [64, 8192, 8192, 8, 256, 16]
SK_cost: [20405240925.333332, [815146.8888888889, 25429668, 406835900, 451588, 334121660, 644503073]] [4312856268.0, [203631.0, 5333103, 85328280, 86895, 85328280, 169873263]] [316003800.0, [13130.0, 390430, 6246800, 13150, 6246800, 13130]] [5737457208.0, [223516.0, 7106374, 113701904, 38734, 113701904, 210388252]] [1117201544.0, [43782.0, 1386502, 22167576, 9830, 21389848, 42729542]] [310141549326.0, [14214982.5, 383626383, 6138011769, 5340891, 6138011769, 12275420379]] [11939897368.0, [472602.6666666667, 14813302, 236846432, 329310, 222784864, 347975696]]
Model_cost: [17485313683.333336, [2128.7638888888887, 22447780, 359125692, 913828, 49399997, 136610]] [4279813452.0, [14811.0, 5333103, 85328280, 86895, 77870232, 4866975]] [314745240.0, [20.0, 390430, 6246800, 13150, 6246800, 390410]] [5324585140.0, [5002.625, 6635334, 106001424, 38734, 103508112, 971968092]] [855840232.0, [395.0, 1085830, 17356824, 43686, 7767768, 19803]] [308775337302.0, [2118.0, 383626383, 6138011769, 5340891, 6137123253, 383570187]] [1429837548.0, [184.875, 1783542, 28515872, 45534, 25504800, 1502608]]
Arch_Param: [64, 8192, 8192, 8, 512, 16]
SK_cost: [20354382481.333332, [815146.8888888889, 12715105, 406835900, 451585, 334121660, 644503073]] [4302190284.0, [203631.0, 2666607, 85328280, 86895, 85328280, 169873263]] [315222320.0, [13130.0, 195220, 6246800, 13140, 6246800, 13130]] [5723242560.0, [223516.0, 3553192, 113701904, 38704, 113701904, 210388252]] [1114432648.0, [43782.0, 694278, 22167576, 9830, 21389848, 42729542]] [309374298414.0, [14214982.5, 191813655, 6138011769, 5340891, 6138011769, 12275420379]] [11910266988.0, [472602.6666666667, 7406651, 236846432, 329251, 222784864, 347975696]]
Model_cost: [17440419015.333336, [2128.7638888888887, 11224161, 359125692, 913825, 49399997, 128418]] [4269147468.0, [14811.0, 2666607, 85328280, 86895, 77870232, 2433543]] [313963760.0, [20.0, 195220, 6246800, 13140, 6246800, 195210]] [5311353532.0, [5002.625, 3327912, 106001424, 38704, 103508112, 971769656]] [853672680.0, [395.0, 543942, 17356824, 43686, 7767768, 19803]] [308008086390.0, [2118.0, 191813655, 6138011769, 5340891, 6137123253, 191785179]] [1426266688.0, [184.875, 891771, 28515872, 45475, 25504800, 754576]]
Arch_Param: [64, 8192, 8192, 8, 1024, 16]
SK_cost: [20328965777.333332, [815146.8888888889, 6360929, 406835900, 451585, 334121660, 644503073]] [4296857292.0, [203631.0, 1333359, 85328280, 86895, 85328280, 169873263]] [314856840.0, [13130.0, 104010, 6246800, 13130, 6246800, 13130]] [5716160496.0, [223516.0, 1782996, 113701904, 38684, 113701904, 210388252]] [1113048200.0, [43782.0, 348166, 22167576, 9830, 21389848, 42729542]] [308990672958.0, [14214982.5, 95907291, 6138011769, 5340891, 6138011769, 12275420379]] [11895477500.0, [472602.6666666667, 3709727, 236846432, 329223, 222784864, 347975696]]
Model_cost: [17418077895.333336, [2128.7638888888887, 5638881, 359125692, 913825, 49399997, 124322]] [4263814476.0, [14811.0, 1333359, 85328280, 86895, 77870232, 1216827]] [313598340.0, [20.625, 104010, 6246800, 13130, 6246800, 27210]] [5304763048.0, [5003.25, 1680596, 106001424, 38684, 103508112, 971600038]] [852588904.0, [395.0, 272998, 17356824, 43686, 7767768, 19803]] [307624460934.0, [2118.0, 95907291, 6138011769, 5340891, 6137123253, 95892675]] [1424489936.0, [184.875, 448031, 28515872, 45447, 25504800, 380560]]
Arch_Param: [64, 8192, 8192, 16, 256, 16]
SK_cost: [11622204509.333334, [462656.22222222225, 14471844, 231526076, 254884, 195168956, 366597665]] [4312856268.0, [203631.0, 5333103, 85328280, 86895, 85328280, 169873263]] [316003800.0, [13130.0, 390430, 6246800, 13150, 6246800, 13130]] [5737457208.0, [223516.0, 7106374, 113701904, 38734, 113701904, 210388252]] [558626952.0, [21894.0, 693254, 11083800, 4918, 10707480, 21364806]] [310141549326.0, [14214982.5, 383626383, 6138011769, 5340891, 6138011769, 12275420379]] [10897610776.0, [427354.6666666666, 13498486, 215889248, 256606, 211742048, 325890064]]
Model_cost: [9987733059.333332, [1146.5972222222222, 12767908, 204263100, 517540, 49399997, 136610]] [4279813452.0, [14811.0, 5333103, 85328280, 86895, 77870232, 4866975]] [314745240.0, [20.0, 390430, 6246800, 13150, 6246800, 390410]] [5324585140.0, [5002.625, 6635334, 106001424, 38734, 103508112, 971968092]] [434655080.0, [183.0, 542918, 8678424, 5718, 7767768, 475483]] [308775337302.0, [2118.0, 383626383, 6138011769, 5340891, 6137123253, 383570187]] [1324818712.0, [148.0, 1647862, 26354976, 33822, 25504800, 1579792]]
Arch_Param: [64, 8192, 8192, 16, 512, 16]
SK_cost: [11593261713.333334, [462656.22222222225, 7236193, 231526076, 254881, 195168956, 366597665]] [4302190284.0, [203631.0, 2666607, 85328280, 86895, 85328280, 169873263]] [315222320.0, [13130.0, 195220, 6246800, 13140, 6246800, 13130]] [5723242560.0, [223516.0, 3553192, 113701904, 38704, 113701904, 210388252]] [557242504.0, [21894.0, 347142, 11083800, 4918, 10707480, 21364806]] [309374298414.0, [14214982.5, 191813655, 6138011769, 5340891, 6138011769, 12275420379]] [10870610028.0, [427354.6666666666, 6749243, 215889248, 256547, 211742048, 325890064]]
Model_cost: [9962198135.333332, [1146.5972222222222, 6384225, 204263100, 517537, 49399997, 128418]] [4269147468.0, [14811.0, 2666607, 85328280, 86895, 77870232, 2433543]] [313963760.0, [20.0, 195220, 6246800, 13140, 6246800, 195210]] [5311353532.0, [5002.625, 3327912, 106001424, 38704, 103508112, 971769656]] [433571304.0, [183.0, 271974, 8678424, 5718, 7767768, 237915]] [308008086390.0, [2118.0, 191813655, 6138011769, 5340891, 6137123253, 191785179]] [1321519212.0, [148.0, 823931, 26354976, 33763, 25504800, 790800]]
Arch_Param: [64, 8192, 8192, 16, 1024, 16]
SK_cost: [11578796689.333334, [462656.22222222225, 3619937, 231526076, 254881, 195168956, 366597665]] [4296857292.0, [203631.0, 1333359, 85328280, 86895, 85328280, 169873263]] [314856840.0, [13130.0, 104010, 6246800, 13130, 6246800, 13130]] [5716160496.0, [223516.0, 1782996, 113701904, 38684, 113701904, 210388252]] [556550280.0, [21894.0, 174086, 11083800, 4918, 10707480, 21364806]] [308990672958.0, [14214982.5, 95907291, 6138011769, 5340891, 6138011769, 12275420379]] [10857123068.0, [427354.6666666666, 3377951, 215889248, 256519, 211742048, 325890064]]
Model_cost: [9949484663.333332, [1146.5972222222222, 3205857, 204263100, 517537, 49399997, 124322]] [4263814476.0, [14811.0, 1333359, 85328280, 86895, 77870232, 1216827]] [313598340.0, [20.625, 104010, 6246800, 13130, 6246800, 27210]] [5304763048.0, [5003.25, 1680596, 106001424, 38684, 103508112, 971600038]] [433029416.0, [183.0, 136502, 8678424, 5718, 7767768, 119131]] [307624460934.0, [2118.0, 95907291, 6138011769, 5340891, 6137123253, 95892675]] [1319874300.0, [148.0, 413151, 26354976, 33735, 25504800, 396304]]
Arch_Param: [64, 8192, 8192, 32, 256, 16]
SK_cost: [5838864477.333333, [232138.88888888888, 7256228, 116083900, 128868, 103639740, 183539233]] [4312856268.0, [203631.0, 5333103, 85328280, 86895, 85328280, 169873263]] [316003800.0, [13130.0, 390430, 6246800, 13150, 6246800, 13130]] [5737457208.0, [223516.0, 7106374, 113701904, 38734, 113701904, 210388252]] [530662024.0, [20678.0, 657926, 10522648, 4126, 10347032, 20643910]] [310141549326.0, [14214982.5, 383626383, 6138011769, 5340891, 6138011769, 12275420379]] [10679683096.0, [415962.6666666667, 13222006, 211505504, 228958, 209972576, 322351120]]
Model_cost: [5058862059.333334, [671.0138888888889, 6404260, 102452412, 260388, 49399997, 136610]] [4279813452.0, [14811.0, 5333103, 85328280, 86895, 77870232, 4866975]] [314745240.0, [20.0, 390430, 6246800, 13150, 6246800, 390410]] [5324585140.0, [5002.625, 6635334, 106001424, 38734, 103508112, 971968092]] [408608200.0, [124.0, 509030, 8140312, 4526, 7767768, 475483]] [308775337302.0, [2118.0, 383626383, 6138011769, 5340891, 6137123253, 383570187]] [1298131104.0, [136.08333333333334, 1613302, 25807008, 29982, 25504800, 1579792]]
Arch_Param: [64, 8192, 8192, 32, 512, 16]
SK_cost: [5824352913.333333, [232138.88888888888, 3628385, 116083900, 128865, 103639740, 183539233]] [4302190284.0, [203631.0, 2666607, 85328280, 86895, 85328280, 169873263]] [315222320.0, [13130.0, 195220, 6246800, 13140, 6246800, 13130]] [5723242560.0, [223516.0, 3553192, 113701904, 38704, 113701904, 210388252]] [529347208.0, [20678.0, 329222, 10522648, 4126, 10347032, 20643910]] [309374298414.0, [14214982.5, 191813655, 6138011769, 5340891, 6138011769, 12275420379]] [10653235308.0, [415962.6666666667, 6611003, 211505504, 228899, 209972576, 322351120]]
Model_cost: [5046054431.333334, [671.0138888888889, 3202401, 102452412, 260385, 49399997, 128418]] [4269147468.0, [14811.0, 2666607, 85328280, 86895, 77870232, 2433543]] [313963760.0, [20.0, 195220, 6246800, 13140, 6246800, 195210]] [5311353532.0, [5002.625, 3327912, 106001424, 38704, 103508112, 971769656]] [407591176.0, [124.0, 254774, 8140312, 4526, 7767768, 237915]] [308008086390.0, [2118.0, 191813655, 6138011769, 5340891, 6137123253, 191785179]] [1294900724.0, [136.08333333333334, 806651, 25807008, 29923, 25504800, 790800]]
Arch_Param: [64, 8192, 8192, 32, 1024, 16]
SK_cost: [5817100433.333333, [232138.88888888888, 1815265, 116083900, 128865, 103639740, 183539233]] [4296857292.0, [203631.0, 1333359, 85328280, 86895, 85328280, 169873263]] [314856840.0, [13130.0, 104010, 6246800, 13130, 6246800, 13130]] [5716160496.0, [223516.0, 1782996, 113701904, 38684, 113701904, 210388252]] [528689800.0, [20678.0, 164870, 10522648, 4126, 10347032, 20643910]] [308990672958.0, [14214982.5, 95907291, 6138011769, 5340891, 6138011769, 12275420379]] [10640018684.0, [415962.6666666667, 3307295, 211505504, 228871, 209972576, 322351120]]
Model_cost: [5039678495.333334, [671.0138888888889, 1608417, 102452412, 260385, 49399997, 124322]] [4263814476.0, [14811.0, 1333359, 85328280, 86895, 77870232, 1216827]] [313598340.0, [20.625, 104010, 6246800, 13130, 6246800, 27210]] [5304763048.0, [5003.25, 1680596, 106001424, 38684, 103508112, 971600038]] [407082664.0, [124.0, 127646, 8140312, 4526, 7767768, 119131]] [307624460934.0, [2118.0, 95907291, 6138011769, 5340891, 6137123253, 95892675]] [1293288068.0, [136.08333333333334, 403935, 25807008, 29895, 25504800, 396304]]
Arch_Param: [64, 8192, 4096, 4, 256, 16]
SK_cost: [38118495421.333336, [2994342.5555555555, 47352356, 757567868, 845252, 612137660, 1200535073]] [4325316300.0, [333423.0, 5333103, 85328280, 86895, 85328280, 169873263]] [317263320, [26250, 390430, 6246800, 13150, 6246800, 13130]] [5758863672, [446500, 7106374, 113701904, 38734, 113701904, 210388252]] [2242755720, [175110, 2772998, 44335128, 19654, 42754584, 85459014]] [311078697438.0, [23976942.0, 383626383, 6138011769, 5340891, 6138011769, 12275420379]] [14077412376.0, [1114576.0, 17442934, 278760800, 474718, 244870496, 392146960]]
Model_cost: [32486254482.0, [7544.75, 41814564, 668963196, 1706852, 49399997, 136610]] [4281224652.0, [29511.0, 5333103, 85328280, 86895, 77870232, 4866975]] [314746200.0, [30.0, 390430, 6246800, 13150, 6246800, 390410]] [5325062512.0, [9975.25, 6635334, 106001424, 38734, 103508112, 971968092]] [1696203464, [1416, 2171654, 34713624, 87366, 7767768, 19803]] [308775525366.0, [4077.0, 383626383, 6138011769, 5340891, 6137123253, 383570187]] [1639765424.0, [480.25, 2054902, 32837664, 66910, 25504800, 1502608]]
Arch_Param: [64, 8192, 4096, 4, 512, 16]
SK_cost: [38023791601.333336, [2994342.5555555555, 23676449, 757567868, 845249, 612137660, 1200535073]] [4314650316.0, [333423.0, 2666607, 85328280, 86895, 85328280, 169873263]] [316481840, [26250, 195220, 6246800, 13140, 6246800, 13130]] [5744649024, [446500, 3553192, 113701904, 38704, 113701904, 210388252]] [2237217928, [175110, 1388550, 44335128, 19654, 42754584, 85459014]] [310311446526.0, [23976942.0, 191813655, 6138011769, 5340891, 6138011769, 12275420379]] [14042522732.0, [1114576.0, 8721467, 278760800, 474659, 244870496, 392146960]]
Model_cost: [32402626246.0, [7544.75, 20907553, 668963196, 1706849, 49399997, 128418]] [4270558668.0, [29511.0, 2666607, 85328280, 86895, 77870232, 2433543]] [313964720.0, [30.0, 195220, 6246800, 13140, 6246800, 195210]] [5311830904.0, [9975.25, 3327912, 106001424, 38704, 103508112, 971769656]] [1691868360, [1416, 1087878, 34713624, 87366, 7767768, 19803]] [308008274454.0, [4077.0, 191813655, 6138011769, 5340891, 6137123253, 191785179]] [1635651844.0, [480.25, 1027451, 32837664, 66851, 25504800, 754576]]
Arch_Param: [64, 8192, 4096, 4, 1024, 16]
SK_cost: [37976464625.333336, [2994342.5555555555, 11844705, 757567868, 845249, 612137660, 1200535073]] [4309317324.0, [333423.0, 1333359, 85328280, 86895, 85328280, 169873263]] [316116360, [26250, 104010, 6246800, 13130, 6246800, 13130]] [5737566960, [446500, 1782996, 113701904, 38684, 113701904, 210388252]] [2234449032, [175110, 696326, 44335128, 19654, 42754584, 85459014]] [309927821070.0, [23976942.0, 95907291, 6138011769, 5340891, 6138011769, 12275420379]] [14025128188.0, [1114576.0, 4373279, 278760800, 474631, 244870496, 392146960]]
Model_cost: [32361023686.0, [7544.75, 10506913, 668963196, 1706849, 49399997, 124322]] [4265225676.0, [29511.0, 1333359, 85328280, 86895, 77870232, 1216827]] [313599360.0, [31.25, 104010, 6246800, 13130, 6246800, 27210]] [5305240480.0, [9976.5, 1680596, 106001424, 38684, 103508112, 971600038]] [1689700808, [1416, 545990, 34713624, 87366, 7767768, 19803]] [307624648998.0, [4077.0, 95907291, 6138011769, 5340891, 6137123253, 95892675]] [1633611412.0, [480.25, 517791, 32837664, 66823, 25504800, 380560]]
Arch_Param: [64, 8192, 4096, 8, 256, 16]
SK_cost: [20481243154.666668, [1606836.7777777778, 25429668, 406835900, 451588, 334121660, 644503073]] [4325316300.0, [333423.0, 5333103, 85328280, 86895, 85328280, 169873263]] [317263320, [26250, 390430, 6246800, 13150, 6246800, 13130]] [5758863672, [446500, 7106374, 113701904, 38734, 113701904, 210388252]] [1121404040, [87558, 1386502, 22167576, 9830, 21389848, 42729542]] [311078697438.0, [23976942.0, 383626383, 6138011769, 5340891, 6138011769, 12275420379]] [11984643096.0, [938704.0, 14813302, 236846432, 329310, 222784864, 347975696]]
Model_cost: [17485499900.666664, [4068.527777777778, 22447780, 359125692, 913828, 49399997, 136610]] [4281224652.0, [29511.0, 5333103, 85328280, 86895, 77870232, 4866975]] [314746200.0, [30.0, 390430, 6246800, 13150, 6246800, 390410]] [5325062512.0, [9975.25, 6635334, 106001424, 38734, 103508112, 971968092]] [855870568, [711, 1085830, 17356824, 43686, 7767768, 19803]] [308775525366.0, [4077.0, 383626383, 6138011769, 5340891, 6137123253, 383570187]] [1429852512.0, [340.75, 1783542, 28515872, 45534, 25504800, 1502608]]
Arch_Param: [64, 8192, 4096, 8, 512, 16]
SK_cost: [20430384710.666668, [1606836.7777777778, 12715105, 406835900, 451585, 334121660, 644503073]] [4314650316.0, [333423.0, 2666607, 85328280, 86895, 85328280, 169873263]] [316481840, [26250, 195220, 6246800, 13140, 6246800, 13130]] [5744649024, [446500, 3553192, 113701904, 38704, 113701904, 210388252]] [1118635144, [87558, 694278, 22167576, 9830, 21389848, 42729542]] [310311446526.0, [23976942.0, 191813655, 6138011769, 5340891, 6138011769, 12275420379]] [11955012716.0, [938704.0, 7406651, 236846432, 329251, 222784864, 347975696]]
Model_cost: [17440605232.666664, [4068.527777777778, 11224161, 359125692, 913825, 49399997, 128418]] [4270558668.0, [29511.0, 2666607, 85328280, 86895, 77870232, 2433543]] [313964720.0, [30.0, 195220, 6246800, 13140, 6246800, 195210]] [5311830904.0, [9975.25, 3327912, 106001424, 38704, 103508112, 971769656]] [853703016, [711, 543942, 17356824, 43686, 7767768, 19803]] [308008274454.0, [4077.0, 191813655, 6138011769, 5340891, 6137123253, 191785179]] [1426281652.0, [340.75, 891771, 28515872, 45475, 25504800, 754576]]
Arch_Param: [64, 8192, 4096, 8, 1024, 16]
SK_cost: [20404968006.666668, [1606836.7777777778, 6360929, 406835900, 451585, 334121660, 644503073]] [4309317324.0, [333423.0, 1333359, 85328280, 86895, 85328280, 169873263]] [316116360, [26250, 104010, 6246800, 13130, 6246800, 13130]] [5737566960, [446500, 1782996, 113701904, 38684, 113701904, 210388252]] [1117250696, [87558, 348166, 22167576, 9830, 21389848, 42729542]] [309927821070.0, [23976942.0, 95907291, 6138011769, 5340891, 6138011769, 12275420379]] [11940223228.0, [938704.0, 3709727, 236846432, 329223, 222784864, 347975696]]
Model_cost: [17418264112.666664, [4068.527777777778, 5638881, 359125692, 913825, 49399997, 124322]] [4265225676.0, [29511.0, 1333359, 85328280, 86895, 77870232, 1216827]] [313599360.0, [31.25, 104010, 6246800, 13130, 6246800, 27210]] [5305240480.0, [9976.5, 1680596, 106001424, 38684, 103508112, 971600038]] [852619240, [711, 272998, 17356824, 43686, 7767768, 19803]] [307624648998.0, [4077.0, 95907291, 6138011769, 5340891, 6137123253, 95892675]] [1424504900.0, [340.75, 448031, 28515872, 45447, 25504800, 380560]]
Arch_Param: [64, 8192, 4096, 16, 256, 16]
SK_cost: [11665473554.666666, [913375.4444444445, 14471844, 231526076, 254884, 195168956, 366597665]] [4325316300.0, [333423.0, 5333103, 85328280, 86895, 85328280, 169873263]] [317263320, [26250, 390430, 6246800, 13150, 6246800, 13130]] [5758863672, [446500, 7106374, 113701904, 38734, 113701904, 210388252]] [560728200, [43782, 693254, 11083800, 4918, 10707480, 21364806]] [311078697438.0, [23976942.0, 383626383, 6138011769, 5340891, 6138011769, 12275420379]] [10938258456.0, [850768.0, 13498486, 215889248, 256606, 211742048, 325890064]]
Model_cost: [9987839388.666668, [2254.1944444444443, 12767908, 204263100, 517540, 49399997, 136610]] [4281224652.0, [29511.0, 5333103, 85328280, 86895, 77870232, 4866975]] [314746200.0, [30.0, 390430, 6246800, 13150, 6246800, 390410]] [5325062512.0, [9975.25, 6635334, 106001424, 38734, 103508112, 971968092]] [434671976.0, [359.0, 542918, 8678424, 5718, 7767768, 475483]] [308775525366.0, [4077.0, 383626383, 6138011769, 5340891, 6137123253, 383570187]] [1324830808.0, [274.0, 1647862, 26354976, 33822, 25504800, 1579792]]
Arch_Param: [64, 8192, 4096, 16, 512, 16]
SK_cost: [11636530758.666666, [913375.4444444445, 7236193, 231526076, 254881, 195168956, 366597665]] [4314650316.0, [333423.0, 2666607, 85328280, 86895, 85328280, 169873263]] [316481840, [26250, 195220, 6246800, 13140, 6246800, 13130]] [5744649024, [446500, 3553192, 113701904, 38704, 113701904, 210388252]] [559343752, [43782, 347142, 11083800, 4918, 10707480, 21364806]] [310311446526.0, [23976942.0, 191813655, 6138011769, 5340891, 6138011769, 12275420379]] [10911257708.0, [850768.0, 6749243, 215889248, 256547, 211742048, 325890064]]
Model_cost: [9962304464.666668, [2254.1944444444443, 6384225, 204263100, 517537, 49399997, 128418]] [4270558668.0, [29511.0, 2666607, 85328280, 86895, 77870232, 2433543]] [313964720.0, [30.0, 195220, 6246800, 13140, 6246800, 195210]] [5311830904.0, [9975.25, 3327912, 106001424, 38704, 103508112, 971769656]] [433588200.0, [359.0, 271974, 8678424, 5718, 7767768, 237915]] [308008274454.0, [4077.0, 191813655, 6138011769, 5340891, 6137123253, 191785179]] [1321531308.0, [274.0, 823931, 26354976, 33763, 25504800, 790800]]
Arch_Param: [64, 8192, 4096, 16, 1024, 16]
SK_cost: [11622065734.666666, [913375.4444444445, 3619937, 231526076, 254881, 195168956, 366597665]] [4309317324.0, [333423.0, 1333359, 85328280, 86895, 85328280, 169873263]] [316116360, [26250, 104010, 6246800, 13130, 6246800, 13130]] [5737566960, [446500, 1782996, 113701904, 38684, 113701904, 210388252]] [558651528, [43782, 174086, 11083800, 4918, 10707480, 21364806]] [309927821070.0, [23976942.0, 95907291, 6138011769, 5340891, 6138011769, 12275420379]] [10897770748.0, [850768.0, 3377951, 215889248, 256519, 211742048, 325890064]]
Model_cost: [9949590992.666668, [2254.1944444444443, 3205857, 204263100, 517537, 49399997, 124322]] [4265225676.0, [29511.0, 1333359, 85328280, 86895, 77870232, 1216827]] [313599360.0, [31.25, 104010, 6246800, 13130, 6246800, 27210]] [5305240480.0, [9976.5, 1680596, 106001424, 38684, 103508112, 971600038]] [433046312.0, [359.0, 136502, 8678424, 5718, 7767768, 119131]] [307624648998.0, [4077.0, 95907291, 6138011769, 5340891, 6137123253, 95892675]] [1319886396.0, [274.0, 413151, 26354976, 33735, 25504800, 396304]]
Arch_Param: [64, 8192, 4096, 32, 256, 16]
SK_cost: [5860556818.666667, [458100.77777777775, 7256228, 116083900, 128868, 103639740, 183539233]] [4325316300.0, [333423.0, 5333103, 85328280, 86895, 85328280, 169873263]] [317263320, [26250, 390430, 6246800, 13150, 6246800, 13130]] [5758863672, [446500, 7106374, 113701904, 38734, 113701904, 210388252]] [532646536, [41350, 657926, 10522648, 4126, 10347032, 20643910]] [311078697438.0, [23976942.0, 383626383, 6138011769, 5340891, 6138011769, 12275420379]] [10719433752.0, [830032.0, 13222006, 211505504, 228958, 209972576, 322351120]]
Model_cost: [5058908524.666666, [1155.0277777777778, 6404260, 102452412, 260388, 49399997, 136610]] [4281224652.0, [29511.0, 5333103, 85328280, 86895, 77870232, 4866975]] [314746200.0, [30.0, 390430, 6246800, 13150, 6246800, 390410]] [5325062512.0, [9975.25, 6635334, 106001424, 38734, 103508112, 971968092]] [408619432.0, [241.0, 509030, 8140312, 4526, 7767768, 475483]] [308775525366.0, [4077.0, 383626383, 6138011769, 5340891, 6137123253, 383570187]] [1298142088.0, [250.5, 1613302, 25807008, 29982, 25504800, 1579792]]
Arch_Param: [64, 8192, 4096, 32, 512, 16]
SK_cost: [5846045254.666667, [458100.77777777775, 3628385, 116083900, 128865, 103639740, 183539233]] [4314650316.0, [333423.0, 2666607, 85328280, 86895, 85328280, 169873263]] [316481840, [26250, 195220, 6246800, 13140, 6246800, 13130]] [5744649024, [446500, 3553192, 113701904, 38704, 113701904, 210388252]] [531331720, [41350, 329222, 10522648, 4126, 10347032, 20643910]] [310311446526.0, [23976942.0, 191813655, 6138011769, 5340891, 6138011769, 12275420379]] [10692985964.0, [830032.0, 6611003, 211505504, 228899, 209972576, 322351120]]
Model_cost: [5046100896.666666, [1155.0277777777778, 3202401, 102452412, 260385, 49399997, 128418]] [4270558668.0, [29511.0, 2666607, 85328280, 86895, 77870232, 2433543]] [313964720.0, [30.0, 195220, 6246800, 13140, 6246800, 195210]] [5311830904.0, [9975.25, 3327912, 106001424, 38704, 103508112, 971769656]] [407602408.0, [241.0, 254774, 8140312, 4526, 7767768, 237915]] [308008274454.0, [4077.0, 191813655, 6138011769, 5340891, 6137123253, 191785179]] [1294911708.0, [250.5, 806651, 25807008, 29923, 25504800, 790800]]
Arch_Param: [64, 8192, 4096, 32, 1024, 16]
SK_cost: [5838792774.666667, [458100.77777777775, 1815265, 116083900, 128865, 103639740, 183539233]] [4309317324.0, [333423.0, 1333359, 85328280, 86895, 85328280, 169873263]] [316116360, [26250, 104010, 6246800, 13130, 6246800, 13130]] [5737566960, [446500, 1782996, 113701904, 38684, 113701904, 210388252]] [530674312, [41350, 164870, 10522648, 4126, 10347032, 20643910]] [309927821070.0, [23976942.0, 95907291, 6138011769, 5340891, 6138011769, 12275420379]] [10679769340.0, [830032.0, 3307295, 211505504, 228871, 209972576, 322351120]]
Model_cost: [5039724960.666666, [1155.0277777777778, 1608417, 102452412, 260385, 49399997, 124322]] [4265225676.0, [29511.0, 1333359, 85328280, 86895, 77870232, 1216827]] [313599360.0, [31.25, 104010, 6246800, 13130, 6246800, 27210]] [5305240480.0, [9976.5, 1680596, 106001424, 38684, 103508112, 971600038]] [407093896.0, [241.0, 127646, 8140312, 4526, 7767768, 119131]] [307624648998.0, [4077.0, 95907291, 6138011769, 5340891, 6137123253, 95892675]] [1293299052.0, [250.5, 403935, 25807008, 29895, 25504800, 396304]]
Arch_Param: [64, 8192, 2048, 4, 256, 16]
SK_cost: [38401503272.0, [5942341.0, 47352356, 757567868, 845252, 612137660, 1200535073]] [4357314252.0, [666735.0, 5333103, 85328280, 86895, 85328280, 169873263]] [319751640, [52170, 390430, 6246800, 13150, 6246800, 13130]] [5801615160, [891828, 7106374, 113701904, 38734, 113701904, 210388252]] [2259565704, [350214, 2772998, 44335128, 19654, 42754584, 85459014]] [313380468606.0, [47953725.0, 383626383, 6138011769, 5340891, 6138011769, 12275420379]] [14182493496.0, [2209171.0, 17442934, 278760800, 474718, 244870496, 392146960]]
Model_cost: [32486960154.0, [14895.5, 41814564, 668963196, 1706852, 49399997, 136610]] [4284047052.0, [58911.0, 5333103, 85328280, 86895, 77870232, 4866975]] [314748120.0, [50.0, 390430, 6246800, 13150, 6246800, 390410]] [5326018216.0, [19930.5, 6635334, 106001424, 38734, 103508112, 971968092]] [1696338824, [2826, 2171654, 34713624, 87366, 7767768, 19803]] [308775901494.0, [7995.0, 383626383, 6138011769, 5340891, 6137123253, 383570187]] [1639810184.0, [946.5, 2054902, 32837664, 66910, 25504800, 1502608]]
Arch_Param: [64, 8192, 2048, 4, 512, 16]
SK_cost: [38306799452.0, [5942341.0, 23676449, 757567868, 845249, 612137660, 1200535073]] [4346648268.0, [666735.0, 2666607, 85328280, 86895, 85328280, 169873263]] [318970160, [52170, 195220, 6246800, 13140, 6246800, 13130]] [5787400512, [891828, 3553192, 113701904, 38704, 113701904, 210388252]] [2254027912, [350214, 1388550, 44335128, 19654, 42754584, 85459014]] [312613217694.0, [47953725.0, 191813655, 6138011769, 5340891, 6138011769, 12275420379]] [14147603852.0, [2209171.0, 8721467, 278760800, 474659, 244870496, 392146960]]
Model_cost: [32403331918.0, [14895.5, 20907553, 668963196, 1706849, 49399997, 128418]] [4273381068.0, [58911.0, 2666607, 85328280, 86895, 77870232, 2433543]] [313966640.0, [50.0, 195220, 6246800, 13140, 6246800, 195210]] [5312786608.0, [19930.5, 3327912, 106001424, 38704, 103508112, 971769656]] [1692003720, [2826, 1087878, 34713624, 87366, 7767768, 19803]] [308008650582.0, [7995.0, 191813655, 6138011769, 5340891, 6137123253, 191785179]] [1635696604.0, [946.5, 1027451, 32837664, 66851, 25504800, 754576]]
Arch_Param: [64, 8192, 2048, 4, 1024, 16]
SK_cost: [38259472476.0, [5942341.0, 11844705, 757567868, 845249, 612137660, 1200535073]] [4341315276.0, [666735.0, 1333359, 85328280, 86895, 85328280, 169873263]] [318604680, [52170, 104010, 6246800, 13130, 6246800, 13130]] [5780318448, [891828, 1782996, 113701904, 38684, 113701904, 210388252]] [2251259016, [350214, 696326, 44335128, 19654, 42754584, 85459014]] [312229592238.0, [47953725.0, 95907291, 6138011769, 5340891, 6138011769, 12275420379]] [14130209308.0, [2209171.0, 4373279, 278760800, 474631, 244870496, 392146960]]
Model_cost: [32361729358.0, [14895.5, 10506913, 668963196, 1706849, 49399997, 124322]] [4268048076.0, [58911.0, 1333359, 85328280, 86895, 77870232, 1216827]] [313601400.0, [52.5, 104010, 6246800, 13130, 6246800, 27210]] [5306196304.0, [19933.0, 1680596, 106001424, 38684, 103508112, 971600038]] [1689836168, [2826, 545990, 34713624, 87366, 7767768, 19803]] [307625025126.0, [7995.0, 95907291, 6138011769, 5340891, 6137123253, 95892675]] [1633656172.0, [946.5, 517791, 32837664, 66823, 25504800, 380560]]
Arch_Param: [64, 8192, 2048, 8, 256, 16]
SK_cost: [20633264168.0, [3190389.0, 25429668, 406835900, 451588, 334121660, 644503073]] [4357314252.0, [666735.0, 5333103, 85328280, 86895, 85328280, 169873263]] [319751640, [52170, 390430, 6246800, 13150, 6246800, 13130]] [5801615160, [891828, 7106374, 113701904, 38734, 113701904, 210388252]] [1129809032, [175110, 1386502, 22167576, 9830, 21389848, 42729542]] [313380468606.0, [47953725.0, 383626383, 6138011769, 5340891, 6138011769, 12275420379]] [12073725240.0, [1866643.0, 14813302, 236846432, 329310, 222784864, 347975696]]
Model_cost: [17485871898.0, [7943.5, 22447780, 359125692, 913828, 49399997, 136610]] [4284047052.0, [58911.0, 5333103, 85328280, 86895, 77870232, 4866975]] [314748120.0, [50.0, 390430, 6246800, 13150, 6246800, 390410]] [5326018216.0, [19930.5, 6635334, 106001424, 38734, 103508112, 971968092]] [855938248, [1416, 1085830, 17356824, 43686, 7767768, 19803]] [308775901494.0, [7995.0, 383626383, 6138011769, 5340891, 6137123253, 383570187]] [1429883880.0, [667.5, 1783542, 28515872, 45534, 25504800, 1502608]]
Arch_Param: [64, 8192, 2048, 8, 512, 16]
SK_cost: [20582405724.0, [3190389.0, 12715105, 406835900, 451585, 334121660, 644503073]] [4346648268.0, [666735.0, 2666607, 85328280, 86895, 85328280, 169873263]] [318970160, [52170, 195220, 6246800, 13140, 6246800, 13130]] [5787400512, [891828, 3553192, 113701904, 38704, 113701904, 210388252]] [1127040136, [175110, 694278, 22167576, 9830, 21389848, 42729542]] [312613217694.0, [47953725.0, 191813655, 6138011769, 5340891, 6138011769, 12275420379]] [12044094860.0, [1866643.0, 7406651, 236846432, 329251, 222784864, 347975696]]
Model_cost: [17440977230.0, [7943.5, 11224161, 359125692, 913825, 49399997, 128418]] [4273381068.0, [58911.0, 2666607, 85328280, 86895, 77870232, 2433543]] [313966640.0, [50.0, 195220, 6246800, 13140, 6246800, 195210]] [5312786608.0, [19930.5, 3327912, 106001424, 38704, 103508112, 971769656]] [853770696, [1416, 543942, 17356824, 43686, 7767768, 19803]] [308008650582.0, [7995.0, 191813655, 6138011769, 5340891, 6137123253, 191785179]] [1426313020.0, [667.5, 891771, 28515872, 45475, 25504800, 754576]]
Arch_Param: [64, 8192, 2048, 8, 1024, 16]
SK_cost: [20556989020.0, [3190389.0, 6360929, 406835900, 451585, 334121660, 644503073]] [4341315276.0, [666735.0, 1333359, 85328280, 86895, 85328280, 169873263]] [318604680, [52170, 104010, 6246800, 13130, 6246800, 13130]] [5780318448, [891828, 1782996, 113701904, 38684, 113701904, 210388252]] [1125655688, [175110, 348166, 22167576, 9830, 21389848, 42729542]] [312229592238.0, [47953725.0, 95907291, 6138011769, 5340891, 6138011769, 12275420379]] [12029305372.0, [1866643.0, 3709727, 236846432, 329223, 222784864, 347975696]]
Model_cost: [17418636110.0, [7943.5, 5638881, 359125692, 913825, 49399997, 124322]] [4268048076.0, [58911.0, 1333359, 85328280, 86895, 77870232, 1216827]] [313601400.0, [52.5, 104010, 6246800, 13130, 6246800, 27210]] [5306196304.0, [19933.0, 1680596, 106001424, 38684, 103508112, 971600038]] [852686920, [1416, 272998, 17356824, 43686, 7767768, 19803]] [307625025126.0, [7995.0, 95907291, 6138011769, 5340891, 6137123253, 95892675]] [1424536268.0, [667.5, 448031, 28515872, 45447, 25504800, 380560]]
Arch_Param: [64, 8192, 2048, 16, 256, 16]
SK_cost: [11752020008.0, [1814901.0, 14471844, 231526076, 254884, 195168956, 366597665]] [4357314252.0, [666735.0, 5333103, 85328280, 86895, 85328280, 169873263]] [319751640, [52170, 390430, 6246800, 13150, 6246800, 13130]] [5801615160, [891828, 7106374, 113701904, 38734, 113701904, 210388252]] [564930696, [87558, 693254, 11083800, 4918, 10707480, 21364806]] [313380468606.0, [47953725.0, 383626383, 6138011769, 5340891, 6138011769, 12275420379]] [11019341112.0, [1695379.0, 13498486, 215889248, 256606, 211742048, 325890064]]
Model_cost: [9988052250.0, [4471.5, 12767908, 204263100, 517540, 49399997, 136610]] [4284047052.0, [58911.0, 5333103, 85328280, 86895, 77870232, 4866975]] [314748120.0, [50.0, 390430, 6246800, 13150, 6246800, 390410]] [5326018216.0, [19930.5, 6635334, 106001424, 38734, 103508112, 971968092]] [434705768.0, [711.0, 542918, 8678424, 5718, 7767768, 475483]] [308775901494.0, [7995.0, 383626383, 6138011769, 5340891, 6137123253, 383570187]] [1324855192.0, [528.0, 1647862, 26354976, 33822, 25504800, 1579792]]
Arch_Param: [64, 8192, 2048, 16, 512, 16]
SK_cost: [11723077212.0, [1814901.0, 7236193, 231526076, 254881, 195168956, 366597665]] [4346648268.0, [666735.0, 2666607, 85328280, 86895, 85328280, 169873263]] [318970160, [52170, 195220, 6246800, 13140, 6246800, 13130]] [5787400512, [891828, 3553192, 113701904, 38704, 113701904, 210388252]] [563546248, [87558, 347142, 11083800, 4918, 10707480, 21364806]] [312613217694.0, [47953725.0, 191813655, 6138011769, 5340891, 6138011769, 12275420379]] [10992340364.0, [1695379.0, 6749243, 215889248, 256547, 211742048, 325890064]]
Model_cost: [9962517326.0, [4471.5, 6384225, 204263100, 517537, 49399997, 128418]] [4273381068.0, [58911.0, 2666607, 85328280, 86895, 77870232, 2433543]] [313966640.0, [50.0, 195220, 6246800, 13140, 6246800, 195210]] [5312786608.0, [19930.5, 3327912, 106001424, 38704, 103508112, 971769656]] [433621992.0, [711.0, 271974, 8678424, 5718, 7767768, 237915]] [308008650582.0, [7995.0, 191813655, 6138011769, 5340891, 6137123253, 191785179]] [1321555692.0, [528.0, 823931, 26354976, 33763, 25504800, 790800]]
Arch_Param: [64, 8192, 2048, 16, 1024, 16]
SK_cost: [11708612188.0, [1814901.0, 3619937, 231526076, 254881, 195168956, 366597665]] [4341315276.0, [666735.0, 1333359, 85328280, 86895, 85328280, 169873263]] [318604680, [52170, 104010, 6246800, 13130, 6246800, 13130]] [5780318448, [891828, 1782996, 113701904, 38684, 113701904, 210388252]] [562854024, [87558, 174086, 11083800, 4918, 10707480, 21364806]] [312229592238.0, [47953725.0, 95907291, 6138011769, 5340891, 6138011769, 12275420379]] [10978853404.0, [1695379.0, 3377951, 215889248, 256519, 211742048, 325890064]]
Model_cost: [9949803854.0, [4471.5, 3205857, 204263100, 517537, 49399997, 124322]] [4268048076.0, [58911.0, 1333359, 85328280, 86895, 77870232, 1216827]] [313601400.0, [52.5, 104010, 6246800, 13130, 6246800, 27210]] [5306196304.0, [19933.0, 1680596, 106001424, 38684, 103508112, 971600038]] [433080104.0, [711.0, 136502, 8678424, 5718, 7767768, 119131]] [307625025126.0, [7995.0, 95907291, 6138011769, 5340891, 6137123253, 95892675]] [1319910780.0, [528.0, 413151, 26354976, 33735, 25504800, 396304]]
Arch_Param: [64, 8192, 2048, 32, 256, 16]
SK_cost: [5903945768.0, [910069.0, 7256228, 116083900, 128868, 103639740, 183539233]] [4357314252.0, [666735.0, 5333103, 85328280, 86895, 85328280, 169873263]] [319751640, [52170, 390430, 6246800, 13150, 6246800, 13130]] [5801615160, [891828, 7106374, 113701904, 38734, 113701904, 210388252]] [536615560, [82694, 657926, 10522648, 4126, 10347032, 20643910]] [313380468606.0, [47953725.0, 383626383, 6138011769, 5340891, 6138011769, 12275420379]] [10798820664.0, [1656979.0, 13222006, 211505504, 228958, 209972576, 322351120]]
Model_cost: [5059015898.0, [2273.5, 6404260, 102452412, 260388, 49399997, 136610]] [4284047052.0, [58911.0, 5333103, 85328280, 86895, 77870232, 4866975]] [314748120.0, [50.0, 390430, 6246800, 13150, 6246800, 390410]] [5326018216.0, [19930.5, 6635334, 106001424, 38734, 103508112, 971968092]] [408641896.0, [475.0, 509030, 8140312, 4526, 7767768, 475483]] [308775901494.0, [7995.0, 383626383, 6138011769, 5340891, 6137123253, 383570187]] [1298164216.0, [481.0, 1613302, 25807008, 29982, 25504800, 1579792]]
Arch_Param: [64, 8192, 2048, 32, 512, 16]
SK_cost: [5889434204.0, [910069.0, 3628385, 116083900, 128865, 103639740, 183539233]] [4346648268.0, [666735.0, 2666607, 85328280, 86895, 85328280, 169873263]] [318970160, [52170, 195220, 6246800, 13140, 6246800, 13130]] [5787400512, [891828, 3553192, 113701904, 38704, 113701904, 210388252]] [535300744, [82694, 329222, 10522648, 4126, 10347032, 20643910]] [312613217694.0, [47953725.0, 191813655, 6138011769, 5340891, 6138011769, 12275420379]] [10772372876.0, [1656979.0, 6611003, 211505504, 228899, 209972576, 322351120]]
Model_cost: [5046208270.0, [2273.5, 3202401, 102452412, 260385, 49399997, 128418]] [4273381068.0, [58911.0, 2666607, 85328280, 86895, 77870232, 2433543]] [313966640.0, [50.0, 195220, 6246800, 13140, 6246800, 195210]] [5312786608.0, [19930.5, 3327912, 106001424, 38704, 103508112, 971769656]] [407624872.0, [475.0, 254774, 8140312, 4526, 7767768, 237915]] [308008650582.0, [7995.0, 191813655, 6138011769, 5340891, 6137123253, 191785179]] [1294933836.0, [481.0, 806651, 25807008, 29923, 25504800, 790800]]
Arch_Param: [64, 8192, 2048, 32, 1024, 16]
SK_cost: [5882181724.0, [910069.0, 1815265, 116083900, 128865, 103639740, 183539233]] [4341315276.0, [666735.0, 1333359, 85328280, 86895, 85328280, 169873263]] [318604680, [52170, 104010, 6246800, 13130, 6246800, 13130]] [5780318448, [891828, 1782996, 113701904, 38684, 113701904, 210388252]] [534643336, [82694, 164870, 10522648, 4126, 10347032, 20643910]] [312229592238.0, [47953725.0, 95907291, 6138011769, 5340891, 6138011769, 12275420379]] [10759156252.0, [1656979.0, 3307295, 211505504, 228871, 209972576, 322351120]]
Model_cost: [5039832334.0, [2273.5, 1608417, 102452412, 260385, 49399997, 124322]] [4268048076.0, [58911.0, 1333359, 85328280, 86895, 77870232, 1216827]] [313601400.0, [52.5, 104010, 6246800, 13130, 6246800, 27210]] [5306196304.0, [19933.0, 1680596, 106001424, 38684, 103508112, 971600038]] [407116360.0, [475.0, 127646, 8140312, 4526, 7767768, 119131]] [307625025126.0, [7995.0, 95907291, 6138011769, 5340891, 6137123253, 95892675]] [1293321180.0, [481.0, 403935, 25807008, 29895, 25504800, 396304]]
Arch_Param: [64, 8192, 1024, 4, 256, 16]
SK_cost: [38967485864.0, [11837993.0, 47352356, 757567868, 845252, 612137660, 1200535073]] [4421310156.0, [1333359.0, 5333103, 85328280, 86895, 85328280, 169873263]] [324728280, [104010, 390430, 6246800, 13150, 6246800, 13130]] [5887167288, [1782996, 7106374, 113701904, 38734, 113701904, 210388252]] [2292792456, [696326, 2772998, 44335128, 19654, 42754584, 85459014]] [317984010942.0, [95907291.0, 383626383, 6138011769, 5340891, 6138011769, 12275420379]] [14390247864.0, [4373279.0, 17442934, 278760800, 474718, 244870496, 392146960]]
Model_cost: [32488385994.0, [29748.0, 41814564, 668963196, 1706852, 49399997, 136610]] [4289691852.0, [117711.0, 5333103, 85328280, 86895, 77870232, 4866975]] [314751960.0, [90.0, 390430, 6246800, 13150, 6246800, 390410]] [5327928664.0, [39831.0, 6635334, 106001424, 38734, 103508112, 971968092]] [1696609544, [5646, 2171654, 34713624, 87366, 7767768, 19803]] [308776653750.0, [15831.0, 383626383, 6138011769, 5340891, 6137123253, 383570187]] [1639899704.0, [1879.0, 2054902, 32837664, 66910, 25504800, 1502608]]
Arch_Param: [64, 8192, 1024, 4, 512, 16]
SK_cost: [38872782044.0, [11837993.0, 23676449, 757567868, 845249, 612137660, 1200535073]] [4410644172.0, [1333359.0, 2666607, 85328280, 86895, 85328280, 169873263]] [323946800, [104010, 195220, 6246800, 13140, 6246800, 13130]] [5872952640, [1782996, 3553192, 113701904, 38704, 113701904, 210388252]] [2287254664, [696326, 1388550, 44335128, 19654, 42754584, 85459014]] [317216760030.0, [95907291.0, 191813655, 6138011769, 5340891, 6138011769, 12275420379]] [14355358220.0, [4373279.0, 8721467, 278760800, 474659, 244870496, 392146960]]
Model_cost: [32404757758.0, [29748.0, 20907553, 668963196, 1706849, 49399997, 128418]] [4279025868.0, [117711.0, 2666607, 85328280, 86895, 77870232, 2433543]] [313970480.0, [90.0, 195220, 6246800, 13140, 6246800, 195210]] [5314697056.0, [39831.0, 3327912, 106001424, 38704, 103508112, 971769656]] [1692274440, [5646, 1087878, 34713624, 87366, 7767768, 19803]] [308009402838.0, [15831.0, 191813655, 6138011769, 5340891, 6137123253, 191785179]] [1635786124.0, [1879.0, 1027451, 32837664, 66851, 25504800, 754576]]
Arch_Param: [64, 8192, 1024, 4, 1024, 16]
SK_cost: [38825455068.0, [11837993.0, 11844705, 757567868, 845249, 612137660, 1200535073]] [4405311180.0, [1333359.0, 1333359, 85328280, 86895, 85328280, 169873263]] [323581320, [104010, 104010, 6246800, 13130, 6246800, 13130]] [5865870576, [1782996, 1782996, 113701904, 38684, 113701904, 210388252]] [2284485768, [696326, 696326, 44335128, 19654, 42754584, 85459014]] [316833134574.0, [95907291.0, 95907291, 6138011769, 5340891, 6138011769, 12275420379]] [14337963676.0, [4373279.0, 4373279, 278760800, 474631, 244870496, 392146960]]
Model_cost: [32363155198.0, [29748.0, 10506913, 668963196, 1706849, 49399997, 124322]] [4273692876.0, [117711.0, 1333359, 85328280, 86895, 77870232, 1216827]] [313605480.0, [95.0, 104010, 6246800, 13130, 6246800, 27210]] [5308106992.0, [39836.0, 1680596, 106001424, 38684, 103508112, 971600038]] [1690106888, [5646, 545990, 34713624, 87366, 7767768, 19803]] [307625777382.0, [15831.0, 95907291, 6138011769, 5340891, 6137123253, 95892675]] [1633745692.0, [1879.0, 517791, 32837664, 66823, 25504800, 380560]]
Arch_Param: [64, 8192, 1024, 8, 256, 16]
SK_cost: [20937289640.0, [6357321.0, 25429668, 406835900, 451588, 334121660, 644503073]] [4421310156.0, [1333359.0, 5333103, 85328280, 86895, 85328280, 169873263]] [324728280, [104010, 390430, 6246800, 13150, 6246800, 13130]] [5887167288, [1782996, 7106374, 113701904, 38734, 113701904, 210388252]] [1146422408, [348166, 1386502, 22167576, 9830, 21389848, 42729542]] [317984010942.0, [95907291.0, 383626383, 6138011769, 5340891, 6138011769, 12275420379]] [12250661304.0, [3709727.0, 14813302, 236846432, 329310, 222784864, 347975696]]
Model_cost: [17486630250.0, [15843.0, 22447780, 359125692, 913828, 49399997, 136610]] [4289691852.0, [117711.0, 5333103, 85328280, 86895, 77870232, 4866975]] [314751960.0, [90.0, 390430, 6246800, 13150, 6246800, 390410]] [5327928664.0, [39831.0, 6635334, 106001424, 38734, 103508112, 971968092]] [856073608, [2826, 1085830, 17356824, 43686, 7767768, 19803]] [308776653750.0, [15831.0, 383626383, 6138011769, 5340891, 6137123253, 383570187]] [1429947288.0, [1328.0, 1783542, 28515872, 45534, 25504800, 1502608]]
Arch_Param: [64, 8192, 1024, 8, 512, 16]
SK_cost: [20886431196.0, [6357321.0, 12715105, 406835900, 451585, 334121660, 644503073]] [4410644172.0, [1333359.0, 2666607, 85328280, 86895, 85328280, 169873263]] [323946800, [104010, 195220, 6246800, 13140, 6246800, 13130]] [5872952640, [1782996, 3553192, 113701904, 38704, 113701904, 210388252]] [1143653512, [348166, 694278, 22167576, 9830, 21389848, 42729542]] [317216760030.0, [95907291.0, 191813655, 6138011769, 5340891, 6138011769, 12275420379]] [12221030924.0, [3709727.0, 7406651, 236846432, 329251, 222784864, 347975696]]
Model_cost: [17441735582.0, [15843.0, 11224161, 359125692, 913825, 49399997, 128418]] [4279025868.0, [117711.0, 2666607, 85328280, 86895, 77870232, 2433543]] [313970480.0, [90.0, 195220, 6246800, 13140, 6246800, 195210]] [5314697056.0, [39831.0, 3327912, 106001424, 38704, 103508112, 971769656]] [853906056, [2826, 543942, 17356824, 43686, 7767768, 19803]] [308009402838.0, [15831.0, 191813655, 6138011769, 5340891, 6137123253, 191785179]] [1426376428.0, [1328.0, 891771, 28515872, 45475, 25504800, 754576]]
Arch_Param: [64, 8192, 1024, 8, 1024, 16]
SK_cost: [20861014492.0, [6357321.0, 6360929, 406835900, 451585, 334121660, 644503073]] [4405311180.0, [1333359.0, 1333359, 85328280, 86895, 85328280, 169873263]] [323581320, [104010, 104010, 6246800, 13130, 6246800, 13130]] [5865870576, [1782996, 1782996, 113701904, 38684, 113701904, 210388252]] [1142269064, [348166, 348166, 22167576, 9830, 21389848, 42729542]] [316833134574.0, [95907291.0, 95907291, 6138011769, 5340891, 6138011769, 12275420379]] [12206241436.0, [3709727.0, 3709727, 236846432, 329223, 222784864, 347975696]]
Model_cost: [17419394462.0, [15843.0, 5638881, 359125692, 913825, 49399997, 124322]] [4273692876.0, [117711.0, 1333359, 85328280, 86895, 77870232, 1216827]] [313605480.0, [95.0, 104010, 6246800, 13130, 6246800, 27210]] [5308106992.0, [39836.0, 1680596, 106001424, 38684, 103508112, 971600038]] [852822280, [2826, 272998, 17356824, 43686, 7767768, 19803]] [307625777382.0, [15831.0, 95907291, 6138011769, 5340891, 6137123253, 95892675]] [1424599676.0, [1328.0, 448031, 28515872, 45447, 25504800, 380560]]
Arch_Param: [64, 8192, 1024, 16, 256, 16]
SK_cost: [11925104552.0, [3617865.0, 14471844, 231526076, 254884, 195168956, 366597665]] [4421310156.0, [1333359.0, 5333103, 85328280, 86895, 85328280, 169873263]] [324728280, [104010, 390430, 6246800, 13150, 6246800, 13130]] [5887167288, [1782996, 7106374, 113701904, 38734, 113701904, 210388252]] [573237384, [174086, 693254, 11083800, 4918, 10707480, 21364806]] [317984010942.0, [95907291.0, 383626383, 6138011769, 5340891, 6138011769, 12275420379]] [11180868024.0, [3377951.0, 13498486, 215889248, 256606, 211742048, 325890064]]
Model_cost: [9988477290.0, [8899.0, 12767908, 204263100, 517540, 49399997, 136610]] [4289691852.0, [117711.0, 5333103, 85328280, 86895, 77870232, 4866975]] [314751960.0, [90.0, 390430, 6246800, 13150, 6246800, 390410]] [5327928664.0, [39831.0, 6635334, 106001424, 38734, 103508112, 971968092]] [434773448.0, [1416.0, 542918, 8678424, 5718, 7767768, 475483]] [308776653750.0, [15831.0, 383626383, 6138011769, 5340891, 6137123253, 383570187]] [1324905208.0, [1049.0, 1647862, 26354976, 33822, 25504800, 1579792]]
Arch_Param: [64, 8192, 1024, 16, 512, 16]
SK_cost: [11896161756.0, [3617865.0, 7236193, 231526076, 254881, 195168956, 366597665]] [4410644172.0, [1333359.0, 2666607, 85328280, 86895, 85328280, 169873263]] [323946800, [104010, 195220, 6246800, 13140, 6246800, 13130]] [5872952640, [1782996, 3553192, 113701904, 38704, 113701904, 210388252]] [571852936, [174086, 347142, 11083800, 4918, 10707480, 21364806]] [317216760030.0, [95907291.0, 191813655, 6138011769, 5340891, 6138011769, 12275420379]] [11153867276.0, [3377951.0, 6749243, 215889248, 256547, 211742048, 325890064]]
Model_cost: [9962942366.0, [8899.0, 6384225, 204263100, 517537, 49399997, 128418]] [4279025868.0, [117711.0, 2666607, 85328280, 86895, 77870232, 2433543]] [313970480.0, [90.0, 195220, 6246800, 13140, 6246800, 195210]] [5314697056.0, [39831.0, 3327912, 106001424, 38704, 103508112, 971769656]] [433689672.0, [1416.0, 271974, 8678424, 5718, 7767768, 237915]] [308009402838.0, [15831.0, 191813655, 6138011769, 5340891, 6137123253, 191785179]] [1321605708.0, [1049.0, 823931, 26354976, 33763, 25504800, 790800]]
Arch_Param: [64, 8192, 1024, 16, 1024, 16]
SK_cost: [11881696732.0, [3617865.0, 3619937, 231526076, 254881, 195168956, 366597665]] [4405311180.0, [1333359.0, 1333359, 85328280, 86895, 85328280, 169873263]] [323581320, [104010, 104010, 6246800, 13130, 6246800, 13130]] [5865870576, [1782996, 1782996, 113701904, 38684, 113701904, 210388252]] [571160712, [174086, 174086, 11083800, 4918, 10707480, 21364806]] [316833134574.0, [95907291.0, 95907291, 6138011769, 5340891, 6138011769, 12275420379]] [11140380316.0, [3377951.0, 3377951, 215889248, 256519, 211742048, 325890064]]
Model_cost: [9950228894.0, [8899.0, 3205857, 204263100, 517537, 49399997, 124322]] [4273692876.0, [117711.0, 1333359, 85328280, 86895, 77870232, 1216827]] [313605480.0, [95.0, 104010, 6246800, 13130, 6246800, 27210]] [5308106992.0, [39836.0, 1680596, 106001424, 38684, 103508112, 971600038]] [433147784.0, [1416.0, 136502, 8678424, 5718, 7767768, 119131]] [307625777382.0, [15831.0, 95907291, 6138011769, 5340891, 6137123253, 95892675]] [1319960796.0, [1049.0, 413151, 26354976, 33735, 25504800, 396304]]
Arch_Param: [64, 8192, 1024, 32, 256, 16]
SK_cost: [5990719400.0, [1813961.0, 7256228, 116083900, 128868, 103639740, 183539233]] [4421310156.0, [1333359.0, 5333103, 85328280, 86895, 85328280, 169873263]] [324728280, [104010, 390430, 6246800, 13150, 6246800, 13130]] [5887167288, [1782996, 7106374, 113701904, 38734, 113701904, 210388252]] [544504456, [164870, 657926, 10522648, 4126, 10347032, 20643910]] [317984010942.0, [95907291.0, 383626383, 6138011769, 5340891, 6138011769, 12275420379]] [10957251000.0, [3307295.0, 13222006, 211505504, 228958, 209972576, 322351120]]
Model_cost: [5059230506.0, [4509.0, 6404260, 102452412, 260388, 49399997, 136610]] [4289691852.0, [117711.0, 5333103, 85328280, 86895, 77870232, 4866975]] [314751960.0, [90.0, 390430, 6246800, 13150, 6246800, 390410]] [5327928664.0, [39831.0, 6635334, 106001424, 38734, 103508112, 971968092]] [408686824.0, [943.0, 509030, 8140312, 4526, 7767768, 475483]] [308776653750.0, [15831.0, 383626383, 6138011769, 5340891, 6137123253, 383570187]] [1298209048.0, [948.0, 1613302, 25807008, 29982, 25504800, 1579792]]
Arch_Param: [64, 8192, 1024, 32, 512, 16]
SK_cost: [5976207836.0, [1813961.0, 3628385, 116083900, 128865, 103639740, 183539233]] [4410644172.0, [1333359.0, 2666607, 85328280, 86895, 85328280, 169873263]] [323946800, [104010, 195220, 6246800, 13140, 6246800, 13130]] [5872952640, [1782996, 3553192, 113701904, 38704, 113701904, 210388252]] [543189640, [164870, 329222, 10522648, 4126, 10347032, 20643910]] [317216760030.0, [95907291.0, 191813655, 6138011769, 5340891, 6138011769, 12275420379]] [10930803212.0, [3307295.0, 6611003, 211505504, 228899, 209972576, 322351120]]
Model_cost: [5046422878.0, [4509.0, 3202401, 102452412, 260385, 49399997, 128418]] [4279025868.0, [117711.0, 2666607, 85328280, 86895, 77870232, 2433543]] [313970480.0, [90.0, 195220, 6246800, 13140, 6246800, 195210]] [5314697056.0, [39831.0, 3327912, 106001424, 38704, 103508112, 971769656]] [407669800.0, [943.0, 254774, 8140312, 4526, 7767768, 237915]] [308009402838.0, [15831.0, 191813655, 6138011769, 5340891, 6137123253, 191785179]] [1294978668.0, [948.0, 806651, 25807008, 29923, 25504800, 790800]]
Arch_Param: [64, 8192, 1024, 32, 1024, 16]
SK_cost: [5968955356.0, [1813961.0, 1815265, 116083900, 128865, 103639740, 183539233]] [4405311180.0, [1333359.0, 1333359, 85328280, 86895, 85328280, 169873263]] [323581320, [104010, 104010, 6246800, 13130, 6246800, 13130]] [5865870576, [1782996, 1782996, 113701904, 38684, 113701904, 210388252]] [542532232, [164870, 164870, 10522648, 4126, 10347032, 20643910]] [316833134574.0, [95907291.0, 95907291, 6138011769, 5340891, 6138011769, 12275420379]] [10917586588.0, [3307295.0, 3307295, 211505504, 228871, 209972576, 322351120]]
Model_cost: [5040046942.0, [4509.0, 1608417, 102452412, 260385, 49399997, 124322]] [4273692876.0, [117711.0, 1333359, 85328280, 86895, 77870232, 1216827]] [313605480.0, [95.0, 104010, 6246800, 13130, 6246800, 27210]] [5308106992.0, [39836.0, 1680596, 106001424, 38684, 103508112, 971600038]] [407161288.0, [943.0, 127646, 8140312, 4526, 7767768, 119131]] [307625777382.0, [15831.0, 95907291, 6138011769, 5340891, 6137123253, 95892675]] [1293366012.0, [948.0, 403935, 25807008, 29895, 25504800, 396304]]
